Map,Street,City,LatLong,Phone
"<img class=""store-details__map-image"" src=""https://maps.googleapis.com/maps/api/staticmap?center=Dollar+General%2C225+Main+St+W%2CAbbeville+GA+31001-4211&amp;zoom=15&amp;size=730x600&amp;markers=icon%3Ahttps%3A%2F%2Fwww.dollargeneral.com%2Fetc.clientlibs%2Fdollargeneral%2Fclientlibs%2Fclientlib-site%2Fresources%2Fimages%2Fstatic-map-pin.png%7C31.992748%2C-83.308734&amp;key=AIzaSyDi0nb6nKeHaDJWFtAvbAIPKBrUuAc_mTY&amp;signature=YnYxI15SYBdVUMl0J2KcXhXaXJA="" alt=""Google map showing the dropped pin on Dollar General,225 Main St W,Abbeville GA 31001-4211"">",225 Main St W,"Abbeville, GA 31001-4211","<div class=""store-details__main-travel"" data-latitude=""31.992748"" data-longitude=""-83.308734"" style=""display: none;"">
        <div class=""store-details__main-distance""></div>
        <a class=""store-details__main-directions"" href=""javascript:void(0);"" target=""_blank""></a>
    </div>",(478) 285-8580
"<img class=""store-details__map-image"" src=""https://maps.googleapis.com/maps/api/staticmap?center=Dollar+General%2C5747+Bells+Ferry+Rd%2CAcworth+GA+30102-1903&amp;zoom=15&amp;size=730x600&amp;markers=icon%3Ahttps%3A%2F%2Fwww.dollargeneral.com%2Fetc.clientlibs%2Fdollargeneral%2Fclientlibs%2Fclientlib-site%2Fresources%2Fimages%2Fstatic-map-pin.png%7C34.090957%2C-84.581175&amp;key=AIzaSyDi0nb6nKeHaDJWFtAvbAIPKBrUuAc_mTY&amp;signature=OXx-w-RvtxE-3eZYwckKHNDM1R0="" alt=""Google map showing the dropped pin on Dollar General,5747 Bells Ferry Rd,Acworth GA 30102-1903"">",5747 Bells Ferry Rd,"Acworth, GA 30102-1903","<div class=""store-details__main-travel"" data-latitude=""34.090957"" data-longitude=""-84.581175"">
        <div class=""store-details__main-distance""></div>
        <a class=""store-details__main-directions"" href=""javascript:void(0);"" target=""_blank""></a>
    </div>",(470) 531-0082
"<img class=""store-details__map-image"" src=""https://maps.googleapis.com/maps/api/staticmap?center=Dollar+General%2C4961+Regions+Dr+Nw%2CAcworth+GA+30101-6665&amp;zoom=15&amp;size=730x600&amp;markers=icon%3Ahttps%3A%2F%2Fwww.dollargeneral.com%2Fetc.clientlibs%2Fdollargeneral%2Fclientlibs%2Fclientlib-site%2Fresources%2Fimages%2Fstatic-map-pin.png%7C34.07648%2C-84.648049&amp;key=AIzaSyDi0nb6nKeHaDJWFtAvbAIPKBrUuAc_mTY&amp;signature=DY6EFTdVaaRXB7JDYlfo12svZZ8="" alt=""Google map showing the dropped pin on Dollar General,4961 Regions Dr Nw,Acworth GA 30101-6665"">",4961 Regions Dr Nw,"Acworth, GA 30101-6665","<div class=""store-details__main-travel"" data-latitude=""34.07648"" data-longitude=""-84.648049"">
        <div class=""store-details__main-distance""></div>
        <a class=""store-details__main-directions"" href=""javascript:void(0);"" target=""_blank""></a>
    </div>",(470) 531-0035
"<img class=""store-details__map-image"" src=""https://maps.googleapis.com/maps/api/staticmap?center=Dollar+General%2C5650+Third+Army+Rd%2CAcworth+GA+30101-3205&amp;zoom=15&amp;size=730x600&amp;markers=icon%3Ahttps%3A%2F%2Fwww.dollargeneral.com%2Fetc.clientlibs%2Fdollargeneral%2Fclientlibs%2Fclientlib-site%2Fresources%2Fimages%2Fstatic-map-pin.png%7C34.0853%2C-84.7221&amp;key=AIzaSyDi0nb6nKeHaDJWFtAvbAIPKBrUuAc_mTY&amp;signature=ZoJ-4707GGvcpHTvt1dOlMXcilg="" alt=""Google map showing the dropped pin on Dollar General,5650 Third Army Rd,Acworth GA 30101-3205"">",5650 Third Army Rd,"Acworth, GA 30101-3205","<div class=""store-details__main-travel"" data-latitude=""34.0853"" data-longitude=""-84.7221"">
        <div class=""store-details__main-distance""></div>
        <a class=""store-details__main-directions"" href=""javascript:void(0);"" target=""_blank""></a>
    </div>",(470) 632-2464
"<img class=""store-details__map-image"" src=""https://maps.googleapis.com/maps/api/staticmap?center=Dollar+General%2C5071+Lake+Acworth+Dr%2CAcworth+GA+30101&amp;zoom=15&amp;size=730x600&amp;markers=icon%3Ahttps%3A%2F%2Fwww.dollargeneral.com%2Fetc.clientlibs%2Fdollargeneral%2Fclientlibs%2Fclientlib-site%2Fresources%2Fimages%2Fstatic-map-pin.png%7C34.07436%2C-84.67838&amp;key=AIzaSyDi0nb6nKeHaDJWFtAvbAIPKBrUuAc_mTY&amp;signature=sLrY4NgClq6UWth92x1IbsuB9UQ="" alt=""Google map showing the dropped pin on Dollar General,5071 Lake Acworth Dr,Acworth GA 30101"">",5071 Lake Acworth Dr,"Acworth, GA 30101","<div class=""store-details__main-travel"" data-latitude=""34.07436"" data-longitude=""-84.67838"">
        <div class=""store-details__main-distance""></div>
        <a class=""store-details__main-directions"" href=""javascript:void(0);"" target=""_blank""></a>
    </div>",(470) 524-0315
"<img class=""store-details__map-image"" src=""https://maps.googleapis.com/maps/api/staticmap?center=Dollar+General%2C4494+New+Hope+Church+Rd+S%2CAcworth+GA+30102-2733&amp;zoom=15&amp;size=730x600&amp;markers=icon%3Ahttps%3A%2F%2Fwww.dollargeneral.com%2Fetc.clientlibs%2Fdollargeneral%2Fclientlibs%2Fclientlib-site%2Fresources%2Fimages%2Fstatic-map-pin.png%7C34.117566%2C-84.679394&amp;key=AIzaSyDi0nb6nKeHaDJWFtAvbAIPKBrUuAc_mTY&amp;signature=qDhDBVPmErp0bZ4fRB5locGbcgY="" alt=""Google map showing the dropped pin on Dollar General,4494 New Hope Church Rd S,Acworth GA 30102-2733"">",4494 New Hope Church Rd S,"Acworth, GA 30102-2733","<div class=""store-details__main-travel"" data-latitude=""34.117566"" data-longitude=""-84.679394"" style=""display: none;"">
        <div class=""store-details__main-distance""></div>
        <a class=""store-details__main-directions"" href=""javascript:void(0);"" target=""_blank""></a>
    </div>",(470) 632-4040
"<img class=""store-details__map-image"" src=""https://maps.googleapis.com/maps/api/staticmap?center=Dollar+General%2C6064+Joe+Frank+Harris+Pkwy%2CAdairsville+GA+30103-2426&amp;zoom=15&amp;size=730x600&amp;markers=icon%3Ahttps%3A%2F%2Fwww.dollargeneral.com%2Fetc.clientlibs%2Fdollargeneral%2Fclientlibs%2Fclientlib-site%2Fresources%2Fimages%2Fstatic-map-pin.png%7C34.373%2C-84.9296&amp;key=AIzaSyDi0nb6nKeHaDJWFtAvbAIPKBrUuAc_mTY&amp;signature=iswvSBay45kKPSFaPvehTFuWbtE="" alt=""Google map showing the dropped pin on Dollar General,6064 Joe Frank Harris Pkwy,Adairsville GA 30103-2426"">",6064 Joe Frank Harris Pkwy,"Adairsville, GA 30103-2426","<div class=""store-details__main-travel"" data-latitude=""34.373"" data-longitude=""-84.9296"">
        <div class=""store-details__main-distance""></div>
        <a class=""store-details__main-directions"" href=""javascript:void(0);"" target=""_blank""></a>
    </div>",(470) 766-1990
"<img class=""store-details__map-image"" src=""https://maps.googleapis.com/maps/api/staticmap?center=Dollar+General%2C115+N+Elm+St%2CAdel+GA+31620-2607&amp;zoom=15&amp;size=730x600&amp;markers=icon%3Ahttps%3A%2F%2Fwww.dollargeneral.com%2Fetc.clientlibs%2Fdollargeneral%2Fclientlibs%2Fclientlib-site%2Fresources%2Fimages%2Fstatic-map-pin.png%7C31.135213%2C-83.433631&amp;key=AIzaSyDi0nb6nKeHaDJWFtAvbAIPKBrUuAc_mTY&amp;signature=0ZX66ZfIJBBrEvtOXmTEE8tPQds="" alt=""Google map showing the dropped pin on Dollar General,115 N Elm St,Adel GA 31620-2607"">",115 N Elm St,"Adel, GA 31620-2607","<div class=""store-details__main-travel"" data-latitude=""31.135213"" data-longitude=""-83.433631"">
        <div class=""store-details__main-distance""></div>
        <a class=""store-details__main-directions"" href=""javascript:void(0);"" target=""_blank""></a>
    </div>",(912) 387-4426
"<img class=""store-details__map-image"" src=""https://maps.googleapis.com/maps/api/staticmap?center=Dollar+General%2C1014+Hutchinson+Ave%2CAdel+GA+31620-5100&amp;zoom=15&amp;size=730x600&amp;markers=icon%3Ahttps%3A%2F%2Fwww.dollargeneral.com%2Fetc.clientlibs%2Fdollargeneral%2Fclientlibs%2Fclientlib-site%2Fresources%2Fimages%2Fstatic-map-pin.png%7C31.123%2C-83.4192&amp;key=AIzaSyDi0nb6nKeHaDJWFtAvbAIPKBrUuAc_mTY&amp;signature=dbuZboz3Xlj3TznfjDC9Wu9t6FA="" alt=""Google map showing the dropped pin on Dollar General,1014 Hutchinson Ave,Adel GA 31620-5100"">",1014 Hutchinson Ave,"Adel, GA 31620-5100","<div class=""store-details__main-travel"" data-latitude=""31.123"" data-longitude=""-83.4192"">
        <div class=""store-details__main-distance""></div>
        <a class=""store-details__main-directions"" href=""javascript:void(0);"" target=""_blank""></a>
    </div>",(956) 317-0089
"<img class=""store-details__map-image"" src=""https://maps.googleapis.com/maps/api/staticmap?center=Dollar+General%2C77+East+Main+St%2CAdrian+GA+31002-4028&amp;zoom=15&amp;size=730x600&amp;markers=icon%3Ahttps%3A%2F%2Fwww.dollargeneral.com%2Fetc.clientlibs%2Fdollargeneral%2Fclientlibs%2Fclientlib-site%2Fresources%2Fimages%2Fstatic-map-pin.png%7C32.531453%2C-82.586834&amp;key=AIzaSyDi0nb6nKeHaDJWFtAvbAIPKBrUuAc_mTY&amp;signature=88GOnKAtJ9_TiooO-rmyz2Jb8xQ="" alt=""Google map showing the dropped pin on Dollar General,77 East Main St,Adrian GA 31002-4028"">",77 East Main St,"Adrian, GA 31002-4028","<div class=""store-details__main-travel"" data-latitude=""32.531453"" data-longitude=""-82.586834"" style=""display: none;"">
        <div class=""store-details__main-distance""></div>
        <a class=""store-details__main-directions"" href=""javascript:void(0);"" target=""_blank""></a>
    </div>",(478) 353-0695
"<img class=""store-details__map-image"" src=""https://maps.googleapis.com/maps/api/staticmap?center=Dollar+General%2C69+W+Main+St%2CAlamo+GA+30411&amp;zoom=15&amp;size=730x600&amp;markers=icon%3Ahttps%3A%2F%2Fwww.dollargeneral.com%2Fetc.clientlibs%2Fdollargeneral%2Fclientlibs%2Fclientlib-site%2Fresources%2Fimages%2Fstatic-map-pin.png%7C32.14317%2C-82.781091&amp;key=AIzaSyDi0nb6nKeHaDJWFtAvbAIPKBrUuAc_mTY&amp;signature=tVJG76nhIXPJp9mYp5PJ_xdMaNU="" alt=""Google map showing the dropped pin on Dollar General,69 W Main St,Alamo GA 30411"">",69 W Main St,"Alamo, GA 30411","<div class=""store-details__main-travel"" data-latitude=""32.14317"" data-longitude=""-82.781091"">
        <div class=""store-details__main-distance""></div>
        <a class=""store-details__main-directions"" href=""javascript:void(0);"" target=""_blank""></a>
    </div>",(912) 307-9001
"<img class=""store-details__map-image"" src=""https://maps.googleapis.com/maps/api/staticmap?center=Dollar+General%2C8949+Hwy+82%2CAlapaha+GA+31622-5245&amp;zoom=15&amp;size=730x600&amp;markers=icon%3Ahttps%3A%2F%2Fwww.dollargeneral.com%2Fetc.clientlibs%2Fdollargeneral%2Fclientlibs%2Fclientlib-site%2Fresources%2Fimages%2Fstatic-map-pin.png%7C31.388675%2C-83.226922&amp;key=AIzaSyDi0nb6nKeHaDJWFtAvbAIPKBrUuAc_mTY&amp;signature=TlyBUJKMxRKowsYfU7OgBs9EMLs="" alt=""Google map showing the dropped pin on Dollar General,8949 Hwy 82,Alapaha GA 31622-5245"">",8949 Hwy 82,"Alapaha, GA 31622-5245","<div class=""store-details__main-travel"" data-latitude=""31.388675"" data-longitude=""-83.226922"">
        <div class=""store-details__main-distance""></div>
        <a class=""store-details__main-directions"" href=""javascript:void(0);"" target=""_blank""></a>
    </div>",(762) 821-0670
"<img class=""store-details__map-image"" src=""https://maps.googleapis.com/maps/api/staticmap?center=Dollar+General%2C1515+Radium+Springs+Rd%2CAlbany+GA+31705-4051&amp;zoom=15&amp;size=730x600&amp;markers=icon%3Ahttps%3A%2F%2Fwww.dollargeneral.com%2Fetc.clientlibs%2Fdollargeneral%2Fclientlibs%2Fclientlib-site%2Fresources%2Fimages%2Fstatic-map-pin.png%7C31.549507%2C-84.13747&amp;key=AIzaSyDi0nb6nKeHaDJWFtAvbAIPKBrUuAc_mTY&amp;signature=-PBV89auzBogRwqlTvky8OvZX1s="" alt=""Google map showing the dropped pin on Dollar General,1515 Radium Springs Rd,Albany GA 31705-4051"">",1515 Radium Springs Rd,"Albany, GA 31705-4051","<div class=""store-details__main-travel"" data-latitude=""31.549507"" data-longitude=""-84.13747"">
        <div class=""store-details__main-distance""></div>
        <a class=""store-details__main-directions"" href=""javascript:void(0);"" target=""_blank""></a>
    </div>",(470) 443-3228
"<img class=""store-details__map-image"" src=""https://maps.googleapis.com/maps/api/staticmap?center=Dollar+General%2C430+Us+Hwy+80%2CAllentown+GA+31003&amp;zoom=15&amp;size=730x600&amp;markers=icon%3Ahttps%3A%2F%2Fwww.dollargeneral.com%2Fetc.clientlibs%2Fdollargeneral%2Fclientlibs%2Fclientlib-site%2Fresources%2Fimages%2Fstatic-map-pin.png%7C32.5885%2C-83.22471&amp;key=AIzaSyDi0nb6nKeHaDJWFtAvbAIPKBrUuAc_mTY&amp;signature=0UQglmxdqouxT6P7SVj9chodXb4="" alt=""Google map showing the dropped pin on Dollar General,430 Us Hwy 80,Allentown GA 31003"">",430 Us Hwy 80,"Allentown, GA 31003","<div class=""store-details__main-travel"" data-latitude=""32.5885"" data-longitude=""-83.22471"">
        <div class=""store-details__main-distance""></div>
        <a class=""store-details__main-directions"" href=""javascript:void(0);"" target=""_blank""></a>
    </div>",(478) 207-5205
"<img class=""store-details__map-image"" src=""https://maps.googleapis.com/maps/api/staticmap?center=Dollar+General%2C1015+S+Pierce+St%2CAlma+GA+31510-3715&amp;zoom=15&amp;size=730x600&amp;markers=icon%3Ahttps%3A%2F%2Fwww.dollargeneral.com%2Fetc.clientlibs%2Fdollargeneral%2Fclientlibs%2Fclientlib-site%2Fresources%2Fimages%2Fstatic-map-pin.png%7C31.530645%2C-82.464405&amp;key=AIzaSyDi0nb6nKeHaDJWFtAvbAIPKBrUuAc_mTY&amp;signature=MA0MOlxfBjf7XkQmLuaGE1YB4aw="" alt=""Google map showing the dropped pin on Dollar General,1015 S Pierce St,Alma GA 31510-3715"">",1015 S Pierce St,"Alma, GA 31510-3715","<div class=""store-details__main-travel"" data-latitude=""31.530645"" data-longitude=""-82.464405"" style=""display: none;"">
        <div class=""store-details__main-distance""></div>
        <a class=""store-details__main-directions"" href=""javascript:void(0);"" target=""_blank""></a>
    </div>",(912) 387-4244
"<img class=""store-details__map-image"" src=""https://maps.googleapis.com/maps/api/staticmap?center=Dollar+General%2C738+Teakwood+Rd%2CAlma+GA+31510&amp;zoom=15&amp;size=730x600&amp;markers=icon%3Ahttps%3A%2F%2Fwww.dollargeneral.com%2Fetc.clientlibs%2Fdollargeneral%2Fclientlibs%2Fclientlib-site%2Fresources%2Fimages%2Fstatic-map-pin.png%7C31.54417%2C-82.52602&amp;key=AIzaSyDi0nb6nKeHaDJWFtAvbAIPKBrUuAc_mTY&amp;signature=9J8XGLQmTnEcU-dcLe9mv4nUy90="" alt=""Google map showing the dropped pin on Dollar General,738 Teakwood Rd,Alma GA 31510"">",738 Teakwood Rd,"Alma, GA 31510","<div class=""store-details__main-travel"" data-latitude=""31.54417"" data-longitude=""-82.52602"">
        <div class=""store-details__main-distance""></div>
        <a class=""store-details__main-directions"" href=""javascript:void(0);"" target=""_blank""></a>
    </div>",(912) 514-1990
"<img class=""store-details__map-image"" src=""https://maps.googleapis.com/maps/api/staticmap?center=Dollar+General%2C1845+Us+Hwy+1+N%2CAlma+GA+31510-6609&amp;zoom=15&amp;size=730x600&amp;markers=icon%3Ahttps%3A%2F%2Fwww.dollargeneral.com%2Fetc.clientlibs%2Fdollargeneral%2Fclientlibs%2Fclientlib-site%2Fresources%2Fimages%2Fstatic-map-pin.png%7C31.5899%2C-82.4615&amp;key=AIzaSyDi0nb6nKeHaDJWFtAvbAIPKBrUuAc_mTY&amp;signature=J5Hs6aDko719cTjdMaVXWxxfmqE="" alt=""Google map showing the dropped pin on Dollar General,1845 Us Hwy 1 N,Alma GA 31510-6609"">",1845 Us Hwy 1 N,"Alma, GA 31510-6609","<div class=""store-details__main-travel"" data-latitude=""31.5899"" data-longitude=""-82.4615"">
        <div class=""store-details__main-distance""></div>
        <a class=""store-details__main-directions"" href=""javascript:void(0);"" target=""_blank""></a>
    </div>",(912) 539-6319
"<img class=""store-details__map-image"" src=""https://maps.googleapis.com/maps/api/staticmap?center=Dollar+General%2C155+S+Grant+St%2CAlto+GA+30510-4608&amp;zoom=15&amp;size=730x600&amp;markers=icon%3Ahttps%3A%2F%2Fwww.dollargeneral.com%2Fetc.clientlibs%2Fdollargeneral%2Fclientlibs%2Fclientlib-site%2Fresources%2Fimages%2Fstatic-map-pin.png%7C34.463877%2C-83.578748&amp;key=AIzaSyDi0nb6nKeHaDJWFtAvbAIPKBrUuAc_mTY&amp;signature=r3bthYGwPusOLc8kHPJxkYUFMbY="" alt=""Google map showing the dropped pin on Dollar General,155 S Grant St,Alto GA 30510-4608"">",155 S Grant St,"Alto, GA 30510-4608","<div class=""store-details__main-travel"" data-latitude=""34.463877"" data-longitude=""-83.578748"">
        <div class=""store-details__main-distance""></div>
        <a class=""store-details__main-directions"" href=""javascript:void(0);"" target=""_blank""></a>
    </div>",(478) 207-7125
"<img class=""store-details__map-image"" src=""https://maps.googleapis.com/maps/api/staticmap?center=Dollar+General%2C4193+Vickers+Crossing%2CAmbrose+GA+31512-3075&amp;zoom=15&amp;size=730x600&amp;markers=icon%3Ahttps%3A%2F%2Fwww.dollargeneral.com%2Fetc.clientlibs%2Fdollargeneral%2Fclientlibs%2Fclientlib-site%2Fresources%2Fimages%2Fstatic-map-pin.png%7C31.5933%2C-83.0145&amp;key=AIzaSyDi0nb6nKeHaDJWFtAvbAIPKBrUuAc_mTY&amp;signature=RMY-2NTjaI_-dLPZ12S2f7L09iE="" alt=""Google map showing the dropped pin on Dollar General,4193 Vickers Crossing,Ambrose GA 31512-3075"">",4193 Vickers Crossing,"Ambrose, GA 31512-3075","<div class=""store-details__main-travel"" data-latitude=""31.5933"" data-longitude=""-83.0145"" style=""display: none;"">
        <div class=""store-details__main-distance""></div>
        <a class=""store-details__main-directions"" href=""javascript:void(0);"" target=""_blank""></a>
    </div>",(912) 387-4290
"<img class=""store-details__map-image"" src=""https://maps.googleapis.com/maps/api/staticmap?center=Dollar+General%2C805+Adderton+St%2CAmericus+GA+31719-2905&amp;zoom=15&amp;size=730x600&amp;markers=icon%3Ahttps%3A%2F%2Fwww.dollargeneral.com%2Fetc.clientlibs%2Fdollargeneral%2Fclientlibs%2Fclientlib-site%2Fresources%2Fimages%2Fstatic-map-pin.png%7C32.085316%2C-84.244056&amp;key=AIzaSyDi0nb6nKeHaDJWFtAvbAIPKBrUuAc_mTY&amp;signature=iAQTjV1Ks9_pwsEm8S0r4FMi_7M="" alt=""Google map showing the dropped pin on Dollar General,805 Adderton St,Americus GA 31719-2905"">",805 Adderton St,"Americus, GA 31719-2905","<div class=""store-details__main-travel"" data-latitude=""32.085316"" data-longitude=""-84.244056"">
        <div class=""store-details__main-distance""></div>
        <a class=""store-details__main-directions"" href=""javascript:void(0);"" target=""_blank""></a>
    </div>",(706) 341-1271
"<img class=""store-details__map-image"" src=""https://maps.googleapis.com/maps/api/staticmap?center=Dollar+General%2C103+W+Jefferson+St%2CAmericus+GA+31709-3521&amp;zoom=15&amp;size=730x600&amp;markers=icon%3Ahttps%3A%2F%2Fwww.dollargeneral.com%2Fetc.clientlibs%2Fdollargeneral%2Fclientlibs%2Fclientlib-site%2Fresources%2Fimages%2Fstatic-map-pin.png%7C32.073982%2C-84.2328&amp;key=AIzaSyDi0nb6nKeHaDJWFtAvbAIPKBrUuAc_mTY&amp;signature=0xz_gZCpDMkgIJ0MTAD_Pa0-MRE="" alt=""Google map showing the dropped pin on Dollar General,103 W Jefferson St,Americus GA 31709-3521"">",103 W Jefferson St,"Americus, GA 31709-3521","<div class=""store-details__main-travel"" data-latitude=""32.073982"" data-longitude=""-84.2328"">
        <div class=""store-details__main-distance""></div>
        <a class=""store-details__main-directions"" href=""javascript:void(0);"" target=""_blank""></a>
    </div>",(706) 989-5211
"<img class=""store-details__map-image"" src=""https://maps.googleapis.com/maps/api/staticmap?center=Dollar+General%2C1412+E+Forsyth+St%2CAmericus+GA+31709-3808&amp;zoom=15&amp;size=730x600&amp;markers=icon%3Ahttps%3A%2F%2Fwww.dollargeneral.com%2Fetc.clientlibs%2Fdollargeneral%2Fclientlibs%2Fclientlib-site%2Fresources%2Fimages%2Fstatic-map-pin.png%7C32.073963%2C-84.21494&amp;key=AIzaSyDi0nb6nKeHaDJWFtAvbAIPKBrUuAc_mTY&amp;signature=iX9dlPcQphrORS_UJU8_28n2PVE="" alt=""Google map showing the dropped pin on Dollar General,1412 E Forsyth St,Americus GA 31709-3808"">",1412 E Forsyth St,"Americus, GA 31709-3808","<div class=""store-details__main-travel"" data-latitude=""32.073963"" data-longitude=""-84.21494"">
        <div class=""store-details__main-distance""></div>
        <a class=""store-details__main-directions"" href=""javascript:void(0);"" target=""_blank""></a>
    </div>",(706) 530-2933
"<img class=""store-details__map-image"" src=""https://maps.googleapis.com/maps/api/staticmap?center=Dollar+General%2C6572+Washington+Rd%2CAppling+GA+30802-4101&amp;zoom=15&amp;size=730x600&amp;markers=icon%3Ahttps%3A%2F%2Fwww.dollargeneral.com%2Fetc.clientlibs%2Fdollargeneral%2Fclientlibs%2Fclientlib-site%2Fresources%2Fimages%2Fstatic-map-pin.png%7C33.661696%2C-82.335312&amp;key=AIzaSyDi0nb6nKeHaDJWFtAvbAIPKBrUuAc_mTY&amp;signature=XOEJoMPNMkQAmwUQE6nLS5uoPcw="" alt=""Google map showing the dropped pin on Dollar General,6572 Washington Rd,Appling GA 30802-4101"">",6572 Washington Rd,"Appling, GA 30802-4101","<div class=""store-details__main-travel"" data-latitude=""33.661696"" data-longitude=""-82.335312"" style=""display: none;"">
        <div class=""store-details__main-distance""></div>
        <a class=""store-details__main-directions"" href=""javascript:void(0);"" target=""_blank""></a>
    </div>",(706) 541-8275
"<img class=""store-details__map-image"" src=""https://maps.googleapis.com/maps/api/staticmap?center=Dollar+General%2C1821+Appling+Harlem+Road%2CAppling+GA+30802-3720&amp;zoom=15&amp;size=730x600&amp;markers=icon%3Ahttps%3A%2F%2Fwww.dollargeneral.com%2Fetc.clientlibs%2Fdollargeneral%2Fclientlibs%2Fclientlib-site%2Fresources%2Fimages%2Fstatic-map-pin.png%7C33.532366%2C-82.314171&amp;key=AIzaSyDi0nb6nKeHaDJWFtAvbAIPKBrUuAc_mTY&amp;signature=D7VsdZoxZx-qHDyVcLvvi8UTi8w="" alt=""Google map showing the dropped pin on Dollar General,1821 Appling Harlem Road,Appling GA 30802-3720"">",1821 Appling Harlem Road,"Appling, GA 30802-3720","<div class=""store-details__main-travel"" data-latitude=""33.532366"" data-longitude=""-82.314171"">
        <div class=""store-details__main-distance""></div>
        <a class=""store-details__main-directions"" href=""javascript:void(0);"" target=""_blank""></a>
    </div>",(706) 426-5220
"<img class=""store-details__map-image"" src=""https://maps.googleapis.com/maps/api/staticmap?center=Dollar+General%2C3985+Bedgood+Ave%2CArabi+GA+31712-3678&amp;zoom=15&amp;size=730x600&amp;markers=icon%3Ahttps%3A%2F%2Fwww.dollargeneral.com%2Fetc.clientlibs%2Fdollargeneral%2Fclientlibs%2Fclientlib-site%2Fresources%2Fimages%2Fstatic-map-pin.png%7C31.834%2C-83.7408&amp;key=AIzaSyDi0nb6nKeHaDJWFtAvbAIPKBrUuAc_mTY&amp;signature=QHRKdEoWqhGyFeXqf7BO6xNCcjk="" alt=""Google map showing the dropped pin on Dollar General,3985 Bedgood Ave,Arabi GA 31712-3678"">",3985 Bedgood Ave,"Arabi, GA 31712-3678","<div class=""store-details__main-travel"" data-latitude=""31.834"" data-longitude=""-83.7408"">
        <div class=""store-details__main-distance""></div>
        <a class=""store-details__main-directions"" href=""javascript:void(0);"" target=""_blank""></a>
    </div>",(478) 250-1785
"<img class=""store-details__map-image"" src=""https://maps.googleapis.com/maps/api/staticmap?center=Dollar+General%2C42+New+Prospect+Rd%2CAragon+GA+30104-0235&amp;zoom=15&amp;size=730x600&amp;markers=icon%3Ahttps%3A%2F%2Fwww.dollargeneral.com%2Fetc.clientlibs%2Fdollargeneral%2Fclientlibs%2Fclientlib-site%2Fresources%2Fimages%2Fstatic-map-pin.png%7C34.042621%2C-85.060113&amp;key=AIzaSyDi0nb6nKeHaDJWFtAvbAIPKBrUuAc_mTY&amp;signature=336Kh9Z_0J8XFbbijBZO103tqCg="" alt=""Google map showing the dropped pin on Dollar General,42 New Prospect Rd,Aragon GA 30104-0235"">",42 New Prospect Rd,"Aragon, GA 30104-0235","<div class=""store-details__main-travel"" data-latitude=""34.042621"" data-longitude=""-85.060113"">
        <div class=""store-details__main-distance""></div>
        <a class=""store-details__main-directions"" href=""javascript:void(0);"" target=""_blank""></a>
    </div>",(470) 598-0049
"<img class=""store-details__map-image"" src=""https://maps.googleapis.com/maps/api/staticmap?center=Dollar+General%2C17139+S+Highland+Ave%2CArlington+GA+39813&amp;zoom=15&amp;size=730x600&amp;markers=icon%3Ahttps%3A%2F%2Fwww.dollargeneral.com%2Fetc.clientlibs%2Fdollargeneral%2Fclientlibs%2Fclientlib-site%2Fresources%2Fimages%2Fstatic-map-pin.png%7C31.432898%2C-84.724035&amp;key=AIzaSyDi0nb6nKeHaDJWFtAvbAIPKBrUuAc_mTY&amp;signature=rlCYNykqENLD4wyGyn1hk5UbyVs="" alt=""Google map showing the dropped pin on Dollar General,17139 S Highland Ave,Arlington GA 39813"">",17139 S Highland Ave,"Arlington, GA 39813","<div class=""store-details__main-travel"" data-latitude=""31.432898"" data-longitude=""-84.724035"" style=""display: none;"">
        <div class=""store-details__main-distance""></div>
        <a class=""store-details__main-directions"" href=""javascript:void(0);"" target=""_blank""></a>
    </div>",(706) 780-6490
"<img class=""store-details__map-image"" src=""https://maps.googleapis.com/maps/api/staticmap?center=Dollar+General%2C6173+Martha+Berry+Hwy+Nw%2CArmuchee+GA+30105-2143&amp;zoom=15&amp;size=730x600&amp;markers=icon%3Ahttps%3A%2F%2Fwww.dollargeneral.com%2Fetc.clientlibs%2Fdollargeneral%2Fclientlibs%2Fclientlib-site%2Fresources%2Fimages%2Fstatic-map-pin.png%7C34.39182%2C-85.1888&amp;key=AIzaSyDi0nb6nKeHaDJWFtAvbAIPKBrUuAc_mTY&amp;signature=Umwhg7kLX6XWCd2gkiS9MkggUws="" alt=""Google map showing the dropped pin on Dollar General,6173 Martha Berry Hwy Nw,Armuchee GA 30105-2143"">",6173 Martha Berry Hwy Nw,"Armuchee, GA 30105-2143","<div class=""store-details__main-travel"" data-latitude=""34.39182"" data-longitude=""-85.1888"">
        <div class=""store-details__main-distance""></div>
        <a class=""store-details__main-directions"" href=""javascript:void(0);"" target=""_blank""></a>
    </div>",(706) 509-2726
"<img class=""store-details__map-image"" src=""https://maps.googleapis.com/maps/api/staticmap?center=Dollar+General%2C155+W+Washington+Ave%2CAshburn+GA+31714-5222&amp;zoom=15&amp;size=730x600&amp;markers=icon%3Ahttps%3A%2F%2Fwww.dollargeneral.com%2Fetc.clientlibs%2Fdollargeneral%2Fclientlibs%2Fclientlib-site%2Fresources%2Fimages%2Fstatic-map-pin.png%7C31.705094%2C-83.653747&amp;key=AIzaSyDi0nb6nKeHaDJWFtAvbAIPKBrUuAc_mTY&amp;signature=V9EzWUkD8n44tEweCN1zxmFAwFU="" alt=""Google map showing the dropped pin on Dollar General,155 W Washington Ave,Ashburn GA 31714-5222"">",155 W Washington Ave,"Ashburn, GA 31714-5222","<div class=""store-details__main-travel"" data-latitude=""31.705094"" data-longitude=""-83.653747"">
        <div class=""store-details__main-distance""></div>
        <a class=""store-details__main-directions"" href=""javascript:void(0);"" target=""_blank""></a>
    </div>",(706) 786-6160
"<img class=""store-details__map-image"" src=""https://maps.googleapis.com/maps/api/staticmap?center=Dollar+General%2C2411+Jefferson+Rd+Ste+B%2CAthens+GA+30607-1202&amp;zoom=15&amp;size=730x600&amp;markers=icon%3Ahttps%3A%2F%2Fwww.dollargeneral.com%2Fetc.clientlibs%2Fdollargeneral%2Fclientlibs%2Fclientlib-site%2Fresources%2Fimages%2Fstatic-map-pin.png%7C33.972715%2C-83.414675&amp;key=AIzaSyDi0nb6nKeHaDJWFtAvbAIPKBrUuAc_mTY&amp;signature=W-02Ozppt5pGEVzugWJVQTTZ-vY="" alt=""Google map showing the dropped pin on Dollar General,2411 Jefferson Rd Ste B,Athens GA 30607-1202"">",2411 Jefferson Rd Ste B,"Athens, GA 30607-1202","<div class=""store-details__main-travel"" data-latitude=""33.972715"" data-longitude=""-83.414675"">
        <div class=""store-details__main-distance""></div>
        <a class=""store-details__main-directions"" href=""javascript:void(0);"" target=""_blank""></a>
    </div>",(706) 510-2900
"<img class=""store-details__map-image"" src=""https://maps.googleapis.com/maps/api/staticmap?center=Dollar+General%2C800+Danielsville+Rd%2CAthens+GA+30601-1406&amp;zoom=15&amp;size=730x600&amp;markers=icon%3Ahttps%3A%2F%2Fwww.dollargeneral.com%2Fetc.clientlibs%2Fdollargeneral%2Fclientlibs%2Fclientlib-site%2Fresources%2Fimages%2Fstatic-map-pin.png%7C33.982622%2C-83.360491&amp;key=AIzaSyDi0nb6nKeHaDJWFtAvbAIPKBrUuAc_mTY&amp;signature=6uqZugOHfu1x_NwQsndzYk9jeUE="" alt=""Google map showing the dropped pin on Dollar General,800 Danielsville Rd,Athens GA 30601-1406"">",800 Danielsville Rd,"Athens, GA 30601-1406","<div class=""store-details__main-travel"" data-latitude=""33.982622"" data-longitude=""-83.360491"" style=""display: none;"">
        <div class=""store-details__main-distance""></div>
        <a class=""store-details__main-directions"" href=""javascript:void(0);"" target=""_blank""></a>
    </div>",(762) 499-5175
"<img class=""store-details__map-image"" src=""https://maps.googleapis.com/maps/api/staticmap?center=Dollar+General%2C2194+Lexington+Road%2CAthens+GA+30605-2338&amp;zoom=15&amp;size=730x600&amp;markers=icon%3Ahttps%3A%2F%2Fwww.dollargeneral.com%2Fetc.clientlibs%2Fdollargeneral%2Fclientlibs%2Fclientlib-site%2Fresources%2Fimages%2Fstatic-map-pin.png%7C33.944573%2C-83.340738&amp;key=AIzaSyDi0nb6nKeHaDJWFtAvbAIPKBrUuAc_mTY&amp;signature=w-DGPu4FvnZSiSa8DmXAFnkAYEQ="" alt=""Google map showing the dropped pin on Dollar General,2194 Lexington Road,Athens GA 30605-2338"">",2194 Lexington Road,"Athens, GA 30605-2338","<div class=""store-details__main-travel"" data-latitude=""33.944573"" data-longitude=""-83.340738"">
        <div class=""store-details__main-distance""></div>
        <a class=""store-details__main-directions"" href=""javascript:void(0);"" target=""_blank""></a>
    </div>",(762) 499-6465
"<img class=""store-details__map-image"" src=""https://maps.googleapis.com/maps/api/staticmap?center=Dollar+General%2C880+Whitehall+Road%2CAthens+GA+30605-4223&amp;zoom=15&amp;size=730x600&amp;markers=icon%3Ahttps%3A%2F%2Fwww.dollargeneral.com%2Fetc.clientlibs%2Fdollargeneral%2Fclientlibs%2Fclientlib-site%2Fresources%2Fimages%2Fstatic-map-pin.png%7C33.899362%2C-83.364743&amp;key=AIzaSyDi0nb6nKeHaDJWFtAvbAIPKBrUuAc_mTY&amp;signature=ZGxlUt28RdYTmv6d5q3ykUBKmz4="" alt=""Google map showing the dropped pin on Dollar General,880 Whitehall Road,Athens GA 30605-4223"">",880 Whitehall Road,"Athens, GA 30605-4223","<div class=""store-details__main-travel"" data-latitude=""33.899362"" data-longitude=""-83.364743"">
        <div class=""store-details__main-distance""></div>
        <a class=""store-details__main-directions"" href=""javascript:void(0);"" target=""_blank""></a>
    </div>",(762) 499-5162
"<img class=""store-details__map-image"" src=""https://maps.googleapis.com/maps/api/staticmap?center=Dollar+General%2C1225+Cedar+Shoals+Rd%2CAthens+GA+30605-3164&amp;zoom=15&amp;size=730x600&amp;markers=icon%3Ahttps%3A%2F%2Fwww.dollargeneral.com%2Fetc.clientlibs%2Fdollargeneral%2Fclientlibs%2Fclientlib-site%2Fresources%2Fimages%2Fstatic-map-pin.png%7C33.9257%2C-83.3336&amp;key=AIzaSyDi0nb6nKeHaDJWFtAvbAIPKBrUuAc_mTY&amp;signature=T6trxSrqk4UKk3b5kNE-vnpLf-8="" alt=""Google map showing the dropped pin on Dollar General,1225 Cedar Shoals Rd,Athens GA 30605-3164"">",1225 Cedar Shoals Rd,"Athens, GA 30605-3164","<div class=""store-details__main-travel"" data-latitude=""33.9257"" data-longitude=""-83.3336"">
        <div class=""store-details__main-distance""></div>
        <a class=""store-details__main-directions"" href=""javascript:void(0);"" target=""_blank""></a>
    </div>",(762) 499-6007
"<img class=""store-details__map-image"" src=""https://maps.googleapis.com/maps/api/staticmap?center=Dollar+General%2C1125+West+Broad+Street%2CAthens+GA+30606-3049&amp;zoom=15&amp;size=730x600&amp;markers=icon%3Ahttps%3A%2F%2Fwww.dollargeneral.com%2Fetc.clientlibs%2Fdollargeneral%2Fclientlibs%2Fclientlib-site%2Fresources%2Fimages%2Fstatic-map-pin.png%7C33.953976%2C-83.39109&amp;key=AIzaSyDi0nb6nKeHaDJWFtAvbAIPKBrUuAc_mTY&amp;signature=c2t5LWeEkLyDnpDqSnLf-NYHCGo="" alt=""Google map showing the dropped pin on Dollar General,1125 West Broad Street,Athens GA 30606-3049"">",1125 West Broad Street,"Athens, GA 30606-3049","<div class=""store-details__main-travel"" data-latitude=""33.953976"" data-longitude=""-83.39109"" style=""display: none;"">
        <div class=""store-details__main-distance""></div>
        <a class=""store-details__main-directions"" href=""javascript:void(0);"" target=""_blank""></a>
    </div>",(762) 499-0091
"<img class=""store-details__map-image"" src=""https://maps.googleapis.com/maps/api/staticmap?center=Dollar+General%2C125+Hwy+330%2CAthens+GA+30607&amp;zoom=15&amp;size=730x600&amp;markers=icon%3Ahttps%3A%2F%2Fwww.dollargeneral.com%2Fetc.clientlibs%2Fdollargeneral%2Fclientlibs%2Fclientlib-site%2Fresources%2Fimages%2Fstatic-map-pin.png%7C34.0156%2C-83.4928&amp;key=AIzaSyDi0nb6nKeHaDJWFtAvbAIPKBrUuAc_mTY&amp;signature=TFhWThFh6RH9IgGyug53aFjZ_G0="" alt=""Google map showing the dropped pin on Dollar General,125 Hwy 330,Athens GA 30607"">",125 Hwy 330,"Athens, GA 30607","<div class=""store-details__main-travel"" data-latitude=""34.0156"" data-longitude=""-83.4928"">
        <div class=""store-details__main-distance""></div>
        <a class=""store-details__main-directions"" href=""javascript:void(0);"" target=""_blank""></a>
    </div>",(762) 499-7701
"<img class=""store-details__map-image"" src=""https://maps.googleapis.com/maps/api/staticmap?center=Dollar+General%2C11325+Commerce+Hwy%2CAthens+GA+30607-4321&amp;zoom=15&amp;size=730x600&amp;markers=icon%3Ahttps%3A%2F%2Fwww.dollargeneral.com%2Fetc.clientlibs%2Fdollargeneral%2Fclientlibs%2Fclientlib-site%2Fresources%2Fimages%2Fstatic-map-pin.png%7C34.0319%2C-83.4015&amp;key=AIzaSyDi0nb6nKeHaDJWFtAvbAIPKBrUuAc_mTY&amp;signature=QB71rbvPvzrt34oyL608Rw7fEzw="" alt=""Google map showing the dropped pin on Dollar General,11325 Commerce Hwy,Athens GA 30607-4321"">",11325 Commerce Hwy,"Athens, GA 30607-4321","<div class=""store-details__main-travel"" data-latitude=""34.0319"" data-longitude=""-83.4015"">
        <div class=""store-details__main-distance""></div>
        <a class=""store-details__main-directions"" href=""javascript:void(0);"" target=""_blank""></a>
    </div>",(762) 499-0051
"<img class=""store-details__map-image"" src=""https://maps.googleapis.com/maps/api/staticmap?center=Dollar+General%2C8775+Roswell+Rd%2CAtlanta+GA+30350-1842&amp;zoom=15&amp;size=730x600&amp;markers=icon%3Ahttps%3A%2F%2Fwww.dollargeneral.com%2Fetc.clientlibs%2Fdollargeneral%2Fclientlibs%2Fclientlib-site%2Fresources%2Fimages%2Fstatic-map-pin.png%7C33.99757%2C-84.350712&amp;key=AIzaSyDi0nb6nKeHaDJWFtAvbAIPKBrUuAc_mTY&amp;signature=5N_Rgjcx3L8JbE8PKVKzYcvwv_w="" alt=""Google map showing the dropped pin on Dollar General,8775 Roswell Rd,Atlanta GA 30350-1842"">",8775 Roswell Rd,"Atlanta, GA 30350-1842","<div class=""store-details__main-travel"" data-latitude=""33.99757"" data-longitude=""-84.350712"">
        <div class=""store-details__main-distance""></div>
        <a class=""store-details__main-directions"" href=""javascript:void(0);"" target=""_blank""></a>
    </div>",(470) 336-5710
"<img class=""store-details__map-image"" src=""https://maps.googleapis.com/maps/api/staticmap?center=Dollar+General%2C807+Cascade+Sw%2CAtlanta+GA+30310-2413&amp;zoom=15&amp;size=730x600&amp;markers=icon%3Ahttps%3A%2F%2Fwww.dollargeneral.com%2Fetc.clientlibs%2Fdollargeneral%2Fclientlibs%2Fclientlib-site%2Fresources%2Fimages%2Fstatic-map-pin.png%7C33.73385%2C-84.4372&amp;key=AIzaSyDi0nb6nKeHaDJWFtAvbAIPKBrUuAc_mTY&amp;signature=yAoh5SxoIZ-f_WCpeC2NgexAl1o="" alt=""Google map showing the dropped pin on Dollar General,807 Cascade Sw,Atlanta GA 30310-2413"">",807 Cascade Sw,"Atlanta, GA 30310-2413","<div class=""store-details__main-travel"" data-latitude=""33.73385"" data-longitude=""-84.4372"">
        <div class=""store-details__main-distance""></div>
        <a class=""store-details__main-directions"" href=""javascript:void(0);"" target=""_blank""></a>
    </div>",(470) 381-1390
"<img class=""store-details__map-image"" src=""https://maps.googleapis.com/maps/api/staticmap?center=Dollar+General%2C2779+Lakewood+Ave%2CAtlanta+GA+30315-5810&amp;zoom=15&amp;size=730x600&amp;markers=icon%3Ahttps%3A%2F%2Fwww.dollargeneral.com%2Fetc.clientlibs%2Fdollargeneral%2Fclientlibs%2Fclientlib-site%2Fresources%2Fimages%2Fstatic-map-pin.png%7C33.697217%2C-84.408791&amp;key=AIzaSyDi0nb6nKeHaDJWFtAvbAIPKBrUuAc_mTY&amp;signature=pWrLC4vtfQW6ljQWcgcboEoU3j4="" alt=""Google map showing the dropped pin on Dollar General,2779 Lakewood Ave,Atlanta GA 30315-5810"">",2779 Lakewood Ave,"Atlanta, GA 30315-5810","<div class=""store-details__main-travel"" data-latitude=""33.697217"" data-longitude=""-84.408791"" style=""display: none;"">
        <div class=""store-details__main-distance""></div>
        <a class=""store-details__main-directions"" href=""javascript:void(0);"" target=""_blank""></a>
    </div>",(470) 381-1369
"<img class=""store-details__map-image"" src=""https://maps.googleapis.com/maps/api/staticmap?center=Dollar+General%2C4465+Campbellton+Rd+Sw%2CAtlanta+GA+30331-6500&amp;zoom=15&amp;size=730x600&amp;markers=icon%3Ahttps%3A%2F%2Fwww.dollargeneral.com%2Fetc.clientlibs%2Fdollargeneral%2Fclientlibs%2Fclientlib-site%2Fresources%2Fimages%2Fstatic-map-pin.png%7C33.69702%2C-84.534446&amp;key=AIzaSyDi0nb6nKeHaDJWFtAvbAIPKBrUuAc_mTY&amp;signature=k57dFS-9d8AoXpKzS6GjUdtAopM="" alt=""Google map showing the dropped pin on Dollar General,4465 Campbellton Rd Sw,Atlanta GA 30331-6500"">",4465 Campbellton Rd Sw,"Atlanta, GA 30331-6500","<div class=""store-details__main-travel"" data-latitude=""33.69702"" data-longitude=""-84.534446"">
        <div class=""store-details__main-distance""></div>
        <a class=""store-details__main-directions"" href=""javascript:void(0);"" target=""_blank""></a>
    </div>",(470) 588-0642
"<img class=""store-details__map-image"" src=""https://maps.googleapis.com/maps/api/staticmap?center=Dollar+General%2C3509+Mlk+Jr%2CAtlanta+GA+30331-4006&amp;zoom=15&amp;size=730x600&amp;markers=icon%3Ahttps%3A%2F%2Fwww.dollargeneral.com%2Fetc.clientlibs%2Fdollargeneral%2Fclientlibs%2Fclientlib-site%2Fresources%2Fimages%2Fstatic-map-pin.png%7C33.758248%2C-84.502795&amp;key=AIzaSyDi0nb6nKeHaDJWFtAvbAIPKBrUuAc_mTY&amp;signature=DHlppjjBgr99B1gZ-KxAXpwJiK4="" alt=""Google map showing the dropped pin on Dollar General,3509 Mlk Jr,Atlanta GA 30331-4006"">",3509 Mlk Jr,"Atlanta, GA 30331-4006","<div class=""store-details__main-travel"" data-latitude=""33.758248"" data-longitude=""-84.502795"">
        <div class=""store-details__main-distance""></div>
        <a class=""store-details__main-directions"" href=""javascript:void(0);"" target=""_blank""></a>
    </div>",(470) 588-0665
"<img class=""store-details__map-image"" src=""https://maps.googleapis.com/maps/api/staticmap?center=Dollar+General%2C2750+Donald+Lee+Hollowell+Pkwy%2CAtlanta+GA+30318-6056&amp;zoom=15&amp;size=730x600&amp;markers=icon%3Ahttps%3A%2F%2Fwww.dollargeneral.com%2Fetc.clientlibs%2Fdollargeneral%2Fclientlibs%2Fclientlib-site%2Fresources%2Fimages%2Fstatic-map-pin.png%7C33.7778%2C-84.4774&amp;key=AIzaSyDi0nb6nKeHaDJWFtAvbAIPKBrUuAc_mTY&amp;signature=BUpgJE_VKc3b-furtsRH5o5Kpmc="" alt=""Google map showing the dropped pin on Dollar General,2750 Donald Lee Hollowell Pkwy,Atlanta GA 30318-6056"">",2750 Donald Lee Hollowell Pkwy,"Atlanta, GA 30318-6056","<div class=""store-details__main-travel"" data-latitude=""33.7778"" data-longitude=""-84.4774"">
        <div class=""store-details__main-distance""></div>
        <a class=""store-details__main-directions"" href=""javascript:void(0);"" target=""_blank""></a>
    </div>",(470) 443-0620
"<img class=""store-details__map-image"" src=""https://maps.googleapis.com/maps/api/staticmap?center=Dollar+General%2C2690+Metropolitan+Pkwy+Sw%2CAtlanta+GA+30315-7902&amp;zoom=15&amp;size=730x600&amp;markers=icon%3Ahttps%3A%2F%2Fwww.dollargeneral.com%2Fetc.clientlibs%2Fdollargeneral%2Fclientlibs%2Fclientlib-site%2Fresources%2Fimages%2Fstatic-map-pin.png%7C33.681701%2C-84.407473&amp;key=AIzaSyDi0nb6nKeHaDJWFtAvbAIPKBrUuAc_mTY&amp;signature=ez-kbK7GMgiBcBFVFpRc6HzmP4g="" alt=""Google map showing the dropped pin on Dollar General,2690 Metropolitan Pkwy Sw,Atlanta GA 30315-7902"">",2690 Metropolitan Pkwy Sw,"Atlanta, GA 30315-7902","<div class=""store-details__main-travel"" data-latitude=""33.681701"" data-longitude=""-84.407473"" style=""display: none;"">
        <div class=""store-details__main-distance""></div>
        <a class=""store-details__main-directions"" href=""javascript:void(0);"" target=""_blank""></a>
    </div>",(470) 381-1407
"<img class=""store-details__map-image"" src=""https://maps.googleapis.com/maps/api/staticmap?center=Dollar+General%2C4837+Roosevelt+Hwy%2CAtlanta+GA+30349-2419&amp;zoom=15&amp;size=730x600&amp;markers=icon%3Ahttps%3A%2F%2Fwww.dollargeneral.com%2Fetc.clientlibs%2Fdollargeneral%2Fclientlibs%2Fclientlib-site%2Fresources%2Fimages%2Fstatic-map-pin.png%7C33.5997%2C-84.547&amp;key=AIzaSyDi0nb6nKeHaDJWFtAvbAIPKBrUuAc_mTY&amp;signature=vcCM7CH5EABR33UjOhirsol9YfU="" alt=""Google map showing the dropped pin on Dollar General,4837 Roosevelt Hwy,Atlanta GA 30349-2419"">",4837 Roosevelt Hwy,"Atlanta, GA 30349-2419","<div class=""store-details__main-travel"" data-latitude=""33.5997"" data-longitude=""-84.547"">
        <div class=""store-details__main-distance""></div>
        <a class=""store-details__main-directions"" href=""javascript:void(0);"" target=""_blank""></a>
    </div>",(470) 681-6931
"<img class=""store-details__map-image"" src=""https://maps.googleapis.com/maps/api/staticmap?center=Dollar+General%2C1241+A+Moreland+Ave+S+E%2CAtlanta+GA+30316-3183&amp;zoom=15&amp;size=730x600&amp;markers=icon%3Ahttps%3A%2F%2Fwww.dollargeneral.com%2Fetc.clientlibs%2Fdollargeneral%2Fclientlibs%2Fclientlib-site%2Fresources%2Fimages%2Fstatic-map-pin.png%7C33.720391%2C-84.350509&amp;key=AIzaSyDi0nb6nKeHaDJWFtAvbAIPKBrUuAc_mTY&amp;signature=oAmwAA7jE8PqWWSyZd95-wfi25Y="" alt=""Google map showing the dropped pin on Dollar General,1241 A Moreland Ave S E,Atlanta GA 30316-3183"">",1241 A Moreland Ave S E,"Atlanta, GA 30316-3183","<div class=""store-details__main-travel"" data-latitude=""33.720391"" data-longitude=""-84.350509"">
        <div class=""store-details__main-distance""></div>
        <a class=""store-details__main-directions"" href=""javascript:void(0);"" target=""_blank""></a>
    </div>",(470) 588-0583
"<img class=""store-details__map-image"" src=""https://maps.googleapis.com/maps/api/staticmap?center=Dollar+General%2C3349+Buford+Hwy+Ne%2CAtlanta+GA+30329-7300&amp;zoom=15&amp;size=730x600&amp;markers=icon%3Ahttps%3A%2F%2Fwww.dollargeneral.com%2Fetc.clientlibs%2Fdollargeneral%2Fclientlibs%2Fclientlib-site%2Fresources%2Fimages%2Fstatic-map-pin.png%7C33.842424%2C-84.324859&amp;key=AIzaSyDi0nb6nKeHaDJWFtAvbAIPKBrUuAc_mTY&amp;signature=5egL8sVmLnWzit1nE0aRaSDLxSM="" alt=""Google map showing the dropped pin on Dollar General,3349 Buford Hwy Ne,Atlanta GA 30329-7300"">",3349 Buford Hwy Ne,"Atlanta, GA 30329-7300","<div class=""store-details__main-travel"" data-latitude=""33.842424"" data-longitude=""-84.324859"">
        <div class=""store-details__main-distance""></div>
        <a class=""store-details__main-directions"" href=""javascript:void(0);"" target=""_blank""></a>
    </div>",(470) 705-0554
"<img class=""store-details__map-image"" src=""https://maps.googleapis.com/maps/api/staticmap?center=Dollar+General%2C2975+Headland+Blvd+Ste+B%2CAtlanta+GA+30311&amp;zoom=15&amp;size=730x600&amp;markers=icon%3Ahttps%3A%2F%2Fwww.dollargeneral.com%2Fetc.clientlibs%2Fdollargeneral%2Fclientlibs%2Fclientlib-site%2Fresources%2Fimages%2Fstatic-map-pin.png%7C33.68955%2C-84.486361&amp;key=AIzaSyDi0nb6nKeHaDJWFtAvbAIPKBrUuAc_mTY&amp;signature=sy6HGQtVbdLpPk2lWwCLOZoPgms="" alt=""Google map showing the dropped pin on Dollar General,2975 Headland Blvd Ste B,Atlanta GA 30311"">",2975 Headland Blvd Ste B,"Atlanta, GA 30311","<div class=""store-details__main-travel"" data-latitude=""33.68955"" data-longitude=""-84.486361"">
        <div class=""store-details__main-distance""></div>
        <a class=""store-details__main-directions"" href=""javascript:void(0);"" target=""_blank""></a>
    </div>",(470) 381-1490
"<img class=""store-details__map-image"" src=""https://maps.googleapis.com/maps/api/staticmap?center=Dollar+General%2C2310+Martin+Luther+King+Jr+Dr%2CAtlanta+GA+30310-1037&amp;zoom=15&amp;size=730x600&amp;markers=icon%3Ahttps%3A%2F%2Fwww.dollargeneral.com%2Fetc.clientlibs%2Fdollargeneral%2Fclientlibs%2Fclientlib-site%2Fresources%2Fimages%2Fstatic-map-pin.png%7C33.751518%2C-84.46609&amp;key=AIzaSyDi0nb6nKeHaDJWFtAvbAIPKBrUuAc_mTY&amp;signature=qNVMo-W-KT7zp1nSGQItAXpUa14="" alt=""Google map showing the dropped pin on Dollar General,2310 Martin Luther King Jr Dr,Atlanta GA 30310-1037"">",2310 Martin Luther King Jr Dr,"Atlanta, GA 30310-1037","<div class=""store-details__main-travel"" data-latitude=""33.751518"" data-longitude=""-84.46609"">
        <div class=""store-details__main-distance""></div>
        <a class=""store-details__main-directions"" href=""javascript:void(0);"" target=""_blank""></a>
    </div>",(470) 481-2250
"<img class=""store-details__map-image"" src=""https://maps.googleapis.com/maps/api/staticmap?center=Dollar+General%2C3300+Royal+South+Pkwy%2CAtlanta+GA+30349-3617&amp;zoom=15&amp;size=730x600&amp;markers=icon%3Ahttps%3A%2F%2Fwww.dollargeneral.com%2Fetc.clientlibs%2Fdollargeneral%2Fclientlibs%2Fclientlib-site%2Fresources%2Fimages%2Fstatic-map-pin.png%7C33.5962%2C-84.498&amp;key=AIzaSyDi0nb6nKeHaDJWFtAvbAIPKBrUuAc_mTY&amp;signature=Vlyj106dhtQ6qgWwHXritYDtjPA="" alt=""Google map showing the dropped pin on Dollar General,3300 Royal South Pkwy,Atlanta GA 30349-3617"">",3300 Royal South Pkwy,"Atlanta, GA 30349-3617","<div class=""store-details__main-travel"" data-latitude=""33.5962"" data-longitude=""-84.498"">
        <div class=""store-details__main-distance""></div>
        <a class=""store-details__main-directions"" href=""javascript:void(0);"" target=""_blank""></a>
    </div>",(470) 381-1410
"<img class=""store-details__map-image"" src=""https://maps.googleapis.com/maps/api/staticmap?center=Dollar+General%2C881+Peachtree+St+Ne+Unit+C%2CAtlanta+GA+30309-3910&amp;zoom=15&amp;size=730x600&amp;markers=icon%3Ahttps%3A%2F%2Fwww.dollargeneral.com%2Fetc.clientlibs%2Fdollargeneral%2Fclientlibs%2Fclientlib-site%2Fresources%2Fimages%2Fstatic-map-pin.png%7C33.778551%2C-84.384247&amp;key=AIzaSyDi0nb6nKeHaDJWFtAvbAIPKBrUuAc_mTY&amp;signature=LihBIgwEcJg2GDKNle35yiGs4tM="" alt=""Google map showing the dropped pin on Dollar General,881 Peachtree St Ne Unit C,Atlanta GA 30309-3910"">",881 Peachtree St Ne Unit C,"Atlanta, GA 30309-3910","<div class=""store-details__main-travel"" data-latitude=""33.778551"" data-longitude=""-84.384247"">
        <div class=""store-details__main-distance""></div>
        <a class=""store-details__main-directions"" href=""javascript:void(0);"" target=""_blank""></a>
    </div>",(678) 954-3459
"<img class=""store-details__map-image"" src=""https://maps.googleapis.com/maps/api/staticmap?center=Dollar+General%2C448+N+Griffin+Ave%2CAttapulgus+GA+39815-2532&amp;zoom=15&amp;size=730x600&amp;markers=icon%3Ahttps%3A%2F%2Fwww.dollargeneral.com%2Fetc.clientlibs%2Fdollargeneral%2Fclientlibs%2Fclientlib-site%2Fresources%2Fimages%2Fstatic-map-pin.png%7C30.774242%2C-84.487761&amp;key=AIzaSyDi0nb6nKeHaDJWFtAvbAIPKBrUuAc_mTY&amp;signature=aVvjwMe0dUASl8sWh1tIyZ9iEKI="" alt=""Google map showing the dropped pin on Dollar General,448 N Griffin Ave,Attapulgus GA 39815-2532"">",448 N Griffin Ave,"Attapulgus, GA 39815-2532","<div class=""store-details__main-travel"" data-latitude=""30.774242"" data-longitude=""-84.487761"">
        <div class=""store-details__main-distance""></div>
        <a class=""store-details__main-directions"" href=""javascript:void(0);"" target=""_blank""></a>
    </div>",(229) 466-0330
"<img class=""store-details__map-image"" src=""https://maps.googleapis.com/maps/api/staticmap?center=Dollar+General%2C1460+Atlanta+Hwy%2CAuburn+GA+30011-3226&amp;zoom=15&amp;size=730x600&amp;markers=icon%3Ahttps%3A%2F%2Fwww.dollargeneral.com%2Fetc.clientlibs%2Fdollargeneral%2Fclientlibs%2Fclientlib-site%2Fresources%2Fimages%2Fstatic-map-pin.png%7C34.011488%2C-83.835288&amp;key=AIzaSyDi0nb6nKeHaDJWFtAvbAIPKBrUuAc_mTY&amp;signature=URMe_QPRZ8GDqb_HZ9kiEEPnYcw="" alt=""Google map showing the dropped pin on Dollar General,1460 Atlanta Hwy,Auburn GA 30011-3226"">",1460 Atlanta Hwy,"Auburn, GA 30011-3226","<div class=""store-details__main-travel"" data-latitude=""34.011488"" data-longitude=""-83.835288"" style=""display: none;"">
        <div class=""store-details__main-distance""></div>
        <a class=""store-details__main-directions"" href=""javascript:void(0);"" target=""_blank""></a>
    </div>",(470) 242-6651
"<img class=""store-details__map-image"" src=""https://maps.googleapis.com/maps/api/staticmap?center=Dollar+General%2C4107+Madeline+Dr%2CAugusta+GA+30909&amp;zoom=15&amp;size=730x600&amp;markers=icon%3Ahttps%3A%2F%2Fwww.dollargeneral.com%2Fetc.clientlibs%2Fdollargeneral%2Fclientlibs%2Fclientlib-site%2Fresources%2Fimages%2Fstatic-map-pin.png%7C33.4501%2C-82.1174&amp;key=AIzaSyDi0nb6nKeHaDJWFtAvbAIPKBrUuAc_mTY&amp;signature=QElBsWGkrlPNM3XcafGC-qRu_qo="" alt=""Google map showing the dropped pin on Dollar General,4107 Madeline Dr,Augusta GA 30909"">",4107 Madeline Dr,"Augusta, GA 30909","<div class=""store-details__main-travel"" data-latitude=""33.4501"" data-longitude=""-82.1174"">
        <div class=""store-details__main-distance""></div>
        <a class=""store-details__main-directions"" href=""javascript:void(0);"" target=""_blank""></a>
    </div>",(706) 524-9480
"<img class=""store-details__map-image"" src=""https://maps.googleapis.com/maps/api/staticmap?center=Dollar+General%2C1710+Martin+Luther+King+Jr+Blv%2CAugusta+GA+30901&amp;zoom=15&amp;size=730x600&amp;markers=icon%3Ahttps%3A%2F%2Fwww.dollargeneral.com%2Fetc.clientlibs%2Fdollargeneral%2Fclientlibs%2Fclientlib-site%2Fresources%2Fimages%2Fstatic-map-pin.png%7C33.4559%2C-81.9828&amp;key=AIzaSyDi0nb6nKeHaDJWFtAvbAIPKBrUuAc_mTY&amp;signature=nWagdp_2Ojq3NIyGlL2_43ODNgM="" alt=""Google map showing the dropped pin on Dollar General,1710 Martin Luther King Jr Blv,Augusta GA 30901"">",1710 Martin Luther King Jr Blv,"Augusta, GA 30901","<div class=""store-details__main-travel"" data-latitude=""33.4559"" data-longitude=""-81.9828"">
        <div class=""store-details__main-distance""></div>
        <a class=""store-details__main-directions"" href=""javascript:void(0);"" target=""_blank""></a>
    </div>",(706) 481-2600
"<img class=""store-details__map-image"" src=""https://maps.googleapis.com/maps/api/staticmap?center=Dollar+General%2C3156+Wrightsboro+Rd%2CAugusta+GA+30909-0316&amp;zoom=15&amp;size=730x600&amp;markers=icon%3Ahttps%3A%2F%2Fwww.dollargeneral.com%2Fetc.clientlibs%2Fdollargeneral%2Fclientlibs%2Fclientlib-site%2Fresources%2Fimages%2Fstatic-map-pin.png%7C33.4697%2C-82.0548&amp;key=AIzaSyDi0nb6nKeHaDJWFtAvbAIPKBrUuAc_mTY&amp;signature=z-TmROONTY_Ynf-4u7KzKaeC0zk="" alt=""Google map showing the dropped pin on Dollar General,3156 Wrightsboro Rd,Augusta GA 30909-0316"">",3156 Wrightsboro Rd,"Augusta, GA 30909-0316","<div class=""store-details__main-travel"" data-latitude=""33.4697"" data-longitude=""-82.0548"">
        <div class=""store-details__main-distance""></div>
        <a class=""store-details__main-directions"" href=""javascript:void(0);"" target=""_blank""></a>
    </div>",(706) 481-2439
"<img class=""store-details__map-image"" src=""https://maps.googleapis.com/maps/api/staticmap?center=Dollar+General%2C3036+Peach+Orchard+Rd%2CAugusta+GA+30906&amp;zoom=15&amp;size=730x600&amp;markers=icon%3Ahttps%3A%2F%2Fwww.dollargeneral.com%2Fetc.clientlibs%2Fdollargeneral%2Fclientlibs%2Fclientlib-site%2Fresources%2Fimages%2Fstatic-map-pin.png%7C33.414%2C-82.0246&amp;key=AIzaSyDi0nb6nKeHaDJWFtAvbAIPKBrUuAc_mTY&amp;signature=wJxr7oam4AG52Z8y1JW1wdEkl6A="" alt=""Google map showing the dropped pin on Dollar General,3036 Peach Orchard Rd,Augusta GA 30906"">",3036 Peach Orchard Rd,"Augusta, GA 30906","<div class=""store-details__main-travel"" data-latitude=""33.414"" data-longitude=""-82.0246"">
        <div class=""store-details__main-distance""></div>
        <a class=""store-details__main-directions"" href=""javascript:void(0);"" target=""_blank""></a>
    </div>",(762) 585-3155
"<img class=""store-details__map-image"" src=""https://maps.googleapis.com/maps/api/staticmap?center=Dollar+General%2C2820+Joy+Road%2CAugusta+GA+30909-2544&amp;zoom=15&amp;size=730x600&amp;markers=icon%3Ahttps%3A%2F%2Fwww.dollargeneral.com%2Fetc.clientlibs%2Fdollargeneral%2Fclientlibs%2Fclientlib-site%2Fresources%2Fimages%2Fstatic-map-pin.png%7C33.4873%2C-82.0398&amp;key=AIzaSyDi0nb6nKeHaDJWFtAvbAIPKBrUuAc_mTY&amp;signature=y_EWYElaU7MFbfxgNlI76kKDCYg="" alt=""Google map showing the dropped pin on Dollar General,2820 Joy Road,Augusta GA 30909-2544"">",2820 Joy Road,"Augusta, GA 30909-2544","<div class=""store-details__main-travel"" data-latitude=""33.4873"" data-longitude=""-82.0398"">
        <div class=""store-details__main-distance""></div>
        <a class=""store-details__main-directions"" href=""javascript:void(0);"" target=""_blank""></a>
    </div>",(706) 447-9900
"<img class=""store-details__map-image"" src=""https://maps.googleapis.com/maps/api/staticmap?center=Dollar+General%2C5085+Mike+Padgett+Hwy%2CAugusta+GA+30906&amp;zoom=15&amp;size=730x600&amp;markers=icon%3Ahttps%3A%2F%2Fwww.dollargeneral.com%2Fetc.clientlibs%2Fdollargeneral%2Fclientlibs%2Fclientlib-site%2Fresources%2Fimages%2Fstatic-map-pin.png%7C33.2538%2C-81.9559&amp;key=AIzaSyDi0nb6nKeHaDJWFtAvbAIPKBrUuAc_mTY&amp;signature=_08FyZdmoe5sOXuVQSkOisaMQhg="" alt=""Google map showing the dropped pin on Dollar General,5085 Mike Padgett Hwy,Augusta GA 30906"">",5085 Mike Padgett Hwy,"Augusta, GA 30906","<div class=""store-details__main-travel"" data-latitude=""33.2538"" data-longitude=""-81.9559"">
        <div class=""store-details__main-distance""></div>
        <a class=""store-details__main-directions"" href=""javascript:void(0);"" target=""_blank""></a>
    </div>",(762) 222-1600
"<img class=""store-details__map-image"" src=""https://maps.googleapis.com/maps/api/staticmap?center=Dollar+General%2C1914+Wrightsboro+Rd%2CAugusta+GA+30909-4759&amp;zoom=15&amp;size=730x600&amp;markers=icon%3Ahttps%3A%2F%2Fwww.dollargeneral.com%2Fetc.clientlibs%2Fdollargeneral%2Fclientlibs%2Fclientlib-site%2Fresources%2Fimages%2Fstatic-map-pin.png%7C33.4663%2C-82.0061&amp;key=AIzaSyDi0nb6nKeHaDJWFtAvbAIPKBrUuAc_mTY&amp;signature=4bRzMcqQOfbkn6kCDuWmqoaYdJs="" alt=""Google map showing the dropped pin on Dollar General,1914 Wrightsboro Rd,Augusta GA 30909-4759"">",1914 Wrightsboro Rd,"Augusta, GA 30909-4759","<div class=""store-details__main-travel"" data-latitude=""33.4663"" data-longitude=""-82.0061"">
        <div class=""store-details__main-distance""></div>
        <a class=""store-details__main-directions"" href=""javascript:void(0);"" target=""_blank""></a>
    </div>",(762) 529-4900
"<img class=""store-details__map-image"" src=""https://maps.googleapis.com/maps/api/staticmap?center=Dollar+General%2C2549+Deans+Bridge+Rd%2CAugusta+GA+30906-2201&amp;zoom=15&amp;size=730x600&amp;markers=icon%3Ahttps%3A%2F%2Fwww.dollargeneral.com%2Fetc.clientlibs%2Fdollargeneral%2Fclientlibs%2Fclientlib-site%2Fresources%2Fimages%2Fstatic-map-pin.png%7C33.442625%2C-82.019648&amp;key=AIzaSyDi0nb6nKeHaDJWFtAvbAIPKBrUuAc_mTY&amp;signature=9aGSv9jwXPAP6fSoHq8JKZtm5Kk="" alt=""Google map showing the dropped pin on Dollar General,2549 Deans Bridge Rd,Augusta GA 30906-2201"">",2549 Deans Bridge Rd,"Augusta, GA 30906-2201","<div class=""store-details__main-travel"" data-latitude=""33.442625"" data-longitude=""-82.019648"">
        <div class=""store-details__main-distance""></div>
        <a class=""store-details__main-directions"" href=""javascript:void(0);"" target=""_blank""></a>
    </div>",(706) 750-8799
"<img class=""store-details__map-image"" src=""https://maps.googleapis.com/maps/api/staticmap?center=Dollar+General%2C2104+Faircrest+Ave%2CAugusta+GA+30906&amp;zoom=15&amp;size=730x600&amp;markers=icon%3Ahttps%3A%2F%2Fwww.dollargeneral.com%2Fetc.clientlibs%2Fdollargeneral%2Fclientlibs%2Fclientlib-site%2Fresources%2Fimages%2Fstatic-map-pin.png%7C33.3756%2C-82.0306&amp;key=AIzaSyDi0nb6nKeHaDJWFtAvbAIPKBrUuAc_mTY&amp;signature=EJI8CqowbLEVd63kl2n-ceSZiME="" alt=""Google map showing the dropped pin on Dollar General,2104 Faircrest Ave,Augusta GA 30906"">",2104 Faircrest Ave,"Augusta, GA 30906","<div class=""store-details__main-travel"" data-latitude=""33.3756"" data-longitude=""-82.0306"" style=""display: none;"">
        <div class=""store-details__main-distance""></div>
        <a class=""store-details__main-directions"" href=""javascript:void(0);"" target=""_blank""></a>
    </div>",(706) 303-0760
"<img class=""store-details__map-image"" src=""https://maps.googleapis.com/maps/api/staticmap?center=Dollar+General%2C101+Sand+Bar+Ferry+Rd%2CAugusta+GA+30901-1759&amp;zoom=15&amp;size=730x600&amp;markers=icon%3Ahttps%3A%2F%2Fwww.dollargeneral.com%2Fetc.clientlibs%2Fdollargeneral%2Fclientlibs%2Fclientlib-site%2Fresources%2Fimages%2Fstatic-map-pin.png%7C33.468339%2C-81.947416&amp;key=AIzaSyDi0nb6nKeHaDJWFtAvbAIPKBrUuAc_mTY&amp;signature=pzy5LIS_OnV81CckdkJAHLyL9LE="" alt=""Google map showing the dropped pin on Dollar General,101 Sand Bar Ferry Rd,Augusta GA 30901-1759"">",101 Sand Bar Ferry Rd,"Augusta, GA 30901-1759","<div class=""store-details__main-travel"" data-latitude=""33.468339"" data-longitude=""-81.947416"">
        <div class=""store-details__main-distance""></div>
        <a class=""store-details__main-directions"" href=""javascript:void(0);"" target=""_blank""></a>
    </div>",(706) 426-9591
"<img class=""store-details__map-image"" src=""https://maps.googleapis.com/maps/api/staticmap?center=Dollar+General%2C210+S+Belair+Rd%2CAugusta+GA+30907-9301&amp;zoom=15&amp;size=730x600&amp;markers=icon%3Ahttps%3A%2F%2Fwww.dollargeneral.com%2Fetc.clientlibs%2Fdollargeneral%2Fclientlibs%2Fclientlib-site%2Fresources%2Fimages%2Fstatic-map-pin.png%7C33.496183%2C-82.137341&amp;key=AIzaSyDi0nb6nKeHaDJWFtAvbAIPKBrUuAc_mTY&amp;signature=CPgx0p8cW0WyyoOtD0cvVy8M3bc="" alt=""Google map showing the dropped pin on Dollar General,210 S Belair Rd,Augusta GA 30907-9301"">",210 S Belair Rd,"Augusta, GA 30907-9301","<div class=""store-details__main-travel"" data-latitude=""33.496183"" data-longitude=""-82.137341"">
        <div class=""store-details__main-distance""></div>
        <a class=""store-details__main-directions"" href=""javascript:void(0);"" target=""_blank""></a>
    </div>",(706) 619-1530
"<img class=""store-details__map-image"" src=""https://maps.googleapis.com/maps/api/staticmap?center=Dollar+General%2C2344+Washington+Rd%2CAugusta+GA+30904-3162&amp;zoom=15&amp;size=730x600&amp;markers=icon%3Ahttps%3A%2F%2Fwww.dollargeneral.com%2Fetc.clientlibs%2Fdollargeneral%2Fclientlibs%2Fclientlib-site%2Fresources%2Fimages%2Fstatic-map-pin.png%7C33.497%2C-82.0118&amp;key=AIzaSyDi0nb6nKeHaDJWFtAvbAIPKBrUuAc_mTY&amp;signature=4iRmAbups3u9GMd6l93E3d7kro0="" alt=""Google map showing the dropped pin on Dollar General,2344 Washington Rd,Augusta GA 30904-3162"">",2344 Washington Rd,"Augusta, GA 30904-3162","<div class=""store-details__main-travel"" data-latitude=""33.497"" data-longitude=""-82.0118"">
        <div class=""store-details__main-distance""></div>
        <a class=""store-details__main-directions"" href=""javascript:void(0);"" target=""_blank""></a>
    </div>",(706) 524-8940
"<img class=""store-details__map-image"" src=""https://maps.googleapis.com/maps/api/staticmap?center=Dollar+General%2C802+Stevens+Creek+Rd%2CAugusta+GA+30907&amp;zoom=15&amp;size=730x600&amp;markers=icon%3Ahttps%3A%2F%2Fwww.dollargeneral.com%2Fetc.clientlibs%2Fdollargeneral%2Fclientlibs%2Fclientlib-site%2Fresources%2Fimages%2Fstatic-map-pin.png%7C33.526%2C-82.0519&amp;key=AIzaSyDi0nb6nKeHaDJWFtAvbAIPKBrUuAc_mTY&amp;signature=1omkg_eUL0nujK5BwDEK3y9gT5E="" alt=""Google map showing the dropped pin on Dollar General,802 Stevens Creek Rd,Augusta GA 30907"">",802 Stevens Creek Rd,"Augusta, GA 30907","<div class=""store-details__main-travel"" data-latitude=""33.526"" data-longitude=""-82.0519"" style=""display: none;"">
        <div class=""store-details__main-distance""></div>
        <a class=""store-details__main-directions"" href=""javascript:void(0);"" target=""_blank""></a>
    </div>",(706) 250-7602
"<img class=""store-details__map-image"" src=""https://maps.googleapis.com/maps/api/staticmap?center=Dollar+General%2C1193+Bennock+Mill+Rd%2CAugusta+GA+30906-8709&amp;zoom=15&amp;size=730x600&amp;markers=icon%3Ahttps%3A%2F%2Fwww.dollargeneral.com%2Fetc.clientlibs%2Fdollargeneral%2Fclientlibs%2Fclientlib-site%2Fresources%2Fimages%2Fstatic-map-pin.png%7C33.3126%2C-81.9534&amp;key=AIzaSyDi0nb6nKeHaDJWFtAvbAIPKBrUuAc_mTY&amp;signature=82mg859c_SZAM6fYXeTHVC1bg6A="" alt=""Google map showing the dropped pin on Dollar General,1193 Bennock Mill Rd,Augusta GA 30906-8709"">",1193 Bennock Mill Rd,"Augusta, GA 30906-8709","<div class=""store-details__main-travel"" data-latitude=""33.3126"" data-longitude=""-81.9534"">
        <div class=""store-details__main-distance""></div>
        <a class=""store-details__main-directions"" href=""javascript:void(0);"" target=""_blank""></a>
    </div>",(762) 253-0300
"<img class=""store-details__map-image"" src=""https://maps.googleapis.com/maps/api/staticmap?center=Dollar+General%2C1707+Four+H+Club+Rd%2CAugusta+GA+30906&amp;zoom=15&amp;size=730x600&amp;markers=icon%3Ahttps%3A%2F%2Fwww.dollargeneral.com%2Fetc.clientlibs%2Fdollargeneral%2Fclientlibs%2Fclientlib-site%2Fresources%2Fimages%2Fstatic-map-pin.png%7C33.3608%2C-81.9911&amp;key=AIzaSyDi0nb6nKeHaDJWFtAvbAIPKBrUuAc_mTY&amp;signature=zrdz5osjpHygJmlQMOTLF7HwCCA="" alt=""Google map showing the dropped pin on Dollar General,1707 Four H Club Rd,Augusta GA 30906"">",1707 Four H Club Rd,"Augusta, GA 30906","<div class=""store-details__main-travel"" data-latitude=""33.3608"" data-longitude=""-81.9911"">
        <div class=""store-details__main-distance""></div>
        <a class=""store-details__main-directions"" href=""javascript:void(0);"" target=""_blank""></a>
    </div>",(706) 750-0983
"<img class=""store-details__map-image"" src=""https://maps.googleapis.com/maps/api/staticmap?center=Dollar+General%2C710+Riverside+Pkwy%2CAustell+GA+30168-7006&amp;zoom=15&amp;size=730x600&amp;markers=icon%3Ahttps%3A%2F%2Fwww.dollargeneral.com%2Fetc.clientlibs%2Fdollargeneral%2Fclientlibs%2Fclientlib-site%2Fresources%2Fimages%2Fstatic-map-pin.png%7C33.77905%2C-84.575632&amp;key=AIzaSyDi0nb6nKeHaDJWFtAvbAIPKBrUuAc_mTY&amp;signature=yVHEHr4Wo5LxWNPeaJArEVD3byw="" alt=""Google map showing the dropped pin on Dollar General,710 Riverside Pkwy,Austell GA 30168-7006"">",710 Riverside Pkwy,"Austell, GA 30168-7006","<div class=""store-details__main-travel"" data-latitude=""33.77905"" data-longitude=""-84.575632"">
        <div class=""store-details__main-distance""></div>
        <a class=""store-details__main-directions"" href=""javascript:void(0);"" target=""_blank""></a>
    </div>",(470) 531-0415
"<img class=""store-details__map-image"" src=""https://maps.googleapis.com/maps/api/staticmap?center=Dollar+General%2C5055+Austell+Rd+Ste+125%2CAustell+GA+30106-2855&amp;zoom=15&amp;size=730x600&amp;markers=icon%3Ahttps%3A%2F%2Fwww.dollargeneral.com%2Fetc.clientlibs%2Fdollargeneral%2Fclientlibs%2Fclientlib-site%2Fresources%2Fimages%2Fstatic-map-pin.png%7C33.8288%2C-84.6139&amp;key=AIzaSyDi0nb6nKeHaDJWFtAvbAIPKBrUuAc_mTY&amp;signature=sfUsjMwEbUMR0ytonSd6wxzowpU="" alt=""Google map showing the dropped pin on Dollar General,5055 Austell Rd Ste 125,Austell GA 30106-2855"">",5055 Austell Rd Ste 125,"Austell, GA 30106-2855","<div class=""store-details__main-travel"" data-latitude=""33.8288"" data-longitude=""-84.6139"" style=""display: none;"">
        <div class=""store-details__main-distance""></div>
        <a class=""store-details__main-directions"" href=""javascript:void(0);"" target=""_blank""></a>
    </div>",(470) 632-0213
"<img class=""store-details__map-image"" src=""https://maps.googleapis.com/maps/api/staticmap?center=Dollar+General%2C3000+Veterans+Memorial+Hwy+Sw%2CAustell+GA+30168&amp;zoom=15&amp;size=730x600&amp;markers=icon%3Ahttps%3A%2F%2Fwww.dollargeneral.com%2Fetc.clientlibs%2Fdollargeneral%2Fclientlibs%2Fclientlib-site%2Fresources%2Fimages%2Fstatic-map-pin.png%7C33.8065%2C-84.6368&amp;key=AIzaSyDi0nb6nKeHaDJWFtAvbAIPKBrUuAc_mTY&amp;signature=BjqVV5zqwZpEOfTJ1P3V3UmXV8s="" alt=""Google map showing the dropped pin on Dollar General,3000 Veterans Memorial Hwy Sw,Austell GA 30168"">",3000 Veterans Memorial Hwy Sw,"Austell, GA 30168","<div class=""store-details__main-travel"" data-latitude=""33.8065"" data-longitude=""-84.6368"">
        <div class=""store-details__main-distance""></div>
        <a class=""store-details__main-directions"" href=""javascript:void(0);"" target=""_blank""></a>
    </div>",(470) 531-2420
"<img class=""store-details__map-image"" src=""https://maps.googleapis.com/maps/api/staticmap?center=Dollar+General%2C2063+Historic+Hwy+17%2CAvalon+GA+30557-3815&amp;zoom=15&amp;size=730x600&amp;markers=icon%3Ahttps%3A%2F%2Fwww.dollargeneral.com%2Fetc.clientlibs%2Fdollargeneral%2Fclientlibs%2Fclientlib-site%2Fresources%2Fimages%2Fstatic-map-pin.png%7C34.505295%2C-83.201937&amp;key=AIzaSyDi0nb6nKeHaDJWFtAvbAIPKBrUuAc_mTY&amp;signature=amxf1Na-rb-3aBqGb0M3rrTFDfg="" alt=""Google map showing the dropped pin on Dollar General,2063 Historic Hwy 17,Avalon GA 30557-3815"">",2063 Historic Hwy 17,"Avalon, GA 30557-3815","<div class=""store-details__main-travel"" data-latitude=""34.505295"" data-longitude=""-83.201937"">
        <div class=""store-details__main-distance""></div>
        <a class=""store-details__main-directions"" href=""javascript:void(0);"" target=""_blank""></a>
    </div>",(706) 775-8998
"<img class=""store-details__map-image"" src=""https://maps.googleapis.com/maps/api/staticmap?center=Dollar+General%2C17+Minchew+Rd%2CAxson+GA+31624-6220&amp;zoom=15&amp;size=730x600&amp;markers=icon%3Ahttps%3A%2F%2Fwww.dollargeneral.com%2Fetc.clientlibs%2Fdollargeneral%2Fclientlibs%2Fclientlib-site%2Fresources%2Fimages%2Fstatic-map-pin.png%7C31.27688%2C-82.73445&amp;key=AIzaSyDi0nb6nKeHaDJWFtAvbAIPKBrUuAc_mTY&amp;signature=tlG73XdKK_qK9Mg_ogpurPxAkek="" alt=""Google map showing the dropped pin on Dollar General,17 Minchew Rd,Axson GA 31624-6220"">",17 Minchew Rd,"Axson, GA 31624-6220","<div class=""store-details__main-travel"" data-latitude=""31.27688"" data-longitude=""-82.73445"">
        <div class=""store-details__main-distance""></div>
        <a class=""store-details__main-directions"" href=""javascript:void(0);"" target=""_blank""></a>
    </div>",(912) 292-4938
"<img class=""store-details__map-image"" src=""https://maps.googleapis.com/maps/api/staticmap?center=Dollar+General%2C376+Lester+Rd+Ne%2CBaconton+GA+31716&amp;zoom=15&amp;size=730x600&amp;markers=icon%3Ahttps%3A%2F%2Fwww.dollargeneral.com%2Fetc.clientlibs%2Fdollargeneral%2Fclientlibs%2Fclientlib-site%2Fresources%2Fimages%2Fstatic-map-pin.png%7C31.38%2C-84.1506&amp;key=AIzaSyDi0nb6nKeHaDJWFtAvbAIPKBrUuAc_mTY&amp;signature=kSKIQgtehn2xBKsMCDvQnHocbHk="" alt=""Google map showing the dropped pin on Dollar General,376 Lester Rd Ne,Baconton GA 31716"">",376 Lester Rd Ne,"Baconton, GA 31716","<div class=""store-details__main-travel"" data-latitude=""31.374566"" data-longitude=""-84.152312"" style=""display: none;"">
        <div class=""store-details__main-distance""></div>
        <a class=""store-details__main-directions"" href=""javascript:void(0);"" target=""_blank""></a>
    </div>",(762) 354-4860
"<img class=""store-details__map-image"" src=""https://maps.googleapis.com/maps/api/staticmap?center=Dollar+General%2C426+N+Broad+St%2CBainbridge+GA+39817-3677&amp;zoom=15&amp;size=730x600&amp;markers=icon%3Ahttps%3A%2F%2Fwww.dollargeneral.com%2Fetc.clientlibs%2Fdollargeneral%2Fclientlibs%2Fclientlib-site%2Fresources%2Fimages%2Fstatic-map-pin.png%7C30.9092%2C-84.5755&amp;key=AIzaSyDi0nb6nKeHaDJWFtAvbAIPKBrUuAc_mTY&amp;signature=acpm19s_LY93nuJ4kUaLlpUXgeY="" alt=""Google map showing the dropped pin on Dollar General,426 N Broad St,Bainbridge GA 39817-3677"">",426 N Broad St,"Bainbridge, GA 39817-3677","<div class=""store-details__main-travel"" data-latitude=""30.9092"" data-longitude=""-84.5755"">
        <div class=""store-details__main-distance""></div>
        <a class=""store-details__main-directions"" href=""javascript:void(0);"" target=""_blank""></a>
    </div>",(706) 405-2872
"<img class=""store-details__map-image"" src=""https://maps.googleapis.com/maps/api/staticmap?center=Dollar+General%2C2560+Thomasville+Rd%2CBainbridge+GA+39819-7954&amp;zoom=15&amp;size=730x600&amp;markers=icon%3Ahttps%3A%2F%2Fwww.dollargeneral.com%2Fetc.clientlibs%2Fdollargeneral%2Fclientlibs%2Fclientlib-site%2Fresources%2Fimages%2Fstatic-map-pin.png%7C30.9009%2C-84.5248&amp;key=AIzaSyDi0nb6nKeHaDJWFtAvbAIPKBrUuAc_mTY&amp;signature=zGWIicVuTc2Q_hWwrII7DwXTKPo="" alt=""Google map showing the dropped pin on Dollar General,2560 Thomasville Rd,Bainbridge GA 39819-7954"">",2560 Thomasville Rd,"Bainbridge, GA 39819-7954","<div class=""store-details__main-travel"" data-latitude=""30.9009"" data-longitude=""-84.5248"">
        <div class=""store-details__main-distance""></div>
        <a class=""store-details__main-directions"" href=""javascript:void(0);"" target=""_blank""></a>
    </div>",(229) 515-4845
"<img class=""store-details__map-image"" src=""https://maps.googleapis.com/maps/api/staticmap?center=Dollar+General%2C2051+Dothan+Rd%2CBainbridge+GA+39817-1703&amp;zoom=15&amp;size=730x600&amp;markers=icon%3Ahttps%3A%2F%2Fwww.dollargeneral.com%2Fetc.clientlibs%2Fdollargeneral%2Fclientlibs%2Fclientlib-site%2Fresources%2Fimages%2Fstatic-map-pin.png%7C30.922484%2C-84.610211&amp;key=AIzaSyDi0nb6nKeHaDJWFtAvbAIPKBrUuAc_mTY&amp;signature=kkMxZy3yfst2i7-VIbL-IwqfWxQ="" alt=""Google map showing the dropped pin on Dollar General,2051 Dothan Rd,Bainbridge GA 39817-1703"">",2051 Dothan Rd,"Bainbridge, GA 39817-1703","<div class=""store-details__main-travel"" data-latitude=""30.922484"" data-longitude=""-84.610211"">
        <div class=""store-details__main-distance""></div>
        <a class=""store-details__main-directions"" href=""javascript:void(0);"" target=""_blank""></a>
    </div>",(912) 387-4232
"<img class=""store-details__map-image"" src=""https://maps.googleapis.com/maps/api/staticmap?center=Dollar+General%2C1609+E+Shotwell+St%2CBainbridge+GA+39819-4357&amp;zoom=15&amp;size=730x600&amp;markers=icon%3Ahttps%3A%2F%2Fwww.dollargeneral.com%2Fetc.clientlibs%2Fdollargeneral%2Fclientlibs%2Fclientlib-site%2Fresources%2Fimages%2Fstatic-map-pin.png%7C30.904%2C-84.5505&amp;key=AIzaSyDi0nb6nKeHaDJWFtAvbAIPKBrUuAc_mTY&amp;signature=o4iPh0e7Dy6wfztn383x6tegafk="" alt=""Google map showing the dropped pin on Dollar General,1609 E Shotwell St,Bainbridge GA 39819-4357"">",1609 E Shotwell St,"Bainbridge, GA 39819-4357","<div class=""store-details__main-travel"" data-latitude=""30.904"" data-longitude=""-84.5505"" style=""display: none;"">
        <div class=""store-details__main-distance""></div>
        <a class=""store-details__main-directions"" href=""javascript:void(0);"" target=""_blank""></a>
    </div>",(470) 531-0126
"<img class=""store-details__map-image"" src=""https://maps.googleapis.com/maps/api/staticmap?center=Dollar+General%2C2045+Vada+Road%2CBainbridge+GA+39817&amp;zoom=15&amp;size=730x600&amp;markers=icon%3Ahttps%3A%2F%2Fwww.dollargeneral.com%2Fetc.clientlibs%2Fdollargeneral%2Fclientlibs%2Fclientlib-site%2Fresources%2Fimages%2Fstatic-map-pin.png%7C30.9252%2C-84.5411&amp;key=AIzaSyDi0nb6nKeHaDJWFtAvbAIPKBrUuAc_mTY&amp;signature=TzMdxO_7GyYB9c0vb1IuItx7gNQ="" alt=""Google map showing the dropped pin on Dollar General,2045 Vada Road,Bainbridge GA 39817"">",2045 Vada Road,"Bainbridge, GA 39817","<div class=""store-details__main-travel"" data-latitude=""30.9252"" data-longitude=""-84.5411"">
        <div class=""store-details__main-distance""></div>
        <a class=""store-details__main-directions"" href=""javascript:void(0);"" target=""_blank""></a>
    </div>",(762) 208-5185
"<img class=""store-details__map-image"" src=""https://maps.googleapis.com/maps/api/staticmap?center=Dollar+General%2C105+Harmony+Church+Rd%2CBaldwin+GA+30511&amp;zoom=15&amp;size=730x600&amp;markers=icon%3Ahttps%3A%2F%2Fwww.dollargeneral.com%2Fetc.clientlibs%2Fdollargeneral%2Fclientlibs%2Fclientlib-site%2Fresources%2Fimages%2Fstatic-map-pin.png%7C34.4476%2C-83.5124&amp;key=AIzaSyDi0nb6nKeHaDJWFtAvbAIPKBrUuAc_mTY&amp;signature=IqQbKypdbOTdNIgaSasJo0kdFmc="" alt=""Google map showing the dropped pin on Dollar General,105 Harmony Church Rd,Baldwin GA 30511"">",105 Harmony Church Rd,"Baldwin, GA 30511","<div class=""store-details__main-travel"" data-latitude=""34.4476"" data-longitude=""-83.5124"">
        <div class=""store-details__main-distance""></div>
        <a class=""store-details__main-directions"" href=""javascript:void(0);"" target=""_blank""></a>
    </div>",(470) 616-0648
"<img class=""store-details__map-image"" src=""https://maps.googleapis.com/maps/api/staticmap?center=Dollar+General%2C1345+Willingham+Ave%2CBaldwin+GA+30511-2041&amp;zoom=15&amp;size=730x600&amp;markers=icon%3Ahttps%3A%2F%2Fwww.dollargeneral.com%2Fetc.clientlibs%2Fdollargeneral%2Fclientlibs%2Fclientlib-site%2Fresources%2Fimages%2Fstatic-map-pin.png%7C34.494221%2C-83.535509&amp;key=AIzaSyDi0nb6nKeHaDJWFtAvbAIPKBrUuAc_mTY&amp;signature=mbDdxbd4DjSlHV8ZSGmWsocp5J8="" alt=""Google map showing the dropped pin on Dollar General,1345 Willingham Ave,Baldwin GA 30511-2041"">",1345 Willingham Ave,"Baldwin, GA 30511-2041","<div class=""store-details__main-travel"" data-latitude=""34.494221"" data-longitude=""-83.535509"">
        <div class=""store-details__main-distance""></div>
        <a class=""store-details__main-directions"" href=""javascript:void(0);"" target=""_blank""></a>
    </div>",(762) 239-9045
"<img class=""store-details__map-image"" src=""https://maps.googleapis.com/maps/api/staticmap?center=Dollar+General%2C10150+Ball+Ground+Hwy%2CBall+Ground+GA+30107-6319&amp;zoom=15&amp;size=730x600&amp;markers=icon%3Ahttps%3A%2F%2Fwww.dollargeneral.com%2Fetc.clientlibs%2Fdollargeneral%2Fclientlibs%2Fclientlib-site%2Fresources%2Fimages%2Fstatic-map-pin.png%7C34.3511%2C-84.3787&amp;key=AIzaSyDi0nb6nKeHaDJWFtAvbAIPKBrUuAc_mTY&amp;signature=EUZcqmCow-44lG9trDCCO-qwAZw="" alt=""Google map showing the dropped pin on Dollar General,10150 Ball Ground Hwy,Ball Ground GA 30107-6319"">",10150 Ball Ground Hwy,"Ball Ground, GA 30107-6319","<div class=""store-details__main-travel"" data-latitude=""34.3511"" data-longitude=""-84.3787"" style=""display: none;"">
        <div class=""store-details__main-distance""></div>
        <a class=""store-details__main-directions"" href=""javascript:void(0);"" target=""_blank""></a>
    </div>",(470) 394-0572
"<img class=""store-details__map-image"" src=""https://maps.googleapis.com/maps/api/staticmap?center=Dollar+General%2C817+College+Dr%2CBarnesville+GA+30204&amp;zoom=15&amp;size=730x600&amp;markers=icon%3Ahttps%3A%2F%2Fwww.dollargeneral.com%2Fetc.clientlibs%2Fdollargeneral%2Fclientlibs%2Fclientlib-site%2Fresources%2Fimages%2Fstatic-map-pin.png%7C33.0394%2C-84.1538&amp;key=AIzaSyDi0nb6nKeHaDJWFtAvbAIPKBrUuAc_mTY&amp;signature=WzQK-ahr8ukV6eugholcJ1f19u8="" alt=""Google map showing the dropped pin on Dollar General,817 College Dr,Barnesville GA 30204"">",817 College Dr,"Barnesville, GA 30204","<div class=""store-details__main-travel"" data-latitude=""33.0394"" data-longitude=""-84.1538"">
        <div class=""store-details__main-distance""></div>
        <a class=""store-details__main-directions"" href=""javascript:void(0);"" target=""_blank""></a>
    </div>",(470) 592-1255
"<img class=""store-details__map-image"" src=""https://maps.googleapis.com/maps/api/staticmap?center=Dollar+General%2C2096+S+Cedar+St%2CBarwick+GA+31720&amp;zoom=15&amp;size=730x600&amp;markers=icon%3Ahttps%3A%2F%2Fwww.dollargeneral.com%2Fetc.clientlibs%2Fdollargeneral%2Fclientlibs%2Fclientlib-site%2Fresources%2Fimages%2Fstatic-map-pin.png%7C30.8902%2C-83.7413&amp;key=AIzaSyDi0nb6nKeHaDJWFtAvbAIPKBrUuAc_mTY&amp;signature=ecVfQvZGaS-dLEw53xckUHl1NuA="" alt=""Google map showing the dropped pin on Dollar General,2096 S Cedar St,Barwick GA 31720"">",2096 S Cedar St,"Barwick, GA 31720","<div class=""store-details__main-travel"" data-latitude=""30.8902"" data-longitude=""-83.7413"">
        <div class=""store-details__main-distance""></div>
        <a class=""store-details__main-directions"" href=""javascript:void(0);"" target=""_blank""></a>
    </div>",(229) 266-2145
"<img class=""store-details__map-image"" src=""https://maps.googleapis.com/maps/api/staticmap?center=Dollar+General%2C24+Spring+Branch+Church+Rd%2CBaxley+GA+31513-1101&amp;zoom=15&amp;size=730x600&amp;markers=icon%3Ahttps%3A%2F%2Fwww.dollargeneral.com%2Fetc.clientlibs%2Fdollargeneral%2Fclientlibs%2Fclientlib-site%2Fresources%2Fimages%2Fstatic-map-pin.png%7C31.8414%2C-82.3519&amp;key=AIzaSyDi0nb6nKeHaDJWFtAvbAIPKBrUuAc_mTY&amp;signature=JrGxE0neVO_7WTmfXC56sv6Q6bk="" alt=""Google map showing the dropped pin on Dollar General,24 Spring Branch Church Rd,Baxley GA 31513-1101"">",24 Spring Branch Church Rd,"Baxley, GA 31513-1101","<div class=""store-details__main-travel"" data-latitude=""31.8414"" data-longitude=""-82.3519"">
        <div class=""store-details__main-distance""></div>
        <a class=""store-details__main-directions"" href=""javascript:void(0);"" target=""_blank""></a>
    </div>",(912) 785-3001
"<img class=""store-details__map-image"" src=""https://maps.googleapis.com/maps/api/staticmap?center=Dollar+General%2C5941+Us+Hwy+133+S%2CBerlin+GA+31722-0025&amp;zoom=15&amp;size=730x600&amp;markers=icon%3Ahttps%3A%2F%2Fwww.dollargeneral.com%2Fetc.clientlibs%2Fdollargeneral%2Fclientlibs%2Fclientlib-site%2Fresources%2Fimages%2Fstatic-map-pin.png%7C31.072946%2C-83.619691&amp;key=AIzaSyDi0nb6nKeHaDJWFtAvbAIPKBrUuAc_mTY&amp;signature=pZCq1jpPb4-ypRuJcglXwe_AzlU="" alt=""Google map showing the dropped pin on Dollar General,5941 Us Hwy 133 S,Berlin GA 31722-0025"">",5941 Us Hwy 133 S,"Berlin, GA 31722-0025","<div class=""store-details__main-travel"" data-latitude=""31.072946"" data-longitude=""-83.619691"">
        <div class=""store-details__main-distance""></div>
        <a class=""store-details__main-directions"" href=""javascript:void(0);"" target=""_blank""></a>
    </div>",(912) 226-1167
"<img class=""store-details__map-image"" src=""https://maps.googleapis.com/maps/api/staticmap?center=Dollar+General%2C14+Gifton+Thomas+Rd%2CBethlehem+GA+30620-2400&amp;zoom=15&amp;size=730x600&amp;markers=icon%3Ahttps%3A%2F%2Fwww.dollargeneral.com%2Fetc.clientlibs%2Fdollargeneral%2Fclientlibs%2Fclientlib-site%2Fresources%2Fimages%2Fstatic-map-pin.png%7C33.9397%2C-83.7149&amp;key=AIzaSyDi0nb6nKeHaDJWFtAvbAIPKBrUuAc_mTY&amp;signature=S2GYong2M9KZTb7a1sR5Kxc22e8="" alt=""Google map showing the dropped pin on Dollar General,14 Gifton Thomas Rd,Bethlehem GA 30620-2400"">",14 Gifton Thomas Rd,"Bethlehem, GA 30620-2400","<div class=""store-details__main-travel"" data-latitude=""33.9397"" data-longitude=""-83.7149"">
        <div class=""store-details__main-distance""></div>
        <a class=""store-details__main-directions"" href=""javascript:void(0);"" target=""_blank""></a>
    </div>",(470) 499-2755
"<img class=""store-details__map-image"" src=""https://maps.googleapis.com/maps/api/staticmap?center=Dollar+General%2C1257+Loganville+Hwy%2CBethlehem+GA+30620-2569&amp;zoom=15&amp;size=730x600&amp;markers=icon%3Ahttps%3A%2F%2Fwww.dollargeneral.com%2Fetc.clientlibs%2Fdollargeneral%2Fclientlibs%2Fclientlib-site%2Fresources%2Fimages%2Fstatic-map-pin.png%7C33.9246%2C-83.7723&amp;key=AIzaSyDi0nb6nKeHaDJWFtAvbAIPKBrUuAc_mTY&amp;signature=416jKUSBidnAPD4sU6X4wkQT6qw="" alt=""Google map showing the dropped pin on Dollar General,1257 Loganville Hwy,Bethlehem GA 30620-2569"">",1257 Loganville Hwy,"Bethlehem, GA 30620-2569","<div class=""store-details__main-travel"" data-latitude=""33.9246"" data-longitude=""-83.7723"">
        <div class=""store-details__main-distance""></div>
        <a class=""store-details__main-directions"" href=""javascript:void(0);"" target=""_blank""></a>
    </div>",(470) 655-1930
"<img class=""store-details__map-image"" src=""https://maps.googleapis.com/maps/api/staticmap?center=Dollar+General%2C6280+High+Shoals+Rd%2CBishop+GA+30621-1637&amp;zoom=15&amp;size=730x600&amp;markers=icon%3Ahttps%3A%2F%2Fwww.dollargeneral.com%2Fetc.clientlibs%2Fdollargeneral%2Fclientlibs%2Fclientlib-site%2Fresources%2Fimages%2Fstatic-map-pin.png%7C33.82397%2C-83.44107&amp;key=AIzaSyDi0nb6nKeHaDJWFtAvbAIPKBrUuAc_mTY&amp;signature=o8IOkK6Kx2cYYBTCsMOQAZvo1kM="" alt=""Google map showing the dropped pin on Dollar General,6280 High Shoals Rd,Bishop GA 30621-1637"">",6280 High Shoals Rd,"Bishop, GA 30621-1637","<div class=""store-details__main-travel"" data-latitude=""33.82397"" data-longitude=""-83.44107"">
        <div class=""store-details__main-distance""></div>
        <a class=""store-details__main-directions"" href=""javascript:void(0);"" target=""_blank""></a>
    </div>",(706) 666-0599
"<img class=""store-details__map-image"" src=""https://maps.googleapis.com/maps/api/staticmap?center=Dollar+General%2C8701+Hwy+280%2CBlack+Creek+GA+31308&amp;zoom=15&amp;size=730x600&amp;markers=icon%3Ahttps%3A%2F%2Fwww.dollargeneral.com%2Fetc.clientlibs%2Fdollargeneral%2Fclientlibs%2Fclientlib-site%2Fresources%2Fimages%2Fstatic-map-pin.png%7C32.165422%2C-81.493401&amp;key=AIzaSyDi0nb6nKeHaDJWFtAvbAIPKBrUuAc_mTY&amp;signature=3GkUpGkqMpXvSfiMaNK-GqvciC4="" alt=""Google map showing the dropped pin on Dollar General,8701 Hwy 280,Black Creek GA 31308"">",8701 Hwy 280,"Black Creek, GA 31308","<div class=""store-details__main-travel"" data-latitude=""32.165422"" data-longitude=""-81.493401"">
        <div class=""store-details__main-distance""></div>
        <a class=""store-details__main-directions"" href=""javascript:void(0);"" target=""_blank""></a>
    </div>",(912) 226-2417
"<img class=""store-details__map-image"" src=""https://maps.googleapis.com/maps/api/staticmap?center=Dollar+General%2C3346+Us+Highway+84%2CBlackshear+GA+31516-2065&amp;zoom=15&amp;size=730x600&amp;markers=icon%3Ahttps%3A%2F%2Fwww.dollargeneral.com%2Fetc.clientlibs%2Fdollargeneral%2Fclientlibs%2Fclientlib-site%2Fresources%2Fimages%2Fstatic-map-pin.png%7C31.2994%2C-82.2483&amp;key=AIzaSyDi0nb6nKeHaDJWFtAvbAIPKBrUuAc_mTY&amp;signature=aExAsx9dBa3nHPK_wPcNK4yJSM4="" alt=""Google map showing the dropped pin on Dollar General,3346 Us Highway 84,Blackshear GA 31516-2065"">",3346 Us Highway 84,"Blackshear, GA 31516-2065","<div class=""store-details__main-travel"" data-latitude=""31.2994"" data-longitude=""-82.2483"" style=""display: none;"">
        <div class=""store-details__main-distance""></div>
        <a class=""store-details__main-directions"" href=""javascript:void(0);"" target=""_blank""></a>
    </div>",(912) 452-0408
"<img class=""store-details__map-image"" src=""https://maps.googleapis.com/maps/api/staticmap?center=Dollar+General%2C1590+Hwy+84%2CBlackshear+GA+31516-1168&amp;zoom=15&amp;size=730x600&amp;markers=icon%3Ahttps%3A%2F%2Fwww.dollargeneral.com%2Fetc.clientlibs%2Fdollargeneral%2Fclientlibs%2Fclientlib-site%2Fresources%2Fimages%2Fstatic-map-pin.png%7C31.2501%2C-82.30926&amp;key=AIzaSyDi0nb6nKeHaDJWFtAvbAIPKBrUuAc_mTY&amp;signature=a6PkRa4kiK4htdg0IlHCG_6dOao="" alt=""Google map showing the dropped pin on Dollar General,1590 Hwy 84,Blackshear GA 31516-1168"">",1590 Hwy 84,"Blackshear, GA 31516-1168","<div class=""store-details__main-travel"" data-latitude=""31.2501"" data-longitude=""-82.30926"">
        <div class=""store-details__main-distance""></div>
        <a class=""store-details__main-directions"" href=""javascript:void(0);"" target=""_blank""></a>
    </div>",(912) 387-4870
"<img class=""store-details__map-image"" src=""https://maps.googleapis.com/maps/api/staticmap?center=Dollar+General%2C4637+Saint+Johns+Church+Rd%2CBlackshear+GA+31516&amp;zoom=15&amp;size=730x600&amp;markers=icon%3Ahttps%3A%2F%2Fwww.dollargeneral.com%2Fetc.clientlibs%2Fdollargeneral%2Fclientlibs%2Fclientlib-site%2Fresources%2Fimages%2Fstatic-map-pin.png%7C31.25075%2C-82.20107&amp;key=AIzaSyDi0nb6nKeHaDJWFtAvbAIPKBrUuAc_mTY&amp;signature=W0lO7G6CM9zlSw1VIHREPc-E4y4="" alt=""Google map showing the dropped pin on Dollar General,4637 Saint Johns Church Rd,Blackshear GA 31516"">",4637 Saint Johns Church Rd,"Blackshear, GA 31516","<div class=""store-details__main-travel"" data-latitude=""31.25075"" data-longitude=""-82.20107"">
        <div class=""store-details__main-distance""></div>
        <a class=""store-details__main-directions"" href=""javascript:void(0);"" target=""_blank""></a>
    </div>",(912) 406-3922
"<img class=""store-details__map-image"" src=""https://maps.googleapis.com/maps/api/staticmap?center=Dollar+General%2C5391+County+Farm+Rd%2CBlackshear+GA+31516-8582&amp;zoom=15&amp;size=730x600&amp;markers=icon%3Ahttps%3A%2F%2Fwww.dollargeneral.com%2Fetc.clientlibs%2Fdollargeneral%2Fclientlibs%2Fclientlib-site%2Fresources%2Fimages%2Fstatic-map-pin.png%7C31.3213%2C-82.2189&amp;key=AIzaSyDi0nb6nKeHaDJWFtAvbAIPKBrUuAc_mTY&amp;signature=S6PAYdzMy3-JEmn6lEpF60r6UnE="" alt=""Google map showing the dropped pin on Dollar General,5391 County Farm Rd,Blackshear GA 31516-8582"">",5391 County Farm Rd,"Blackshear, GA 31516-8582","<div class=""store-details__main-travel"" data-latitude=""31.3213"" data-longitude=""-82.2189"" style=""display: none;"">
        <div class=""store-details__main-distance""></div>
        <a class=""store-details__main-directions"" href=""javascript:void(0);"" target=""_blank""></a>
    </div>",(252) 745-1575
"<img class=""store-details__map-image"" src=""https://maps.googleapis.com/maps/api/staticmap?center=Dollar+General%2C100+Butternut+Xing+Ste+B%2CBlairsville+GA+30512-3013&amp;zoom=15&amp;size=730x600&amp;markers=icon%3Ahttps%3A%2F%2Fwww.dollargeneral.com%2Fetc.clientlibs%2Fdollargeneral%2Fclientlibs%2Fclientlib-site%2Fresources%2Fimages%2Fstatic-map-pin.png%7C34.875244%2C-83.971604&amp;key=AIzaSyDi0nb6nKeHaDJWFtAvbAIPKBrUuAc_mTY&amp;signature=OAd7sx-hCC_zMsqZSEoSFNT66eE="" alt=""Google map showing the dropped pin on Dollar General,100 Butternut Xing Ste B,Blairsville GA 30512-3013"">",100 Butternut Xing Ste B,"Blairsville, GA 30512-3013","<div class=""store-details__main-travel"" data-latitude=""34.875244"" data-longitude=""-83.971604"">
        <div class=""store-details__main-distance""></div>
        <a class=""store-details__main-directions"" href=""javascript:void(0);"" target=""_blank""></a>
    </div>",(470) 208-1465
"<img class=""store-details__map-image"" src=""https://maps.googleapis.com/maps/api/staticmap?center=Dollar+General%2C577+S+Church+St%2CBlakely+GA+39823-2922&amp;zoom=15&amp;size=730x600&amp;markers=icon%3Ahttps%3A%2F%2Fwww.dollargeneral.com%2Fetc.clientlibs%2Fdollargeneral%2Fclientlibs%2Fclientlib-site%2Fresources%2Fimages%2Fstatic-map-pin.png%7C31.374267%2C-84.936744&amp;key=AIzaSyDi0nb6nKeHaDJWFtAvbAIPKBrUuAc_mTY&amp;signature=-_QiQhHybm4qPArdDKOkru4nfm8="" alt=""Google map showing the dropped pin on Dollar General,577 S Church St,Blakely GA 39823-2922"">",577 S Church St,"Blakely, GA 39823-2922","<div class=""store-details__main-travel"" data-latitude=""31.374267"" data-longitude=""-84.936744"">
        <div class=""store-details__main-distance""></div>
        <a class=""store-details__main-directions"" href=""javascript:void(0);"" target=""_blank""></a>
    </div>",(478) 250-9490
"<img class=""store-details__map-image"" src=""https://maps.googleapis.com/maps/api/staticmap?center=Dollar+General%2C2855+Fort+Argyle+Rd%2CBloomingdale+GA+31302&amp;zoom=15&amp;size=730x600&amp;markers=icon%3Ahttps%3A%2F%2Fwww.dollargeneral.com%2Fetc.clientlibs%2Fdollargeneral%2Fclientlibs%2Fclientlib-site%2Fresources%2Fimages%2Fstatic-map-pin.png%7C32.080633%2C-81.372368&amp;key=AIzaSyDi0nb6nKeHaDJWFtAvbAIPKBrUuAc_mTY&amp;signature=_6woAa9lddtagOoiOHhyosgaIxw="" alt=""Google map showing the dropped pin on Dollar General,2855 Fort Argyle Rd,Bloomingdale GA 31302"">",2855 Fort Argyle Rd,"Bloomingdale, GA 31302","<div class=""store-details__main-travel"" data-latitude=""32.080633"" data-longitude=""-81.372368"">
        <div class=""store-details__main-distance""></div>
        <a class=""store-details__main-directions"" href=""javascript:void(0);"" target=""_blank""></a>
    </div>",(912) 244-4872
"<img class=""store-details__map-image"" src=""https://maps.googleapis.com/maps/api/staticmap?center=Dollar+General%2C208+East+Hwy+80%2CBloomingdale+GA+31302-9263&amp;zoom=15&amp;size=730x600&amp;markers=icon%3Ahttps%3A%2F%2Fwww.dollargeneral.com%2Fetc.clientlibs%2Fdollargeneral%2Fclientlibs%2Fclientlib-site%2Fresources%2Fimages%2Fstatic-map-pin.png%7C32.132232%2C-81.296808&amp;key=AIzaSyDi0nb6nKeHaDJWFtAvbAIPKBrUuAc_mTY&amp;signature=AC6JAvFEmKmE94dYUk54LjGTdXU="" alt=""Google map showing the dropped pin on Dollar General,208 East Hwy 80,Bloomingdale GA 31302-9263"">",208 East Hwy 80,"Bloomingdale, GA 31302-9263","<div class=""store-details__main-travel"" data-latitude=""32.132232"" data-longitude=""-81.296808"">
        <div class=""store-details__main-distance""></div>
        <a class=""store-details__main-directions"" href=""javascript:void(0);"" target=""_blank""></a>
    </div>",(912) 330-1620
"<img class=""store-details__map-image"" src=""https://maps.googleapis.com/maps/api/staticmap?center=Dollar+General%2C1334+Damascus+Circle%2CBlue+Ridge+GA+30513&amp;zoom=15&amp;size=730x600&amp;markers=icon%3Ahttps%3A%2F%2Fwww.dollargeneral.com%2Fetc.clientlibs%2Fdollargeneral%2Fclientlibs%2Fclientlib-site%2Fresources%2Fimages%2Fstatic-map-pin.png%7C34.921179%2C-84.379134&amp;key=AIzaSyDi0nb6nKeHaDJWFtAvbAIPKBrUuAc_mTY&amp;signature=Mj-sCh2vbzlfDK3t1fX_N5Sv-ps="" alt=""Google map showing the dropped pin on Dollar General,1334 Damascus Circle,Blue Ridge GA 30513"">",1334 Damascus Circle,"Blue Ridge, GA 30513","<div class=""store-details__main-travel"" data-latitude=""34.921179"" data-longitude=""-84.379134"">
        <div class=""store-details__main-distance""></div>
        <a class=""store-details__main-directions"" href=""javascript:void(0);"" target=""_blank""></a>
    </div>",(423) 761-4079
"<img class=""store-details__map-image"" src=""https://maps.googleapis.com/maps/api/staticmap?center=Dollar+General%2C2686+E+First+St%2CBlue+Ridge+GA+30513-9576&amp;zoom=15&amp;size=730x600&amp;markers=icon%3Ahttps%3A%2F%2Fwww.dollargeneral.com%2Fetc.clientlibs%2Fdollargeneral%2Fclientlibs%2Fclientlib-site%2Fresources%2Fimages%2Fstatic-map-pin.png%7C34.858509%2C-84.328253&amp;key=AIzaSyDi0nb6nKeHaDJWFtAvbAIPKBrUuAc_mTY&amp;signature=XZX-8B3H2aJuOrNZPrPo8SYHToI="" alt=""Google map showing the dropped pin on Dollar General,2686 E First St,Blue Ridge GA 30513-9576"">",2686 E First St,"Blue Ridge, GA 30513-9576","<div class=""store-details__main-travel"" data-latitude=""34.858509"" data-longitude=""-84.328253"">
        <div class=""store-details__main-distance""></div>
        <a class=""store-details__main-directions"" href=""javascript:void(0);"" target=""_blank""></a>
    </div>",(470) 290-4555
"<img class=""store-details__map-image"" src=""https://maps.googleapis.com/maps/api/staticmap?center=Dollar+General%2C3+Lance+St%2CBlue+Ridge+GA+30513-8019&amp;zoom=15&amp;size=730x600&amp;markers=icon%3Ahttps%3A%2F%2Fwww.dollargeneral.com%2Fetc.clientlibs%2Fdollargeneral%2Fclientlibs%2Fclientlib-site%2Fresources%2Fimages%2Fstatic-map-pin.png%7C34.8732%2C-84.3026&amp;key=AIzaSyDi0nb6nKeHaDJWFtAvbAIPKBrUuAc_mTY&amp;signature=1d5p4lxagZjPnN1HgHbTDrD9pKI="" alt=""Google map showing the dropped pin on Dollar General,3 Lance St,Blue Ridge GA 30513-8019"">",3 Lance St,"Blue Ridge, GA 30513-8019","<div class=""store-details__main-travel"" data-latitude=""34.8732"" data-longitude=""-84.3026"">
        <div class=""store-details__main-distance""></div>
        <a class=""store-details__main-directions"" href=""javascript:void(0);"" target=""_blank""></a>
    </div>",(423) 241-6180
"<img class=""store-details__map-image"" src=""https://maps.googleapis.com/maps/api/staticmap?center=Dollar+General%2C3404+Ga+Hwy+88%2CBlythe+GA+30805&amp;zoom=15&amp;size=730x600&amp;markers=icon%3Ahttps%3A%2F%2Fwww.dollargeneral.com%2Fetc.clientlibs%2Fdollargeneral%2Fclientlibs%2Fclientlib-site%2Fresources%2Fimages%2Fstatic-map-pin.png%7C33.3077%2C-82.1981&amp;key=AIzaSyDi0nb6nKeHaDJWFtAvbAIPKBrUuAc_mTY&amp;signature=UQcDdbmRrZkprJun8ofSH-Rj41I="" alt=""Google map showing the dropped pin on Dollar General,3404 Ga Hwy 88,Blythe GA 30805"">",3404 Ga Hwy 88,"Blythe, GA 30805","<div class=""store-details__main-travel"" data-latitude=""33.3077"" data-longitude=""-82.1981"" style=""display: none;"">
        <div class=""store-details__main-distance""></div>
        <a class=""store-details__main-directions"" href=""javascript:void(0);"" target=""_blank""></a>
    </div>",(706) 751-3535
"<img class=""store-details__map-image"" src=""https://maps.googleapis.com/maps/api/staticmap?center=Dollar+General%2C1031+Garland+Dr%2CBogart+GA+30622&amp;zoom=15&amp;size=730x600&amp;markers=icon%3Ahttps%3A%2F%2Fwww.dollargeneral.com%2Fetc.clientlibs%2Fdollargeneral%2Fclientlibs%2Fclientlib-site%2Fresources%2Fimages%2Fstatic-map-pin.png%7C33.917%2C-83.551&amp;key=AIzaSyDi0nb6nKeHaDJWFtAvbAIPKBrUuAc_mTY&amp;signature=vydPYxQLlv_jHg3L2-Fv-cXzmlc="" alt=""Google map showing the dropped pin on Dollar General,1031 Garland Dr,Bogart GA 30622"">",1031 Garland Dr,"Bogart, GA 30622","<div class=""store-details__main-travel"" data-latitude=""33.917"" data-longitude=""-83.551"">
        <div class=""store-details__main-distance""></div>
        <a class=""store-details__main-directions"" href=""javascript:void(0);"" target=""_blank""></a>
    </div>",(470) 499-2430
"<img class=""store-details__map-image"" src=""https://maps.googleapis.com/maps/api/staticmap?center=Dollar+General%2C751+Ga+Highway+96%2CBonaire+GA+31005-3327&amp;zoom=15&amp;size=730x600&amp;markers=icon%3Ahttps%3A%2F%2Fwww.dollargeneral.com%2Fetc.clientlibs%2Fdollargeneral%2Fclientlibs%2Fclientlib-site%2Fresources%2Fimages%2Fstatic-map-pin.png%7C32.555381%2C-83.659476&amp;key=AIzaSyDi0nb6nKeHaDJWFtAvbAIPKBrUuAc_mTY&amp;signature=RPKaGMi6zTNVn9rLy-XSp4ruioU="" alt=""Google map showing the dropped pin on Dollar General,751 Ga Highway 96,Bonaire GA 31005-3327"">",751 Ga Highway 96,"Bonaire, GA 31005-3327","<div class=""store-details__main-travel"" data-latitude=""32.555381"" data-longitude=""-83.659476"">
        <div class=""store-details__main-distance""></div>
        <a class=""store-details__main-directions"" href=""javascript:void(0);"" target=""_blank""></a>
    </div>",(478) 273-3420
"<img class=""store-details__map-image"" src=""https://maps.googleapis.com/maps/api/staticmap?center=Dollar+General%2C490+Hwy+247%2CBonaire+GA+31005-3719&amp;zoom=15&amp;size=730x600&amp;markers=icon%3Ahttps%3A%2F%2Fwww.dollargeneral.com%2Fetc.clientlibs%2Fdollargeneral%2Fclientlibs%2Fclientlib-site%2Fresources%2Fimages%2Fstatic-map-pin.png%7C32.5489%2C-83.5968&amp;key=AIzaSyDi0nb6nKeHaDJWFtAvbAIPKBrUuAc_mTY&amp;signature=amzyZx1ZxmvQ-LLTktwf-ZYO_wM="" alt=""Google map showing the dropped pin on Dollar General,490 Hwy 247,Bonaire GA 31005-3719"">",490 Hwy 247,"Bonaire, GA 31005-3719","<div class=""store-details__main-travel"" data-latitude=""32.5489"" data-longitude=""-83.5968"">
        <div class=""store-details__main-distance""></div>
        <a class=""store-details__main-directions"" href=""javascript:void(0);"" target=""_blank""></a>
    </div>",(478) 217-2885
"<img class=""store-details__map-image"" src=""https://maps.googleapis.com/maps/api/staticmap?center=Dollar+General%2C19850+Hwy+84+E%2CBoston+GA+31626-2682&amp;zoom=15&amp;size=730x600&amp;markers=icon%3Ahttps%3A%2F%2Fwww.dollargeneral.com%2Fetc.clientlibs%2Fdollargeneral%2Fclientlibs%2Fclientlib-site%2Fresources%2Fimages%2Fstatic-map-pin.png%7C30.7986%2C-83.8001&amp;key=AIzaSyDi0nb6nKeHaDJWFtAvbAIPKBrUuAc_mTY&amp;signature=G_nK2VziNIoV_LMEOG7kr_EcSlA="" alt=""Google map showing the dropped pin on Dollar General,19850 Hwy 84 E,Boston GA 31626-2682"">",19850 Hwy 84 E,"Boston, GA 31626-2682","<div class=""store-details__main-travel"" data-latitude=""30.7986"" data-longitude=""-83.8001"" style=""display: none;"">
        <div class=""store-details__main-distance""></div>
        <a class=""store-details__main-directions"" href=""javascript:void(0);"" target=""_blank""></a>
    </div>",(470) 851-2953
"<img class=""store-details__map-image"" src=""https://maps.googleapis.com/maps/api/staticmap?center=Dollar+General%2C203+Wedowee++St%2CBowdon+GA+30108-1535&amp;zoom=15&amp;size=730x600&amp;markers=icon%3Ahttps%3A%2F%2Fwww.dollargeneral.com%2Fetc.clientlibs%2Fdollargeneral%2Fclientlibs%2Fclientlib-site%2Fresources%2Fimages%2Fstatic-map-pin.png%7C33.5374%2C-85.2532&amp;key=AIzaSyDi0nb6nKeHaDJWFtAvbAIPKBrUuAc_mTY&amp;signature=IrRbukOkEqDnlktNjcg-JKU-6kk="" alt=""Google map showing the dropped pin on Dollar General,203 Wedowee  St,Bowdon GA 30108-1535"">",203 Wedowee  St,"Bowdon, GA 30108-1535","<div class=""store-details__main-travel"" data-latitude=""33.5374"" data-longitude=""-85.2532"">
        <div class=""store-details__main-distance""></div>
        <a class=""store-details__main-directions"" href=""javascript:void(0);"" target=""_blank""></a>
    </div>",(470) 431-0782
"<img class=""store-details__map-image"" src=""https://maps.googleapis.com/maps/api/staticmap?center=Dollar+General%2C3000+Five+Forks+Rd%2CBowman+GA+30624-2032&amp;zoom=15&amp;size=730x600&amp;markers=icon%3Ahttps%3A%2F%2Fwww.dollargeneral.com%2Fetc.clientlibs%2Fdollargeneral%2Fclientlibs%2Fclientlib-site%2Fresources%2Fimages%2Fstatic-map-pin.png%7C34.2173%2C-83.0399&amp;key=AIzaSyDi0nb6nKeHaDJWFtAvbAIPKBrUuAc_mTY&amp;signature=8G1jshJtsVqoVIlpSvMoNCrrawo="" alt=""Google map showing the dropped pin on Dollar General,3000 Five Forks Rd,Bowman GA 30624-2032"">",3000 Five Forks Rd,"Bowman, GA 30624-2032","<div class=""store-details__main-travel"" data-latitude=""34.2173"" data-longitude=""-83.0399"">
        <div class=""store-details__main-distance""></div>
        <a class=""store-details__main-directions"" href=""javascript:void(0);"" target=""_blank""></a>
    </div>",(706) 680-7619
"<img class=""store-details__map-image"" src=""https://maps.googleapis.com/maps/api/staticmap?center=Dollar+General%2C22+Box+Springs+Spur%2CBox+Springs+GA+31801-8244&amp;zoom=15&amp;size=730x600&amp;markers=icon%3Ahttps%3A%2F%2Fwww.dollargeneral.com%2Fetc.clientlibs%2Fdollargeneral%2Fclientlibs%2Fclientlib-site%2Fresources%2Fimages%2Fstatic-map-pin.png%7C32.5533%2C-84.6636&amp;key=AIzaSyDi0nb6nKeHaDJWFtAvbAIPKBrUuAc_mTY&amp;signature=4S-yi7_Uoi3E1xsSHhAwUqsoUck="" alt=""Google map showing the dropped pin on Dollar General,22 Box Springs Spur,Box Springs GA 31801-8244"">",22 Box Springs Spur,"Box Springs, GA 31801-8244","<div class=""store-details__main-travel"" data-latitude=""32.5533"" data-longitude=""-84.6636"">
        <div class=""store-details__main-distance""></div>
        <a class=""store-details__main-directions"" href=""javascript:void(0);"" target=""_blank""></a>
    </div>",(706) 610-0935
"<img class=""store-details__map-image"" src=""https://maps.googleapis.com/maps/api/staticmap?center=Dollar+General%2C40+Jackson+Ave%2CBraselton+GA+30517-4341&amp;zoom=15&amp;size=730x600&amp;markers=icon%3Ahttps%3A%2F%2Fwww.dollargeneral.com%2Fetc.clientlibs%2Fdollargeneral%2Fclientlibs%2Fclientlib-site%2Fresources%2Fimages%2Fstatic-map-pin.png%7C34.138%2C-83.7921&amp;key=AIzaSyDi0nb6nKeHaDJWFtAvbAIPKBrUuAc_mTY&amp;signature=FVeVOTPSbJIdS9Fo9xm6cwaqSJo="" alt=""Google map showing the dropped pin on Dollar General,40 Jackson Ave,Braselton GA 30517-4341"">",40 Jackson Ave,"Braselton, GA 30517-4341","<div class=""store-details__main-travel"" data-latitude=""34.138"" data-longitude=""-83.7921"">
        <div class=""store-details__main-distance""></div>
        <a class=""store-details__main-directions"" href=""javascript:void(0);"" target=""_blank""></a>
    </div>",(470) 242-6890
"<img class=""store-details__map-image"" src=""https://maps.googleapis.com/maps/api/staticmap?center=Dollar+General%2C830+Pacific+Ave.%2CBremen+GA+30110-2234&amp;zoom=15&amp;size=730x600&amp;markers=icon%3Ahttps%3A%2F%2Fwww.dollargeneral.com%2Fetc.clientlibs%2Fdollargeneral%2Fclientlibs%2Fclientlib-site%2Fresources%2Fimages%2Fstatic-map-pin.png%7C33.72422%2C-85.129895&amp;key=AIzaSyDi0nb6nKeHaDJWFtAvbAIPKBrUuAc_mTY&amp;signature=xvVI0S9SQDoyDyBmpds1-m44w_o="" alt=""Google map showing the dropped pin on Dollar General,830 Pacific Ave.,Bremen GA 30110-2234"">",830 Pacific Ave.,"Bremen, GA 30110-2234","<div class=""store-details__main-travel"" data-latitude=""33.72422"" data-longitude=""-85.129895"">
        <div class=""store-details__main-distance""></div>
        <a class=""store-details__main-directions"" href=""javascript:void(0);"" target=""_blank""></a>
    </div>",(470) 600-1042
"<img class=""store-details__map-image"" src=""https://maps.googleapis.com/maps/api/staticmap?center=Dollar+General%2C3050+Bremen+Mt+Zion+Rd%2CBremen+GA+30110-2545&amp;zoom=15&amp;size=730x600&amp;markers=icon%3Ahttps%3A%2F%2Fwww.dollargeneral.com%2Fetc.clientlibs%2Fdollargeneral%2Fclientlibs%2Fclientlib-site%2Fresources%2Fimages%2Fstatic-map-pin.png%7C33.6975%2C-85.1451&amp;key=AIzaSyDi0nb6nKeHaDJWFtAvbAIPKBrUuAc_mTY&amp;signature=nRMXwyUGaywbNhxTXs4hydGJnwE="" alt=""Google map showing the dropped pin on Dollar General,3050 Bremen Mt Zion Rd,Bremen GA 30110-2545"">",3050 Bremen Mt Zion Rd,"Bremen, GA 30110-2545","<div class=""store-details__main-travel"" data-latitude=""33.6975"" data-longitude=""-85.1451"">
        <div class=""store-details__main-distance""></div>
        <a class=""store-details__main-directions"" href=""javascript:void(0);"" target=""_blank""></a>
    </div>",(470) 600-1155
"<img class=""store-details__map-image"" src=""https://maps.googleapis.com/maps/api/staticmap?center=Dollar+General%2C4762+Cashtown+Rd%2CBremen+GA+30110&amp;zoom=15&amp;size=730x600&amp;markers=icon%3Ahttps%3A%2F%2Fwww.dollargeneral.com%2Fetc.clientlibs%2Fdollargeneral%2Fclientlibs%2Fclientlib-site%2Fresources%2Fimages%2Fstatic-map-pin.png%7C33.81665%2C-85.1003&amp;key=AIzaSyDi0nb6nKeHaDJWFtAvbAIPKBrUuAc_mTY&amp;signature=BxknH-q320_8XbYO0ByQHz2cXIA="" alt=""Google map showing the dropped pin on Dollar General,4762 Cashtown Rd,Bremen GA 30110"">",4762 Cashtown Rd,"Bremen, GA 30110","<div class=""store-details__main-travel"" data-latitude=""33.81665"" data-longitude=""-85.1003"">
        <div class=""store-details__main-distance""></div>
        <a class=""store-details__main-directions"" href=""javascript:void(0);"" target=""_blank""></a>
    </div>",(470) 600-5380
"<img class=""store-details__map-image"" src=""https://maps.googleapis.com/maps/api/staticmap?center=Dollar+General%2C46+Corinth+Poseyville+Rd%2CBremen+GA+30110-3900&amp;zoom=15&amp;size=730x600&amp;markers=icon%3Ahttps%3A%2F%2Fwww.dollargeneral.com%2Fetc.clientlibs%2Fdollargeneral%2Fclientlibs%2Fclientlib-site%2Fresources%2Fimages%2Fstatic-map-pin.png%7C33.746%2C-85.1545&amp;key=AIzaSyDi0nb6nKeHaDJWFtAvbAIPKBrUuAc_mTY&amp;signature=p8J02AEfW-mNjSrH1JnToC4cH04="" alt=""Google map showing the dropped pin on Dollar General,46 Corinth Poseyville Rd,Bremen GA 30110-3900"">",46 Corinth Poseyville Rd,"Bremen, GA 30110-3900","<div class=""store-details__main-travel"" data-latitude=""33.746"" data-longitude=""-85.1545"">
        <div class=""store-details__main-distance""></div>
        <a class=""store-details__main-directions"" href=""javascript:void(0);"" target=""_blank""></a>
    </div>",(470) 600-5097
"<img class=""store-details__map-image"" src=""https://maps.googleapis.com/maps/api/staticmap?center=Dollar+General%2C2019+Highway+121%2CBristol+GA+31518-9701&amp;zoom=15&amp;size=730x600&amp;markers=icon%3Ahttps%3A%2F%2Fwww.dollargeneral.com%2Fetc.clientlibs%2Fdollargeneral%2Fclientlibs%2Fclientlib-site%2Fresources%2Fimages%2Fstatic-map-pin.png%7C31.448%2C-82.2154&amp;key=AIzaSyDi0nb6nKeHaDJWFtAvbAIPKBrUuAc_mTY&amp;signature=cTjeEZgWGpwbpa-CZQY3YlX7vGU="" alt=""Google map showing the dropped pin on Dollar General,2019 Highway 121,Bristol GA 31518-9701"">",2019 Highway 121,"Bristol, GA 31518-9701","<div class=""store-details__main-travel"" data-latitude=""31.448"" data-longitude=""-82.2154"" style=""display: none;"">
        <div class=""store-details__main-distance""></div>
        <a class=""store-details__main-directions"" href=""javascript:void(0);"" target=""_blank""></a>
    </div>",(706) 389-9252
"<img class=""store-details__map-image"" src=""https://maps.googleapis.com/maps/api/staticmap?center=Dollar+General%2C16643+Us+Highway+80+E%2CBrooklet+GA+30415-6683&amp;zoom=15&amp;size=730x600&amp;markers=icon%3Ahttps%3A%2F%2Fwww.dollargeneral.com%2Fetc.clientlibs%2Fdollargeneral%2Fclientlibs%2Fclientlib-site%2Fresources%2Fimages%2Fstatic-map-pin.png%7C32.3724%2C-81.6566&amp;key=AIzaSyDi0nb6nKeHaDJWFtAvbAIPKBrUuAc_mTY&amp;signature=6_3o5yjjfPYEaEQXVhmfx3BGHMY="" alt=""Google map showing the dropped pin on Dollar General,16643 Us Highway 80 E,Brooklet GA 30415-6683"">",16643 Us Highway 80 E,"Brooklet, GA 30415-6683","<div class=""store-details__main-travel"" data-latitude=""32.3724"" data-longitude=""-81.6566"">
        <div class=""store-details__main-distance""></div>
        <a class=""store-details__main-directions"" href=""javascript:void(0);"" target=""_blank""></a>
    </div>",(912) 290-9120
"<img class=""store-details__map-image"" src=""https://maps.googleapis.com/maps/api/staticmap?center=Dollar+General%2C8733+Hwy+67%2CBrooklet+GA+30415&amp;zoom=15&amp;size=730x600&amp;markers=icon%3Ahttps%3A%2F%2Fwww.dollargeneral.com%2Fetc.clientlibs%2Fdollargeneral%2Fclientlibs%2Fclientlib-site%2Fresources%2Fimages%2Fstatic-map-pin.png%7C32.2848%2C-81.7244&amp;key=AIzaSyDi0nb6nKeHaDJWFtAvbAIPKBrUuAc_mTY&amp;signature=S5QRfZqCKrnfft47dhFI7NsbOTU="" alt=""Google map showing the dropped pin on Dollar General,8733 Hwy 67,Brooklet GA 30415"">",8733 Hwy 67,"Brooklet, GA 30415","<div class=""store-details__main-travel"" data-latitude=""32.2848"" data-longitude=""-81.7244"">
        <div class=""store-details__main-distance""></div>
        <a class=""store-details__main-directions"" href=""javascript:void(0);"" target=""_blank""></a>
    </div>",(912) 225-4954
"<img class=""store-details__map-image"" src=""https://maps.googleapis.com/maps/api/staticmap?center=Dollar+General%2C7768+Newnan+Rd%2CBrooks+GA+30205-2511&amp;zoom=15&amp;size=730x600&amp;markers=icon%3Ahttps%3A%2F%2Fwww.dollargeneral.com%2Fetc.clientlibs%2Fdollargeneral%2Fclientlibs%2Fclientlib-site%2Fresources%2Fimages%2Fstatic-map-pin.png%7C33.253889%2C-84.489889&amp;key=AIzaSyDi0nb6nKeHaDJWFtAvbAIPKBrUuAc_mTY&amp;signature=83UkYj8kVQKOHIVl_2diqP-emVA="" alt=""Google map showing the dropped pin on Dollar General,7768 Newnan Rd,Brooks GA 30205-2511"">",7768 Newnan Rd,"Brooks, GA 30205-2511","<div class=""store-details__main-travel"" data-latitude=""33.253889"" data-longitude=""-84.489889"" style=""display: none;"">
        <div class=""store-details__main-distance""></div>
        <a class=""store-details__main-directions"" href=""javascript:void(0);"" target=""_blank""></a>
    </div>",(470) 288-5580
"<img class=""store-details__map-image"" src=""https://maps.googleapis.com/maps/api/staticmap?center=Dollar+General%2C706+N+Alabma+St%2CBroxton+GA+31519-0953&amp;zoom=15&amp;size=730x600&amp;markers=icon%3Ahttps%3A%2F%2Fwww.dollargeneral.com%2Fetc.clientlibs%2Fdollargeneral%2Fclientlibs%2Fclientlib-site%2Fresources%2Fimages%2Fstatic-map-pin.png%7C31.6272%2C-82.89118&amp;key=AIzaSyDi0nb6nKeHaDJWFtAvbAIPKBrUuAc_mTY&amp;signature=i2xN0fEKzVjCY6fefy-ukHdiCDQ="" alt=""Google map showing the dropped pin on Dollar General,706 N Alabma St,Broxton GA 31519-0953"">",706 N Alabma St,"Broxton, GA 31519-0953","<div class=""store-details__main-travel"" data-latitude=""31.6272"" data-longitude=""-82.89118"">
        <div class=""store-details__main-distance""></div>
        <a class=""store-details__main-directions"" href=""javascript:void(0);"" target=""_blank""></a>
    </div>",(912) 380-6695
"<img class=""store-details__map-image"" src=""https://maps.googleapis.com/maps/api/staticmap?center=Dollar+General%2C2915+Norwich+St.%2CBrunswick+GA+31520-4017&amp;zoom=15&amp;size=730x600&amp;markers=icon%3Ahttps%3A%2F%2Fwww.dollargeneral.com%2Fetc.clientlibs%2Fdollargeneral%2Fclientlibs%2Fclientlib-site%2Fresources%2Fimages%2Fstatic-map-pin.png%7C31.169499%2C-81.499031&amp;key=AIzaSyDi0nb6nKeHaDJWFtAvbAIPKBrUuAc_mTY&amp;signature=9YWfwjsmB4ZzDgdMiWvFopx6gAI="" alt=""Google map showing the dropped pin on Dollar General,2915 Norwich St.,Brunswick GA 31520-4017"">",2915 Norwich St.,"Brunswick, GA 31520-4017","<div class=""store-details__main-travel"" data-latitude=""31.169499"" data-longitude=""-81.499031"">
        <div class=""store-details__main-distance""></div>
        <a class=""store-details__main-directions"" href=""javascript:void(0);"" target=""_blank""></a>
    </div>",(912) 254-0305
"<img class=""store-details__map-image"" src=""https://maps.googleapis.com/maps/api/staticmap?center=Dollar+General%2C4290+Georgia+Highway+120%2CBuchanan+GA+30113-4900&amp;zoom=15&amp;size=730x600&amp;markers=icon%3Ahttps%3A%2F%2Fwww.dollargeneral.com%2Fetc.clientlibs%2Fdollargeneral%2Fclientlibs%2Fclientlib-site%2Fresources%2Fimages%2Fstatic-map-pin.png%7C33.802842%2C-85.187906&amp;key=AIzaSyDi0nb6nKeHaDJWFtAvbAIPKBrUuAc_mTY&amp;signature=VtM0dEXRl2xFE4Up9SJsXHeWeUw="" alt=""Google map showing the dropped pin on Dollar General,4290 Georgia Highway 120,Buchanan GA 30113-4900"">",4290 Georgia Highway 120,"Buchanan, GA 30113-4900","<div class=""store-details__main-travel"" data-latitude=""33.802842"" data-longitude=""-85.187906"">
        <div class=""store-details__main-distance""></div>
        <a class=""store-details__main-directions"" href=""javascript:void(0);"" target=""_blank""></a>
    </div>",(470) 616-0770
"<img class=""store-details__map-image"" src=""https://maps.googleapis.com/maps/api/staticmap?center=Dollar+General%2C117+S+Broad+St%2CBuena+Vista+GA+31803-0927&amp;zoom=15&amp;size=730x600&amp;markers=icon%3Ahttps%3A%2F%2Fwww.dollargeneral.com%2Fetc.clientlibs%2Fdollargeneral%2Fclientlibs%2Fclientlib-site%2Fresources%2Fimages%2Fstatic-map-pin.png%7C32.3173%2C-84.5184&amp;key=AIzaSyDi0nb6nKeHaDJWFtAvbAIPKBrUuAc_mTY&amp;signature=xeUE4k57E9N189Uzu9Zo3b5Paj0="" alt=""Google map showing the dropped pin on Dollar General,117 S Broad St,Buena Vista GA 31803-0927"">",117 S Broad St,"Buena Vista, GA 31803-0927","<div class=""store-details__main-travel"" data-latitude=""32.3173"" data-longitude=""-84.5184"" style=""display: none;"">
        <div class=""store-details__main-distance""></div>
        <a class=""store-details__main-directions"" href=""javascript:void(0);"" target=""_blank""></a>
    </div>",(706) 890-9112
"<img class=""store-details__map-image"" src=""https://maps.googleapis.com/maps/api/staticmap?center=Dollar+General%2C936+Gainesville+Hwy%2CBuford+GA+30518-1612&amp;zoom=15&amp;size=730x600&amp;markers=icon%3Ahttps%3A%2F%2Fwww.dollargeneral.com%2Fetc.clientlibs%2Fdollargeneral%2Fclientlibs%2Fclientlib-site%2Fresources%2Fimages%2Fstatic-map-pin.png%7C34.147322%2C-83.963709&amp;key=AIzaSyDi0nb6nKeHaDJWFtAvbAIPKBrUuAc_mTY&amp;signature=nDQVb1r9-XQKZTyGAI8qkiCd3wA="" alt=""Google map showing the dropped pin on Dollar General,936 Gainesville Hwy,Buford GA 30518-1612"">",936 Gainesville Hwy,"Buford, GA 30518-1612","<div class=""store-details__main-travel"" data-latitude=""34.147322"" data-longitude=""-83.963709"">
        <div class=""store-details__main-distance""></div>
        <a class=""store-details__main-directions"" href=""javascript:void(0);"" target=""_blank""></a>
    </div>",(470) 655-0970
"<img class=""store-details__map-image"" src=""https://maps.googleapis.com/maps/api/staticmap?center=Dollar+General%2C60+Garnett+St%2CBuford+GA+30518-3016&amp;zoom=15&amp;size=730x600&amp;markers=icon%3Ahttps%3A%2F%2Fwww.dollargeneral.com%2Fetc.clientlibs%2Fdollargeneral%2Fclientlibs%2Fclientlib-site%2Fresources%2Fimages%2Fstatic-map-pin.png%7C34.11958%2C-84.005323&amp;key=AIzaSyDi0nb6nKeHaDJWFtAvbAIPKBrUuAc_mTY&amp;signature=PPvgm-vI1CTL4Ffk4cdCnMrzr1c="" alt=""Google map showing the dropped pin on Dollar General,60 Garnett St,Buford GA 30518-3016"">",60 Garnett St,"Buford, GA 30518-3016","<div class=""store-details__main-travel"" data-latitude=""34.11958"" data-longitude=""-84.005323"">
        <div class=""store-details__main-distance""></div>
        <a class=""store-details__main-directions"" href=""javascript:void(0);"" target=""_blank""></a>
    </div>",(470) 326-7031
"<img class=""store-details__map-image"" src=""https://maps.googleapis.com/maps/api/staticmap?center=Dollar+General%2C46+S+Broad+St%2CButler+GA+31006&amp;zoom=15&amp;size=730x600&amp;markers=icon%3Ahttps%3A%2F%2Fwww.dollargeneral.com%2Fetc.clientlibs%2Fdollargeneral%2Fclientlibs%2Fclientlib-site%2Fresources%2Fimages%2Fstatic-map-pin.png%7C32.5538%2C-84.2397&amp;key=AIzaSyDi0nb6nKeHaDJWFtAvbAIPKBrUuAc_mTY&amp;signature=IVqXkdijtm0wnOD2h8b6JcEC29o="" alt=""Google map showing the dropped pin on Dollar General,46 S Broad St,Butler GA 31006"">",46 S Broad St,"Butler, GA 31006","<div class=""store-details__main-travel"" data-latitude=""32.5538"" data-longitude=""-84.2397"">
        <div class=""store-details__main-distance""></div>
        <a class=""store-details__main-directions"" href=""javascript:void(0);"" target=""_blank""></a>
    </div>",(706) 341-3356
"<img class=""store-details__map-image"" src=""https://maps.googleapis.com/maps/api/staticmap?center=Dollar+General%2C480+Youngblood+Ave%2CByromville+GA+31007&amp;zoom=15&amp;size=730x600&amp;markers=icon%3Ahttps%3A%2F%2Fwww.dollargeneral.com%2Fetc.clientlibs%2Fdollargeneral%2Fclientlibs%2Fclientlib-site%2Fresources%2Fimages%2Fstatic-map-pin.png%7C32.2019%2C-83.9082&amp;key=AIzaSyDi0nb6nKeHaDJWFtAvbAIPKBrUuAc_mTY&amp;signature=XxKhbo5EJiVxy-1Hv8cLq74S90E="" alt=""Google map showing the dropped pin on Dollar General,480 Youngblood Ave,Byromville GA 31007"">",480 Youngblood Ave,"Byromville, GA 31007","<div class=""store-details__main-travel"" data-latitude=""32.2019"" data-longitude=""-83.9082"" style=""display: none;"">
        <div class=""store-details__main-distance""></div>
        <a class=""store-details__main-directions"" href=""javascript:void(0);"" target=""_blank""></a>
    </div>",(706) 309-0822
"<img class=""store-details__map-image"" src=""https://maps.googleapis.com/maps/api/staticmap?center=Dollar+General%2C3495+Us+Highway+41+N%2CByron+GA+31008-3710&amp;zoom=15&amp;size=730x600&amp;markers=icon%3Ahttps%3A%2F%2Fwww.dollargeneral.com%2Fetc.clientlibs%2Fdollargeneral%2Fclientlibs%2Fclientlib-site%2Fresources%2Fimages%2Fstatic-map-pin.png%7C32.6212%2C-83.709&amp;key=AIzaSyDi0nb6nKeHaDJWFtAvbAIPKBrUuAc_mTY&amp;signature=UxQNS9k-LKZZMWxD2ZY7PYwNQ7U="" alt=""Google map showing the dropped pin on Dollar General,3495 Us Highway 41 N,Byron GA 31008-3710"">",3495 Us Highway 41 N,"Byron, GA 31008-3710","<div class=""store-details__main-travel"" data-latitude=""32.6212"" data-longitude=""-83.709"">
        <div class=""store-details__main-distance""></div>
        <a class=""store-details__main-directions"" href=""javascript:void(0);"" target=""_blank""></a>
    </div>",(478) 721-4076
"<img class=""store-details__map-image"" src=""https://maps.googleapis.com/maps/api/staticmap?center=Dollar+General%2C100+Ga+Hwy+49+S%2CByron+GA+31008-0399&amp;zoom=15&amp;size=730x600&amp;markers=icon%3Ahttps%3A%2F%2Fwww.dollargeneral.com%2Fetc.clientlibs%2Fdollargeneral%2Fclientlibs%2Fclientlib-site%2Fresources%2Fimages%2Fstatic-map-pin.png%7C32.652069%2C-83.756805&amp;key=AIzaSyDi0nb6nKeHaDJWFtAvbAIPKBrUuAc_mTY&amp;signature=jJOfjM5P7yKdG8K9MmJcMtIycfY="" alt=""Google map showing the dropped pin on Dollar General,100 Ga Hwy 49 S,Byron GA 31008-0399"">",100 Ga Hwy 49 S,"Byron, GA 31008-0399","<div class=""store-details__main-travel"" data-latitude=""32.652069"" data-longitude=""-83.756805"">
        <div class=""store-details__main-distance""></div>
        <a class=""store-details__main-directions"" href=""javascript:void(0);"" target=""_blank""></a>
    </div>",(478) 721-4360
"<img class=""store-details__map-image"" src=""https://maps.googleapis.com/maps/api/staticmap?center=Dollar+General%2C4620+Boy+Scout+Rd%2CByron+GA+31008&amp;zoom=15&amp;size=730x600&amp;markers=icon%3Ahttps%3A%2F%2Fwww.dollargeneral.com%2Fetc.clientlibs%2Fdollargeneral%2Fclientlibs%2Fclientlib-site%2Fresources%2Fimages%2Fstatic-map-pin.png%7C32.71684%2C-83.77955&amp;key=AIzaSyDi0nb6nKeHaDJWFtAvbAIPKBrUuAc_mTY&amp;signature=kTsce0JblmPSZcQN6-ytYNz3JTQ="" alt=""Google map showing the dropped pin on Dollar General,4620 Boy Scout Rd,Byron GA 31008"">",4620 Boy Scout Rd,"Byron, GA 31008","<div class=""store-details__main-travel"" data-latitude=""32.71684"" data-longitude=""-83.77955"">
        <div class=""store-details__main-distance""></div>
        <a class=""store-details__main-directions"" href=""javascript:void(0);"" target=""_blank""></a>
    </div>",(478) 721-7776
"<img class=""store-details__map-image"" src=""https://maps.googleapis.com/maps/api/staticmap?center=Dollar+General%2C7045+Peach+Pkwy%2CByron+GA+31008&amp;zoom=15&amp;size=730x600&amp;markers=icon%3Ahttps%3A%2F%2Fwww.dollargeneral.com%2Fetc.clientlibs%2Fdollargeneral%2Fclientlibs%2Fclientlib-site%2Fresources%2Fimages%2Fstatic-map-pin.png%7C32.6153%2C-83.7899&amp;key=AIzaSyDi0nb6nKeHaDJWFtAvbAIPKBrUuAc_mTY&amp;signature=8Suob8P3mWzSThs-tKPD9B4Uu-k="" alt=""Google map showing the dropped pin on Dollar General,7045 Peach Pkwy,Byron GA 31008"">",7045 Peach Pkwy,"Byron, GA 31008","<div class=""store-details__main-travel"" data-latitude=""32.6153"" data-longitude=""-83.7899"" style=""display: none;"">
        <div class=""store-details__main-distance""></div>
        <a class=""store-details__main-directions"" href=""javascript:void(0);"" target=""_blank""></a>
    </div>",(478) 721-4342
"<img class=""store-details__map-image"" src=""https://maps.googleapis.com/maps/api/staticmap?center=Dollar+General%2C15+Peach+Rd%2CByron+GA+31008-4323&amp;zoom=15&amp;size=730x600&amp;markers=icon%3Ahttps%3A%2F%2Fwww.dollargeneral.com%2Fetc.clientlibs%2Fdollargeneral%2Fclientlibs%2Fclientlib-site%2Fresources%2Fimages%2Fstatic-map-pin.png%7C32.672426%2C-83.717687&amp;key=AIzaSyDi0nb6nKeHaDJWFtAvbAIPKBrUuAc_mTY&amp;signature=4yJfYKf3Gvg97dZQc14wbRkEHpk="" alt=""Google map showing the dropped pin on Dollar General,15 Peach Rd,Byron GA 31008-4323"">",15 Peach Rd,"Byron, GA 31008-4323","<div class=""store-details__main-travel"" data-latitude=""32.672426"" data-longitude=""-83.717687"">
        <div class=""store-details__main-distance""></div>
        <a class=""store-details__main-directions"" href=""javascript:void(0);"" target=""_blank""></a>
    </div>",(706) 659-0060
"<img class=""store-details__map-image"" src=""https://maps.googleapis.com/maps/api/staticmap?center=Dollar+General%2C425+2nd+Ave+Se%2CCairo+GA+39828-2729&amp;zoom=15&amp;size=730x600&amp;markers=icon%3Ahttps%3A%2F%2Fwww.dollargeneral.com%2Fetc.clientlibs%2Fdollargeneral%2Fclientlibs%2Fclientlib-site%2Fresources%2Fimages%2Fstatic-map-pin.png%7C30.876126%2C-84.203598&amp;key=AIzaSyDi0nb6nKeHaDJWFtAvbAIPKBrUuAc_mTY&amp;signature=w3ZM7f1iekE_dykLownb3lP7Qio="" alt=""Google map showing the dropped pin on Dollar General,425 2nd Ave Se,Cairo GA 39828-2729"">",425 2nd Ave Se,"Cairo, GA 39828-2729","<div class=""store-details__main-travel"" data-latitude=""30.876126"" data-longitude=""-84.203598"">
        <div class=""store-details__main-distance""></div>
        <a class=""store-details__main-directions"" href=""javascript:void(0);"" target=""_blank""></a>
    </div>",(470) 232-1198
"<img class=""store-details__map-image"" src=""https://maps.googleapis.com/maps/api/staticmap?center=Dollar+General%2C3168+New+Rosedale+Road+Ne%2CCalhoun+GA+30701&amp;zoom=15&amp;size=730x600&amp;markers=icon%3Ahttps%3A%2F%2Fwww.dollargeneral.com%2Fetc.clientlibs%2Fdollargeneral%2Fclientlibs%2Fclientlib-site%2Fresources%2Fimages%2Fstatic-map-pin.png%7C34.437572%2C-85.108777&amp;key=AIzaSyDi0nb6nKeHaDJWFtAvbAIPKBrUuAc_mTY&amp;signature=cbEk9U-pqelBhQpco-AhYQobACQ="" alt=""Google map showing the dropped pin on Dollar General,3168 New Rosedale Road Ne,Calhoun GA 30701"">",3168 New Rosedale Road Ne,"Calhoun, GA 30701","<div class=""store-details__main-travel"" data-latitude=""34.437572"" data-longitude=""-85.108777"">
        <div class=""store-details__main-distance""></div>
        <a class=""store-details__main-directions"" href=""javascript:void(0);"" target=""_blank""></a>
    </div>",(706) 659-0102
"<img class=""store-details__map-image"" src=""https://maps.googleapis.com/maps/api/staticmap?center=Dollar+General%2C1284+Curtis+Pkwy%2CCalhoun+GA+30701-3919&amp;zoom=15&amp;size=730x600&amp;markers=icon%3Ahttps%3A%2F%2Fwww.dollargeneral.com%2Fetc.clientlibs%2Fdollargeneral%2Fclientlibs%2Fclientlib-site%2Fresources%2Fimages%2Fstatic-map-pin.png%7C34.474912%2C-84.922271&amp;key=AIzaSyDi0nb6nKeHaDJWFtAvbAIPKBrUuAc_mTY&amp;signature=nkj1TkOTZ_W7xx5C4tkbSmY0SQw="" alt=""Google map showing the dropped pin on Dollar General,1284 Curtis Pkwy,Calhoun GA 30701-3919"">",1284 Curtis Pkwy,"Calhoun, GA 30701-3919","<div class=""store-details__main-travel"" data-latitude=""34.474912"" data-longitude=""-84.922271"" style=""display: none;"">
        <div class=""store-details__main-distance""></div>
        <a class=""store-details__main-directions"" href=""javascript:void(0);"" target=""_blank""></a>
    </div>",(706) 659-0070
"<img class=""store-details__map-image"" src=""https://maps.googleapis.com/maps/api/staticmap?center=Dollar+General%2C112+Campbell+Rd.%2CCalhoun+GA+30701&amp;zoom=15&amp;size=730x600&amp;markers=icon%3Ahttps%3A%2F%2Fwww.dollargeneral.com%2Fetc.clientlibs%2Fdollargeneral%2Fclientlibs%2Fclientlib-site%2Fresources%2Fimages%2Fstatic-map-pin.png%7C34.49279%2C-84.85449&amp;key=AIzaSyDi0nb6nKeHaDJWFtAvbAIPKBrUuAc_mTY&amp;signature=kyTIZKvO-7Lt-SSeLrmpDcsaAko="" alt=""Google map showing the dropped pin on Dollar General,112 Campbell Rd.,Calhoun GA 30701"">",112 Campbell Rd.,"Calhoun, GA 30701","<div class=""store-details__main-travel"" data-latitude=""34.49279"" data-longitude=""-84.85449"">
        <div class=""store-details__main-distance""></div>
        <a class=""store-details__main-directions"" href=""javascript:void(0);"" target=""_blank""></a>
    </div>",(706) 383-1218
"<img class=""store-details__map-image"" src=""https://maps.googleapis.com/maps/api/staticmap?center=Dollar+General%2C102+Mauldin+Rd+Nw%2CCalhoun+GA+30701&amp;zoom=15&amp;size=730x600&amp;markers=icon%3Ahttps%3A%2F%2Fwww.dollargeneral.com%2Fetc.clientlibs%2Fdollargeneral%2Fclientlibs%2Fclientlib-site%2Fresources%2Fimages%2Fstatic-map-pin.png%7C34.5163%2C-84.9465&amp;key=AIzaSyDi0nb6nKeHaDJWFtAvbAIPKBrUuAc_mTY&amp;signature=FKanLdOG1yJsecoKRNFMUY7k82U="" alt=""Google map showing the dropped pin on Dollar General,102 Mauldin Rd Nw,Calhoun GA 30701"">",102 Mauldin Rd Nw,"Calhoun, GA 30701","<div class=""store-details__main-travel"" data-latitude=""34.5163"" data-longitude=""-84.9465"">
        <div class=""store-details__main-distance""></div>
        <a class=""store-details__main-directions"" href=""javascript:void(0);"" target=""_blank""></a>
    </div>",(706) 609-8634
"<img class=""store-details__map-image"" src=""https://maps.googleapis.com/maps/api/staticmap?center=Dollar+General%2C926+Hunts+Gin+Rd+Ne%2CCalhoun+GA+30701-9500&amp;zoom=15&amp;size=730x600&amp;markers=icon%3Ahttps%3A%2F%2Fwww.dollargeneral.com%2Fetc.clientlibs%2Fdollargeneral%2Fclientlibs%2Fclientlib-site%2Fresources%2Fimages%2Fstatic-map-pin.png%7C34.531199%2C-84.846442&amp;key=AIzaSyDi0nb6nKeHaDJWFtAvbAIPKBrUuAc_mTY&amp;signature=8YN2d_XXPvk3f7cxnuUOBeeiyr8="" alt=""Google map showing the dropped pin on Dollar General,926 Hunts Gin Rd Ne,Calhoun GA 30701-9500"">",926 Hunts Gin Rd Ne,"Calhoun, GA 30701-9500","<div class=""store-details__main-travel"" data-latitude=""34.531199"" data-longitude=""-84.846442"">
        <div class=""store-details__main-distance""></div>
        <a class=""store-details__main-directions"" href=""javascript:void(0);"" target=""_blank""></a>
    </div>",(706) 383-1858
"<img class=""store-details__map-image"" src=""https://maps.googleapis.com/maps/api/staticmap?center=Dollar+General%2C634+Oothcalooga+St%2CCalhoun+GA+30701-2342&amp;zoom=15&amp;size=730x600&amp;markers=icon%3Ahttps%3A%2F%2Fwww.dollargeneral.com%2Fetc.clientlibs%2Fdollargeneral%2Fclientlibs%2Fclientlib-site%2Fresources%2Fimages%2Fstatic-map-pin.png%7C34.499875%2C-84.959442&amp;key=AIzaSyDi0nb6nKeHaDJWFtAvbAIPKBrUuAc_mTY&amp;signature=GapRRxoWOltmCv5zVoqVr_cJIvM="" alt=""Google map showing the dropped pin on Dollar General,634 Oothcalooga St,Calhoun GA 30701-2342"">",634 Oothcalooga St,"Calhoun, GA 30701-2342","<div class=""store-details__main-travel"" data-latitude=""34.499875"" data-longitude=""-84.959442"" style=""display: none;"">
        <div class=""store-details__main-distance""></div>
        <a class=""store-details__main-directions"" href=""javascript:void(0);"" target=""_blank""></a>
    </div>",(706) 383-1665
"<img class=""store-details__map-image"" src=""https://maps.googleapis.com/maps/api/staticmap?center=Dollar+General%2C200+Williams+St+Se%2CCalhoun+GA+30701-4690&amp;zoom=15&amp;size=730x600&amp;markers=icon%3Ahttps%3A%2F%2Fwww.dollargeneral.com%2Fetc.clientlibs%2Fdollargeneral%2Fclientlibs%2Fclientlib-site%2Fresources%2Fimages%2Fstatic-map-pin.png%7C34.5028%2C-84.9168&amp;key=AIzaSyDi0nb6nKeHaDJWFtAvbAIPKBrUuAc_mTY&amp;signature=RblaRxHCYLDCXIYedhQ-cUR9IP4="" alt=""Google map showing the dropped pin on Dollar General,200 Williams St Se,Calhoun GA 30701-4690"">",200 Williams St Se,"Calhoun, GA 30701-4690","<div class=""store-details__main-travel"" data-latitude=""34.5028"" data-longitude=""-84.9168"">
        <div class=""store-details__main-distance""></div>
        <a class=""store-details__main-directions"" href=""javascript:void(0);"" target=""_blank""></a>
    </div>",(706) 609-9190
"<img class=""store-details__map-image"" src=""https://maps.googleapis.com/maps/api/staticmap?center=Dollar+General%2C7224+Fairmount+Hwy+Se%2CCalhoun+GA+30701-4022&amp;zoom=15&amp;size=730x600&amp;markers=icon%3Ahttps%3A%2F%2Fwww.dollargeneral.com%2Fetc.clientlibs%2Fdollargeneral%2Fclientlibs%2Fclientlib-site%2Fresources%2Fimages%2Fstatic-map-pin.png%7C34.4487%2C-84.8333&amp;key=AIzaSyDi0nb6nKeHaDJWFtAvbAIPKBrUuAc_mTY&amp;signature=y82oYnlKwf9nTWN-bNc9uSshJbI="" alt=""Google map showing the dropped pin on Dollar General,7224 Fairmount Hwy Se,Calhoun GA 30701-4022"">",7224 Fairmount Hwy Se,"Calhoun, GA 30701-4022","<div class=""store-details__main-travel"" data-latitude=""34.4487"" data-longitude=""-84.8333"">
        <div class=""store-details__main-distance""></div>
        <a class=""store-details__main-directions"" href=""javascript:void(0);"" target=""_blank""></a>
    </div>",(706) 503-3098
"<img class=""store-details__map-image"" src=""https://maps.googleapis.com/maps/api/staticmap?center=Dollar+General%2C10419+County+Line+Rd%2CCamilla+GA+31730&amp;zoom=15&amp;size=730x600&amp;markers=icon%3Ahttps%3A%2F%2Fwww.dollargeneral.com%2Fetc.clientlibs%2Fdollargeneral%2Fclientlibs%2Fclientlib-site%2Fresources%2Fimages%2Fstatic-map-pin.png%7C31.0791%2C-84.4132&amp;key=AIzaSyDi0nb6nKeHaDJWFtAvbAIPKBrUuAc_mTY&amp;signature=D7XmFUnIlHMc4OEGl52pjAWg--M="" alt=""Google map showing the dropped pin on Dollar General,10419 County Line Rd,Camilla GA 31730"">",10419 County Line Rd,"Camilla, GA 31730","<div class=""store-details__main-travel"" data-latitude=""31.0791"" data-longitude=""-84.4132"" style=""display: none;"">
        <div class=""store-details__main-distance""></div>
        <a class=""store-details__main-directions"" href=""javascript:void(0);"" target=""_blank""></a>
    </div>",(470) 384-9310
"<img class=""store-details__map-image"" src=""https://maps.googleapis.com/maps/api/staticmap?center=Dollar+General%2C170+E+Oakland+Ave%2CCamilla+GA+31730-1535&amp;zoom=15&amp;size=730x600&amp;markers=icon%3Ahttps%3A%2F%2Fwww.dollargeneral.com%2Fetc.clientlibs%2Fdollargeneral%2Fclientlibs%2Fclientlib-site%2Fresources%2Fimages%2Fstatic-map-pin.png%7C31.233059%2C-84.202747&amp;key=AIzaSyDi0nb6nKeHaDJWFtAvbAIPKBrUuAc_mTY&amp;signature=mpA5wu1LtE7BfK8MJkr-TziaA2Q="" alt=""Google map showing the dropped pin on Dollar General,170 E Oakland Ave,Camilla GA 31730-1535"">",170 E Oakland Ave,"Camilla, GA 31730-1535","<div class=""store-details__main-travel"" data-latitude=""31.233059"" data-longitude=""-84.202747"">
        <div class=""store-details__main-distance""></div>
        <a class=""store-details__main-directions"" href=""javascript:void(0);"" target=""_blank""></a>
    </div>",(706) 478-7820
"<img class=""store-details__map-image"" src=""https://maps.googleapis.com/maps/api/staticmap?center=Dollar+General%2C463+Old+Highway+29+Rd%2CCanon+GA+30520&amp;zoom=15&amp;size=730x600&amp;markers=icon%3Ahttps%3A%2F%2Fwww.dollargeneral.com%2Fetc.clientlibs%2Fdollargeneral%2Fclientlibs%2Fclientlib-site%2Fresources%2Fimages%2Fstatic-map-pin.png%7C34.2931%2C-83.0228&amp;key=AIzaSyDi0nb6nKeHaDJWFtAvbAIPKBrUuAc_mTY&amp;signature=SyvG7UXYq8Dc1x_LLk13lE4QyTI="" alt=""Google map showing the dropped pin on Dollar General,463 Old Highway 29 Rd,Canon GA 30520"">",463 Old Highway 29 Rd,"Canon, GA 30520","<div class=""store-details__main-travel"" data-latitude=""34.2931"" data-longitude=""-83.0228"">
        <div class=""store-details__main-distance""></div>
        <a class=""store-details__main-directions"" href=""javascript:void(0);"" target=""_blank""></a>
    </div>",(762) 688-0105
"<img class=""store-details__map-image"" src=""https://maps.googleapis.com/maps/api/staticmap?center=Dollar+General%2C16+Roper+Rd%2CCanon+GA+30520-2100&amp;zoom=15&amp;size=730x600&amp;markers=icon%3Ahttps%3A%2F%2Fwww.dollargeneral.com%2Fetc.clientlibs%2Fdollargeneral%2Fclientlibs%2Fclientlib-site%2Fresources%2Fimages%2Fstatic-map-pin.png%7C34.346897%2C-83.112834&amp;key=AIzaSyDi0nb6nKeHaDJWFtAvbAIPKBrUuAc_mTY&amp;signature=qXRN0PmewnKS6ukOXi18RQAzmXc="" alt=""Google map showing the dropped pin on Dollar General,16 Roper Rd,Canon GA 30520-2100"">",16 Roper Rd,"Canon, GA 30520-2100","<div class=""store-details__main-travel"" data-latitude=""34.346897"" data-longitude=""-83.112834"">
        <div class=""store-details__main-distance""></div>
        <a class=""store-details__main-directions"" href=""javascript:void(0);"" target=""_blank""></a>
    </div>",(706) 680-7373
"<img class=""store-details__map-image"" src=""https://maps.googleapis.com/maps/api/staticmap?center=Dollar+General%2C105+Providence+Walk+Dr%2CCanton+GA+30114-8565&amp;zoom=15&amp;size=730x600&amp;markers=icon%3Ahttps%3A%2F%2Fwww.dollargeneral.com%2Fetc.clientlibs%2Fdollargeneral%2Fclientlibs%2Fclientlib-site%2Fresources%2Fimages%2Fstatic-map-pin.png%7C34.2047%2C-84.52367&amp;key=AIzaSyDi0nb6nKeHaDJWFtAvbAIPKBrUuAc_mTY&amp;signature=XcFyxJQpozNE26PbYOSdRL4ryWk="" alt=""Google map showing the dropped pin on Dollar General,105 Providence Walk Dr,Canton GA 30114-8565"">",105 Providence Walk Dr,"Canton, GA 30114-8565","<div class=""store-details__main-travel"" data-latitude=""34.2047"" data-longitude=""-84.52367"">
        <div class=""store-details__main-distance""></div>
        <a class=""store-details__main-directions"" href=""javascript:void(0);"" target=""_blank""></a>
    </div>",(470) 610-6330
"<img class=""store-details__map-image"" src=""https://maps.googleapis.com/maps/api/staticmap?center=Dollar+General%2C1750+Marietta+Hwy+Ste+170%2CCanton+GA+30114-8388&amp;zoom=15&amp;size=730x600&amp;markers=icon%3Ahttps%3A%2F%2Fwww.dollargeneral.com%2Fetc.clientlibs%2Fdollargeneral%2Fclientlibs%2Fclientlib-site%2Fresources%2Fimages%2Fstatic-map-pin.png%7C34.223605%2C-84.504292&amp;key=AIzaSyDi0nb6nKeHaDJWFtAvbAIPKBrUuAc_mTY&amp;signature=qt5OPjNaQOmuwCZ2ZjJbczIe92M="" alt=""Google map showing the dropped pin on Dollar General,1750 Marietta Hwy Ste 170,Canton GA 30114-8388"">",1750 Marietta Hwy Ste 170,"Canton, GA 30114-8388","<div class=""store-details__main-travel"" data-latitude=""34.223605"" data-longitude=""-84.504292"" style=""display: none;"">
        <div class=""store-details__main-distance""></div>
        <a class=""store-details__main-directions"" href=""javascript:void(0);"" target=""_blank""></a>
    </div>",(470) 601-6202
"<img class=""store-details__map-image"" src=""https://maps.googleapis.com/maps/api/staticmap?center=Dollar+General%2C11351+Cumming+Hwy%2CCanton+GA+30115-8113&amp;zoom=15&amp;size=730x600&amp;markers=icon%3Ahttps%3A%2F%2Fwww.dollargeneral.com%2Fetc.clientlibs%2Fdollargeneral%2Fclientlibs%2Fclientlib-site%2Fresources%2Fimages%2Fstatic-map-pin.png%7C34.248615%2C-84.306289&amp;key=AIzaSyDi0nb6nKeHaDJWFtAvbAIPKBrUuAc_mTY&amp;signature=rnVd6m-j0TQ3UfqRhTFoyfYZpgI="" alt=""Google map showing the dropped pin on Dollar General,11351 Cumming Hwy,Canton GA 30115-8113"">",11351 Cumming Hwy,"Canton, GA 30115-8113","<div class=""store-details__main-travel"" data-latitude=""34.248615"" data-longitude=""-84.306289"">
        <div class=""store-details__main-distance""></div>
        <a class=""store-details__main-directions"" href=""javascript:void(0);"" target=""_blank""></a>
    </div>",(470) 508-8322
"<img class=""store-details__map-image"" src=""https://maps.googleapis.com/maps/api/staticmap?center=Dollar+General%2C1883+Hickory+Flat+Hwy%2CCanton+GA+30115-1304&amp;zoom=15&amp;size=730x600&amp;markers=icon%3Ahttps%3A%2F%2Fwww.dollargeneral.com%2Fetc.clientlibs%2Fdollargeneral%2Fclientlibs%2Fclientlib-site%2Fresources%2Fimages%2Fstatic-map-pin.png%7C34.221138%2C-84.464661&amp;key=AIzaSyDi0nb6nKeHaDJWFtAvbAIPKBrUuAc_mTY&amp;signature=Cch916ADm8w75A7e-Tghmu0Be_I="" alt=""Google map showing the dropped pin on Dollar General,1883 Hickory Flat Hwy,Canton GA 30115-1304"">",1883 Hickory Flat Hwy,"Canton, GA 30115-1304","<div class=""store-details__main-travel"" data-latitude=""34.221138"" data-longitude=""-84.464661"">
        <div class=""store-details__main-distance""></div>
        <a class=""store-details__main-directions"" href=""javascript:void(0);"" target=""_blank""></a>
    </div>",(470) 766-1945
"<img class=""store-details__map-image"" src=""https://maps.googleapis.com/maps/api/staticmap?center=Dollar+General%2C22+Berkley+Rd%2CCarlton+GA+30627-6425&amp;zoom=15&amp;size=730x600&amp;markers=icon%3Ahttps%3A%2F%2Fwww.dollargeneral.com%2Fetc.clientlibs%2Fdollargeneral%2Fclientlibs%2Fclientlib-site%2Fresources%2Fimages%2Fstatic-map-pin.png%7C34.0583%2C-83.015&amp;key=AIzaSyDi0nb6nKeHaDJWFtAvbAIPKBrUuAc_mTY&amp;signature=vfYV-1EL6O3zpvcQs9hstq6IJRs="" alt=""Google map showing the dropped pin on Dollar General,22 Berkley Rd,Carlton GA 30627-6425"">",22 Berkley Rd,"Carlton, GA 30627-6425","<div class=""store-details__main-travel"" data-latitude=""34.0583"" data-longitude=""-83.015"">
        <div class=""store-details__main-distance""></div>
        <a class=""store-details__main-directions"" href=""javascript:void(0);"" target=""_blank""></a>
    </div>",(762) 499-3448
"<img class=""store-details__map-image"" src=""https://maps.googleapis.com/maps/api/staticmap?center=Dollar+General%2C9290+Lavonia+Rd%2CCarnesville+GA+30521-3201&amp;zoom=15&amp;size=730x600&amp;markers=icon%3Ahttps%3A%2F%2Fwww.dollargeneral.com%2Fetc.clientlibs%2Fdollargeneral%2Fclientlibs%2Fclientlib-site%2Fresources%2Fimages%2Fstatic-map-pin.png%7C34.3679%2C-83.2398&amp;key=AIzaSyDi0nb6nKeHaDJWFtAvbAIPKBrUuAc_mTY&amp;signature=u1KO_4bhgtAyBbQPdNanND8elYM="" alt=""Google map showing the dropped pin on Dollar General,9290 Lavonia Rd,Carnesville GA 30521-3201"">",9290 Lavonia Rd,"Carnesville, GA 30521-3201","<div class=""store-details__main-travel"" data-latitude=""34.3679"" data-longitude=""-83.2398"">
        <div class=""store-details__main-distance""></div>
        <a class=""store-details__main-directions"" href=""javascript:void(0);"" target=""_blank""></a>
    </div>",(762) 499-6438
"<img class=""store-details__map-image"" src=""https://maps.googleapis.com/maps/api/staticmap?center=Dollar+General%2C3960+Carrollton+Villa+Ric%2CCarrollton+GA+30116-5539&amp;zoom=15&amp;size=730x600&amp;markers=icon%3Ahttps%3A%2F%2Fwww.dollargeneral.com%2Fetc.clientlibs%2Fdollargeneral%2Fclientlibs%2Fclientlib-site%2Fresources%2Fimages%2Fstatic-map-pin.png%7C33.644099%2C-84.972478&amp;key=AIzaSyDi0nb6nKeHaDJWFtAvbAIPKBrUuAc_mTY&amp;signature=9Y_L40UTRAs3tj4g_IztIzo4wGU="" alt=""Google map showing the dropped pin on Dollar General,3960 Carrollton Villa Ric,Carrollton GA 30116-5539"">",3960 Carrollton Villa Ric,"Carrollton, GA 30116-5539","<div class=""store-details__main-travel"" data-latitude=""33.644099"" data-longitude=""-84.972478"">
        <div class=""store-details__main-distance""></div>
        <a class=""store-details__main-directions"" href=""javascript:void(0);"" target=""_blank""></a>
    </div>",(678) 890-7965
"<img class=""store-details__map-image"" src=""https://maps.googleapis.com/maps/api/staticmap?center=Dollar+General%2C4755+Hwy+166+E%2CCarrollton+GA+30116&amp;zoom=15&amp;size=730x600&amp;markers=icon%3Ahttps%3A%2F%2Fwww.dollargeneral.com%2Fetc.clientlibs%2Fdollargeneral%2Fclientlibs%2Fclientlib-site%2Fresources%2Fimages%2Fstatic-map-pin.png%7C33.61021%2C-84.93189&amp;key=AIzaSyDi0nb6nKeHaDJWFtAvbAIPKBrUuAc_mTY&amp;signature=LmardP4F2T8Jz6fhEQeTxkr4g7Y="" alt=""Google map showing the dropped pin on Dollar General,4755 Hwy 166 E,Carrollton GA 30116"">",4755 Hwy 166 E,"Carrollton, GA 30116","<div class=""store-details__main-travel"" data-latitude=""33.61021"" data-longitude=""-84.93189"">
        <div class=""store-details__main-distance""></div>
        <a class=""store-details__main-directions"" href=""javascript:void(0);"" target=""_blank""></a>
    </div>",(470) 868-3508
"<img class=""store-details__map-image"" src=""https://maps.googleapis.com/maps/api/staticmap?center=Dollar+General%2C1078+Alabama+Street%2CCarrollton+GA+30117-2004&amp;zoom=15&amp;size=730x600&amp;markers=icon%3Ahttps%3A%2F%2Fwww.dollargeneral.com%2Fetc.clientlibs%2Fdollargeneral%2Fclientlibs%2Fclientlib-site%2Fresources%2Fimages%2Fstatic-map-pin.png%7C33.587334%2C-85.098694&amp;key=AIzaSyDi0nb6nKeHaDJWFtAvbAIPKBrUuAc_mTY&amp;signature=nIXGA5cWdsGnvrQNkrvyIy7hh08="" alt=""Google map showing the dropped pin on Dollar General,1078 Alabama Street,Carrollton GA 30117-2004"">",1078 Alabama Street,"Carrollton, GA 30117-2004","<div class=""store-details__main-travel"" data-latitude=""33.587334"" data-longitude=""-85.098694"">
        <div class=""store-details__main-distance""></div>
        <a class=""store-details__main-directions"" href=""javascript:void(0);"" target=""_blank""></a>
    </div>",(470) 729-0145
"<img class=""store-details__map-image"" src=""https://maps.googleapis.com/maps/api/staticmap?center=Dollar+General%2C4043+Mt+Zion+Rd%2CCarrollton+GA+30117&amp;zoom=15&amp;size=730x600&amp;markers=icon%3Ahttps%3A%2F%2Fwww.dollargeneral.com%2Fetc.clientlibs%2Fdollargeneral%2Fclientlibs%2Fclientlib-site%2Fresources%2Fimages%2Fstatic-map-pin.png%7C33.625909%2C-85.178428&amp;key=AIzaSyDi0nb6nKeHaDJWFtAvbAIPKBrUuAc_mTY&amp;signature=dvzfsDxuGk4EOfQ5gFyU4Z0wHNM="" alt=""Google map showing the dropped pin on Dollar General,4043 Mt Zion Rd,Carrollton GA 30117"">",4043 Mt Zion Rd,"Carrollton, GA 30117","<div class=""store-details__main-travel"" data-latitude=""33.625909"" data-longitude=""-85.178428"" style=""display: none;"">
        <div class=""store-details__main-distance""></div>
        <a class=""store-details__main-directions"" href=""javascript:void(0);"" target=""_blank""></a>
    </div>",(470) 868-3520
"<img class=""store-details__map-image"" src=""https://maps.googleapis.com/maps/api/staticmap?center=Dollar+General%2C1003+N+Park+St%2CCarrollton+GA+30117-2226&amp;zoom=15&amp;size=730x600&amp;markers=icon%3Ahttps%3A%2F%2Fwww.dollargeneral.com%2Fetc.clientlibs%2Fdollargeneral%2Fclientlibs%2Fclientlib-site%2Fresources%2Fimages%2Fstatic-map-pin.png%7C33.5948%2C-85.0793&amp;key=AIzaSyDi0nb6nKeHaDJWFtAvbAIPKBrUuAc_mTY&amp;signature=bUjw6srbfudMYWgI93f54zxzv18="" alt=""Google map showing the dropped pin on Dollar General,1003 N Park St,Carrollton GA 30117-2226"">",1003 N Park St,"Carrollton, GA 30117-2226","<div class=""store-details__main-travel"" data-latitude=""33.5948"" data-longitude=""-85.0793"">
        <div class=""store-details__main-distance""></div>
        <a class=""store-details__main-directions"" href=""javascript:void(0);"" target=""_blank""></a>
    </div>",(470) 868-3510
"<img class=""store-details__map-image"" src=""https://maps.googleapis.com/maps/api/staticmap?center=Dollar+General%2C1515+Bankhead+Hwy%2CCarrollton+GA+30117-1852&amp;zoom=15&amp;size=730x600&amp;markers=icon%3Ahttps%3A%2F%2Fwww.dollargeneral.com%2Fetc.clientlibs%2Fdollargeneral%2Fclientlibs%2Fclientlib-site%2Fresources%2Fimages%2Fstatic-map-pin.png%7C33.601983%2C-85.026327&amp;key=AIzaSyDi0nb6nKeHaDJWFtAvbAIPKBrUuAc_mTY&amp;signature=FE6BiMvtcYJ8_IFmAfKnE8PY8bI="" alt=""Google map showing the dropped pin on Dollar General,1515 Bankhead Hwy,Carrollton GA 30117-1852"">",1515 Bankhead Hwy,"Carrollton, GA 30117-1852","<div class=""store-details__main-travel"" data-latitude=""33.601983"" data-longitude=""-85.026327"">
        <div class=""store-details__main-distance""></div>
        <a class=""store-details__main-directions"" href=""javascript:void(0);"" target=""_blank""></a>
    </div>",(470) 868-0372
"<img class=""store-details__map-image"" src=""https://maps.googleapis.com/maps/api/staticmap?center=Dollar+General%2C55+Gray+Rd%2CCarrollton+GA+30117&amp;zoom=15&amp;size=730x600&amp;markers=icon%3Ahttps%3A%2F%2Fwww.dollargeneral.com%2Fetc.clientlibs%2Fdollargeneral%2Fclientlibs%2Fclientlib-site%2Fresources%2Fimages%2Fstatic-map-pin.png%7C33.526705%2C-85.073575&amp;key=AIzaSyDi0nb6nKeHaDJWFtAvbAIPKBrUuAc_mTY&amp;signature=wOlKVoW-mRj8OUM0oO_YVppR2Yk="" alt=""Google map showing the dropped pin on Dollar General,55 Gray Rd,Carrollton GA 30117"">",55 Gray Rd,"Carrollton, GA 30117","<div class=""store-details__main-travel"" data-latitude=""33.526705"" data-longitude=""-85.073575"">
        <div class=""store-details__main-distance""></div>
        <a class=""store-details__main-directions"" href=""javascript:void(0);"" target=""_blank""></a>
    </div>",(470) 868-3535
"<img class=""store-details__map-image"" src=""https://maps.googleapis.com/maps/api/staticmap?center=Dollar+General%2C111+Newnan+Rd%2CCarrollton+GA+30117-3442&amp;zoom=15&amp;size=730x600&amp;markers=icon%3Ahttps%3A%2F%2Fwww.dollargeneral.com%2Fetc.clientlibs%2Fdollargeneral%2Fclientlibs%2Fclientlib-site%2Fresources%2Fimages%2Fstatic-map-pin.png%7C33.5801%2C-85.0653&amp;key=AIzaSyDi0nb6nKeHaDJWFtAvbAIPKBrUuAc_mTY&amp;signature=IrWGpeAWGSx6772Jz4aaZ_NgdII="" alt=""Google map showing the dropped pin on Dollar General,111 Newnan Rd,Carrollton GA 30117-3442"">",111 Newnan Rd,"Carrollton, GA 30117-3442","<div class=""store-details__main-travel"" data-latitude=""33.5801"" data-longitude=""-85.0653"" style=""display: none;"">
        <div class=""store-details__main-distance""></div>
        <a class=""store-details__main-directions"" href=""javascript:void(0);"" target=""_blank""></a>
    </div>",(470) 868-0667
"<img class=""store-details__map-image"" src=""https://maps.googleapis.com/maps/api/staticmap?center=Dollar+General%2C827+Maple+St%2CCarrollton+GA+30117-3625&amp;zoom=15&amp;size=730x600&amp;markers=icon%3Ahttps%3A%2F%2Fwww.dollargeneral.com%2Fetc.clientlibs%2Fdollargeneral%2Fclientlibs%2Fclientlib-site%2Fresources%2Fimages%2Fstatic-map-pin.png%7C33.574816%2C-85.084966&amp;key=AIzaSyDi0nb6nKeHaDJWFtAvbAIPKBrUuAc_mTY&amp;signature=etKjFk9H3x6OKdCkWgpT2_PsSaU="" alt=""Google map showing the dropped pin on Dollar General,827 Maple St,Carrollton GA 30117-3625"">",827 Maple St,"Carrollton, GA 30117-3625","<div class=""store-details__main-travel"" data-latitude=""33.574816"" data-longitude=""-85.084966"">
        <div class=""store-details__main-distance""></div>
        <a class=""store-details__main-directions"" href=""javascript:void(0);"" target=""_blank""></a>
    </div>",(470) 868-3530
"<img class=""store-details__map-image"" src=""https://maps.googleapis.com/maps/api/staticmap?center=Dollar+General%2C437+N+Highway+113%2CCarrollton+GA+30117-8696&amp;zoom=15&amp;size=730x600&amp;markers=icon%3Ahttps%3A%2F%2Fwww.dollargeneral.com%2Fetc.clientlibs%2Fdollargeneral%2Fclientlibs%2Fclientlib-site%2Fresources%2Fimages%2Fstatic-map-pin.png%7C33.617%2C-85.0781&amp;key=AIzaSyDi0nb6nKeHaDJWFtAvbAIPKBrUuAc_mTY&amp;signature=i1jbOaomiw-lilvvauGnWq9JmuI="" alt=""Google map showing the dropped pin on Dollar General,437 N Highway 113,Carrollton GA 30117-8696"">",437 N Highway 113,"Carrollton, GA 30117-8696","<div class=""store-details__main-travel"" data-latitude=""33.617"" data-longitude=""-85.0781"">
        <div class=""store-details__main-distance""></div>
        <a class=""store-details__main-directions"" href=""javascript:void(0);"" target=""_blank""></a>
    </div>",(470) 868-0356
"<img class=""store-details__map-image"" src=""https://maps.googleapis.com/maps/api/staticmap?center=Dollar+General%2C25+Whooping+Creek+Church+Road%2CCarrollton+GA+30116-9327&amp;zoom=15&amp;size=730x600&amp;markers=icon%3Ahttps%3A%2F%2Fwww.dollargeneral.com%2Fetc.clientlibs%2Fdollargeneral%2Fclientlibs%2Fclientlib-site%2Fresources%2Fimages%2Fstatic-map-pin.png%7C33.53416%2C-85.01307&amp;key=AIzaSyDi0nb6nKeHaDJWFtAvbAIPKBrUuAc_mTY&amp;signature=m3PVnpIsXdLXxVO4OFKxAk0q3Gg="" alt=""Google map showing the dropped pin on Dollar General,25 Whooping Creek Church Road,Carrollton GA 30116-9327"">",25 Whooping Creek Church Road,"Carrollton, GA 30116-9327","<div class=""store-details__main-travel"" data-latitude=""33.53416"" data-longitude=""-85.01307"">
        <div class=""store-details__main-distance""></div>
        <a class=""store-details__main-directions"" href=""javascript:void(0);"" target=""_blank""></a>
    </div>",(470) 868-3550
"<img class=""store-details__map-image"" src=""https://maps.googleapis.com/maps/api/staticmap?center=Dollar+General%2C4461+W+Hwy+166%2CCarrollton+GA+30117-9605&amp;zoom=15&amp;size=730x600&amp;markers=icon%3Ahttps%3A%2F%2Fwww.dollargeneral.com%2Fetc.clientlibs%2Fdollargeneral%2Fclientlibs%2Fclientlib-site%2Fresources%2Fimages%2Fstatic-map-pin.png%7C33.5596%2C-85.1822&amp;key=AIzaSyDi0nb6nKeHaDJWFtAvbAIPKBrUuAc_mTY&amp;signature=coNOv8jVmA75Eqe7g0Q7GKYWPhM="" alt=""Google map showing the dropped pin on Dollar General,4461 W Hwy 166,Carrollton GA 30117-9605"">",4461 W Hwy 166,"Carrollton, GA 30117-9605","<div class=""store-details__main-travel"" data-latitude=""33.5596"" data-longitude=""-85.1822"">
        <div class=""store-details__main-distance""></div>
        <a class=""store-details__main-directions"" href=""javascript:void(0);"" target=""_blank""></a>
    </div>",(912) 694-0002
"<img class=""store-details__map-image"" src=""https://maps.googleapis.com/maps/api/staticmap?center=Dollar+General%2C28+Boyd+Morris+Dr+Nw%2CCartersville+GA+30120&amp;zoom=15&amp;size=730x600&amp;markers=icon%3Ahttps%3A%2F%2Fwww.dollargeneral.com%2Fetc.clientlibs%2Fdollargeneral%2Fclientlibs%2Fclientlib-site%2Fresources%2Fimages%2Fstatic-map-pin.png%7C34.228784%2C-84.855928&amp;key=AIzaSyDi0nb6nKeHaDJWFtAvbAIPKBrUuAc_mTY&amp;signature=oQRQ4yUmC-bxAt7PK_M1EAqX1LA="" alt=""Google map showing the dropped pin on Dollar General,28 Boyd Morris Dr Nw,Cartersville GA 30120"">",28 Boyd Morris Dr Nw,"Cartersville, GA 30120","<div class=""store-details__main-travel"" data-latitude=""34.2262"" data-longitude=""-84.855"" style=""display: none;"">
        <div class=""store-details__main-distance""></div>
        <a class=""store-details__main-directions"" href=""javascript:void(0);"" target=""_blank""></a>
    </div>",(470) 227-1389
"<img class=""store-details__map-image"" src=""https://maps.googleapis.com/maps/api/staticmap?center=Dollar+General%2C11+Village+Dr%2CCartersville+GA+30121&amp;zoom=15&amp;size=730x600&amp;markers=icon%3Ahttps%3A%2F%2Fwww.dollargeneral.com%2Fetc.clientlibs%2Fdollargeneral%2Fclientlibs%2Fclientlib-site%2Fresources%2Fimages%2Fstatic-map-pin.png%7C34.2175%2C-84.8186&amp;key=AIzaSyDi0nb6nKeHaDJWFtAvbAIPKBrUuAc_mTY&amp;signature=e_siDtShI2vZr3_T8nhhiAW2ZwI="" alt=""Google map showing the dropped pin on Dollar General,11 Village Dr,Cartersville GA 30121"">",11 Village Dr,"Cartersville, GA 30121","<div class=""store-details__main-travel"" data-latitude=""34.2175"" data-longitude=""-84.8186"">
        <div class=""store-details__main-distance""></div>
        <a class=""store-details__main-directions"" href=""javascript:void(0);"" target=""_blank""></a>
    </div>",(470) 348-0225
"<img class=""store-details__map-image"" src=""https://maps.googleapis.com/maps/api/staticmap?center=Dollar+General%2C4+Dean+St%2CCartersville+GA+30120-1910&amp;zoom=15&amp;size=730x600&amp;markers=icon%3Ahttps%3A%2F%2Fwww.dollargeneral.com%2Fetc.clientlibs%2Fdollargeneral%2Fclientlibs%2Fclientlib-site%2Fresources%2Fimages%2Fstatic-map-pin.png%7C34.2061%2C-84.8314&amp;key=AIzaSyDi0nb6nKeHaDJWFtAvbAIPKBrUuAc_mTY&amp;signature=1Bq0Z3prZKmBdAkZt3CyS27qgD4="" alt=""Google map showing the dropped pin on Dollar General,4 Dean St,Cartersville GA 30120-1910"">",4 Dean St,"Cartersville, GA 30120-1910","<div class=""store-details__main-travel"" data-latitude=""34.2061"" data-longitude=""-84.8314"">
        <div class=""store-details__main-distance""></div>
        <a class=""store-details__main-directions"" href=""javascript:void(0);"" target=""_blank""></a>
    </div>",(470) 490-9207
"<img class=""store-details__map-image"" src=""https://maps.googleapis.com/maps/api/staticmap?center=Dollar+General%2C104+Market+Sq%2CCartersville+GA+30120-2854&amp;zoom=15&amp;size=730x600&amp;markers=icon%3Ahttps%3A%2F%2Fwww.dollargeneral.com%2Fetc.clientlibs%2Fdollargeneral%2Fclientlibs%2Fclientlib-site%2Fresources%2Fimages%2Fstatic-map-pin.png%7C34.174458%2C-84.787844&amp;key=AIzaSyDi0nb6nKeHaDJWFtAvbAIPKBrUuAc_mTY&amp;signature=A3tCVwE7HhPYCbA7KnOk6QpOmBQ="" alt=""Google map showing the dropped pin on Dollar General,104 Market Sq,Cartersville GA 30120-2854"">",104 Market Sq,"Cartersville, GA 30120-2854","<div class=""store-details__main-travel"" data-latitude=""34.174458"" data-longitude=""-84.787844"">
        <div class=""store-details__main-distance""></div>
        <a class=""store-details__main-directions"" href=""javascript:void(0);"" target=""_blank""></a>
    </div>",(470) 490-9017
"<img class=""store-details__map-image"" src=""https://maps.googleapis.com/maps/api/staticmap?center=Dollar+General%2C916+Joe+Frank+Harris+Pkwy%2CCartersville+GA+30120-9024&amp;zoom=15&amp;size=730x600&amp;markers=icon%3Ahttps%3A%2F%2Fwww.dollargeneral.com%2Fetc.clientlibs%2Fdollargeneral%2Fclientlibs%2Fclientlib-site%2Fresources%2Fimages%2Fstatic-map-pin.png%7C34.198498%2C-84.790112&amp;key=AIzaSyDi0nb6nKeHaDJWFtAvbAIPKBrUuAc_mTY&amp;signature=MLY5IPsTko21b2hxQ8ccU6zS8Jk="" alt=""Google map showing the dropped pin on Dollar General,916 Joe Frank Harris Pkwy,Cartersville GA 30120-9024"">",916 Joe Frank Harris Pkwy,"Cartersville, GA 30120-9024","<div class=""store-details__main-travel"" data-latitude=""34.198498"" data-longitude=""-84.790112"" style=""display: none;"">
        <div class=""store-details__main-distance""></div>
        <a class=""store-details__main-directions"" href=""javascript:void(0);"" target=""_blank""></a>
    </div>",(470) 490-9014
"<img class=""store-details__map-image"" src=""https://maps.googleapis.com/maps/api/staticmap?center=Dollar+General%2C55+Road+2+South+Sw%2CCartersville+GA+30120-5734&amp;zoom=15&amp;size=730x600&amp;markers=icon%3Ahttps%3A%2F%2Fwww.dollargeneral.com%2Fetc.clientlibs%2Fdollargeneral%2Fclientlibs%2Fclientlib-site%2Fresources%2Fimages%2Fstatic-map-pin.png%7C34.1868%2C-84.8725&amp;key=AIzaSyDi0nb6nKeHaDJWFtAvbAIPKBrUuAc_mTY&amp;signature=IW3pBOglMDGN1b4bVyHZ6zUl4ZE="" alt=""Google map showing the dropped pin on Dollar General,55 Road 2 South Sw,Cartersville GA 30120-5734"">",55 Road 2 South Sw,"Cartersville, GA 30120-5734","<div class=""store-details__main-travel"" data-latitude=""34.1868"" data-longitude=""-84.8725"">
        <div class=""store-details__main-distance""></div>
        <a class=""store-details__main-directions"" href=""javascript:void(0);"" target=""_blank""></a>
    </div>",(470) 348-4015
"<img class=""store-details__map-image"" src=""https://maps.googleapis.com/maps/api/staticmap?center=Dollar+General%2C265+Cassville+Rd%2CCartersville+GA+30120-2541&amp;zoom=15&amp;size=730x600&amp;markers=icon%3Ahttps%3A%2F%2Fwww.dollargeneral.com%2Fetc.clientlibs%2Fdollargeneral%2Fclientlibs%2Fclientlib-site%2Fresources%2Fimages%2Fstatic-map-pin.png%7C34.180864%2C-84.814886&amp;key=AIzaSyDi0nb6nKeHaDJWFtAvbAIPKBrUuAc_mTY&amp;signature=iBYj8uvM-bLlZlQEbYs6n_EELKU="" alt=""Google map showing the dropped pin on Dollar General,265 Cassville Rd,Cartersville GA 30120-2541"">",265 Cassville Rd,"Cartersville, GA 30120-2541","<div class=""store-details__main-travel"" data-latitude=""34.180864"" data-longitude=""-84.814886"">
        <div class=""store-details__main-distance""></div>
        <a class=""store-details__main-directions"" href=""javascript:void(0);"" target=""_blank""></a>
    </div>",(470) 348-0021
"<img class=""store-details__map-image"" src=""https://maps.googleapis.com/maps/api/staticmap?center=Dollar+General%2C4+Walnut+Grove+Rd.%2CCartersville+GA+30120-6402&amp;zoom=15&amp;size=730x600&amp;markers=icon%3Ahttps%3A%2F%2Fwww.dollargeneral.com%2Fetc.clientlibs%2Fdollargeneral%2Fclientlibs%2Fclientlib-site%2Fresources%2Fimages%2Fstatic-map-pin.png%7C34.14791%2C-84.82932&amp;key=AIzaSyDi0nb6nKeHaDJWFtAvbAIPKBrUuAc_mTY&amp;signature=0y62oRY9UANJdJoNRn3_NJuuhjs="" alt=""Google map showing the dropped pin on Dollar General,4 Walnut Grove Rd.,Cartersville GA 30120-6402"">",4 Walnut Grove Rd.,"Cartersville, GA 30120-6402","<div class=""store-details__main-travel"" data-latitude=""34.14791"" data-longitude=""-84.82932"">
        <div class=""store-details__main-distance""></div>
        <a class=""store-details__main-directions"" href=""javascript:void(0);"" target=""_blank""></a>
    </div>",(470) 227-1916
"<img class=""store-details__map-image"" src=""https://maps.googleapis.com/maps/api/staticmap?center=Dollar+General%2C34+Rowland+Springs+Rd+Se%2CCartersville+GA+30121&amp;zoom=15&amp;size=730x600&amp;markers=icon%3Ahttps%3A%2F%2Fwww.dollargeneral.com%2Fetc.clientlibs%2Fdollargeneral%2Fclientlibs%2Fclientlib-site%2Fresources%2Fimages%2Fstatic-map-pin.png%7C34.2186%2C-84.7403&amp;key=AIzaSyDi0nb6nKeHaDJWFtAvbAIPKBrUuAc_mTY&amp;signature=zlRImCUMvLKvjH3jDRjambdI2nE="" alt=""Google map showing the dropped pin on Dollar General,34 Rowland Springs Rd Se,Cartersville GA 30121"">",34 Rowland Springs Rd Se,"Cartersville, GA 30121","<div class=""store-details__main-travel"" data-latitude=""34.2186"" data-longitude=""-84.7403"">
        <div class=""store-details__main-distance""></div>
        <a class=""store-details__main-directions"" href=""javascript:void(0);"" target=""_blank""></a>
    </div>",(470) 227-1760
"<img class=""store-details__map-image"" src=""https://maps.googleapis.com/maps/api/staticmap?center=Dollar+General%2C31+Lewis+Circle%2CCataula+GA+31804-3811&amp;zoom=15&amp;size=730x600&amp;markers=icon%3Ahttps%3A%2F%2Fwww.dollargeneral.com%2Fetc.clientlibs%2Fdollargeneral%2Fclientlibs%2Fclientlib-site%2Fresources%2Fimages%2Fstatic-map-pin.png%7C32.655717%2C-84.869222&amp;key=AIzaSyDi0nb6nKeHaDJWFtAvbAIPKBrUuAc_mTY&amp;signature=9djbktVmfFdNspmRKuR0oabD-00="" alt=""Google map showing the dropped pin on Dollar General,31 Lewis Circle,Cataula GA 31804-3811"">",31 Lewis Circle,"Cataula, GA 31804-3811","<div class=""store-details__main-travel"" data-latitude=""32.655717"" data-longitude=""-84.869222"">
        <div class=""store-details__main-distance""></div>
        <a class=""store-details__main-directions"" href=""javascript:void(0);"" target=""_blank""></a>
    </div>",(706) 780-6521
"<img class=""store-details__map-image"" src=""https://maps.googleapis.com/maps/api/staticmap?center=Dollar+General%2C19+Rome+Rd%2CCave+Spring+GA+30124-0045&amp;zoom=15&amp;size=730x600&amp;markers=icon%3Ahttps%3A%2F%2Fwww.dollargeneral.com%2Fetc.clientlibs%2Fdollargeneral%2Fclientlibs%2Fclientlib-site%2Fresources%2Fimages%2Fstatic-map-pin.png%7C34.11146%2C-85.33436&amp;key=AIzaSyDi0nb6nKeHaDJWFtAvbAIPKBrUuAc_mTY&amp;signature=N1jT3ekbRJHjcbyZ0jL3weLsB5g="" alt=""Google map showing the dropped pin on Dollar General,19 Rome Rd,Cave Spring GA 30124-0045"">",19 Rome Rd,"Cave Spring, GA 30124-0045","<div class=""store-details__main-travel"" data-latitude=""34.11146"" data-longitude=""-85.33436"">
        <div class=""store-details__main-distance""></div>
        <a class=""store-details__main-directions"" href=""javascript:void(0);"" target=""_blank""></a>
    </div>",(762) 252-0930
"<img class=""store-details__map-image"" src=""https://maps.googleapis.com/maps/api/staticmap?center=Dollar+General%2C2109+Old+Coffee+Rd%2CCecil+GA+31627&amp;zoom=15&amp;size=730x600&amp;markers=icon%3Ahttps%3A%2F%2Fwww.dollargeneral.com%2Fetc.clientlibs%2Fdollargeneral%2Fclientlibs%2Fclientlib-site%2Fresources%2Fimages%2Fstatic-map-pin.png%7C31.0455%2C-83.3935&amp;key=AIzaSyDi0nb6nKeHaDJWFtAvbAIPKBrUuAc_mTY&amp;signature=F1QocqAFZt7bed5KUp9bQ0Ccl1s="" alt=""Google map showing the dropped pin on Dollar General,2109 Old Coffee Rd,Cecil GA 31627"">",2109 Old Coffee Rd,"Cecil, GA 31627","<div class=""store-details__main-travel"" data-latitude=""31.0455"" data-longitude=""-83.3935"">
        <div class=""store-details__main-distance""></div>
        <a class=""store-details__main-directions"" href=""javascript:void(0);"" target=""_blank""></a>
    </div>",(478) 217-5759
"<img class=""store-details__map-image"" src=""https://maps.googleapis.com/maps/api/staticmap?center=Dollar+General%2C1798+Buchanan+Highway%2CCedartown+GA+30125-5392&amp;zoom=15&amp;size=730x600&amp;markers=icon%3Ahttps%3A%2F%2Fwww.dollargeneral.com%2Fetc.clientlibs%2Fdollargeneral%2Fclientlibs%2Fclientlib-site%2Fresources%2Fimages%2Fstatic-map-pin.png%7C33.9831%2C-85.2562&amp;key=AIzaSyDi0nb6nKeHaDJWFtAvbAIPKBrUuAc_mTY&amp;signature=gpamcqFOrvckU8Sf8Q-4Xa0NT_Q="" alt=""Google map showing the dropped pin on Dollar General,1798 Buchanan Highway,Cedartown GA 30125-5392"">",1798 Buchanan Highway,"Cedartown, GA 30125-5392","<div class=""store-details__main-travel"" data-latitude=""33.9831"" data-longitude=""-85.2562"">
        <div class=""store-details__main-distance""></div>
        <a class=""store-details__main-directions"" href=""javascript:void(0);"" target=""_blank""></a>
    </div>",(470) 296-4173
"<img class=""store-details__map-image"" src=""https://maps.googleapis.com/maps/api/staticmap?center=Dollar+General%2C420+S+College+St%2CCedartown+GA+30125-3406&amp;zoom=15&amp;size=730x600&amp;markers=icon%3Ahttps%3A%2F%2Fwww.dollargeneral.com%2Fetc.clientlibs%2Fdollargeneral%2Fclientlibs%2Fclientlib-site%2Fresources%2Fimages%2Fstatic-map-pin.png%7C34.0108%2C-85.2565&amp;key=AIzaSyDi0nb6nKeHaDJWFtAvbAIPKBrUuAc_mTY&amp;signature=uTCkVKn1QVclZYak6zvL_p97z-Q="" alt=""Google map showing the dropped pin on Dollar General,420 S College St,Cedartown GA 30125-3406"">",420 S College St,"Cedartown, GA 30125-3406","<div class=""store-details__main-travel"" data-latitude=""34.0108"" data-longitude=""-85.2565"" style=""display: none;"">
        <div class=""store-details__main-distance""></div>
        <a class=""store-details__main-directions"" href=""javascript:void(0);"" target=""_blank""></a>
    </div>",(470) 296-4142
"<img class=""store-details__map-image"" src=""https://maps.googleapis.com/maps/api/staticmap?center=Dollar+General%2C1164+N+Main+St%2CCedartown+GA+30125-2039&amp;zoom=15&amp;size=730x600&amp;markers=icon%3Ahttps%3A%2F%2Fwww.dollargeneral.com%2Fetc.clientlibs%2Fdollargeneral%2Fclientlibs%2Fclientlib-site%2Fresources%2Fimages%2Fstatic-map-pin.png%7C34.0352%2C-85.243&amp;key=AIzaSyDi0nb6nKeHaDJWFtAvbAIPKBrUuAc_mTY&amp;signature=6Hmu-7CQJdnpgs3-jx6HeI6u8IY="" alt=""Google map showing the dropped pin on Dollar General,1164 N Main St,Cedartown GA 30125-2039"">",1164 N Main St,"Cedartown, GA 30125-2039","<div class=""store-details__main-travel"" data-latitude=""34.0352"" data-longitude=""-85.243"">
        <div class=""store-details__main-distance""></div>
        <a class=""store-details__main-directions"" href=""javascript:void(0);"" target=""_blank""></a>
    </div>",(470) 466-0497
"<img class=""store-details__map-image"" src=""https://maps.googleapis.com/maps/api/staticmap?center=Dollar+General%2C18+Lindsey+Chapel+Rd%2CCedartown+GA+30125&amp;zoom=15&amp;size=730x600&amp;markers=icon%3Ahttps%3A%2F%2Fwww.dollargeneral.com%2Fetc.clientlibs%2Fdollargeneral%2Fclientlibs%2Fclientlib-site%2Fresources%2Fimages%2Fstatic-map-pin.png%7C34.0181%2C-85.2063&amp;key=AIzaSyDi0nb6nKeHaDJWFtAvbAIPKBrUuAc_mTY&amp;signature=gqZ_jkHcpabphUDP6nc0JFicE8o="" alt=""Google map showing the dropped pin on Dollar General,18 Lindsey Chapel Rd,Cedartown GA 30125"">",18 Lindsey Chapel Rd,"Cedartown, GA 30125","<div class=""store-details__main-travel"" data-latitude=""34.0181"" data-longitude=""-85.2063"">
        <div class=""store-details__main-distance""></div>
        <a class=""store-details__main-directions"" href=""javascript:void(0);"" target=""_blank""></a>
    </div>",(470) 466-0350
"<img class=""store-details__map-image"" src=""https://maps.googleapis.com/maps/api/staticmap?center=Dollar+General%2C904+N+Houston+Lake+Blvd%2CCenterville+GA+31028-7516&amp;zoom=15&amp;size=730x600&amp;markers=icon%3Ahttps%3A%2F%2Fwww.dollargeneral.com%2Fetc.clientlibs%2Fdollargeneral%2Fclientlibs%2Fclientlib-site%2Fresources%2Fimages%2Fstatic-map-pin.png%7C32.6433%2C-83.6903&amp;key=AIzaSyDi0nb6nKeHaDJWFtAvbAIPKBrUuAc_mTY&amp;signature=f9xoI8WLINd_BfshEPFTMvvOtZ0="" alt=""Google map showing the dropped pin on Dollar General,904 N Houston Lake Blvd,Centerville GA 31028-7516"">",904 N Houston Lake Blvd,"Centerville, GA 31028-7516","<div class=""store-details__main-travel"" data-latitude=""32.6433"" data-longitude=""-83.6903"">
        <div class=""store-details__main-distance""></div>
        <a class=""store-details__main-directions"" href=""javascript:void(0);"" target=""_blank""></a>
    </div>",(478) 238-8887
"<img class=""store-details__map-image"" src=""https://maps.googleapis.com/maps/api/staticmap?center=Dollar+General%2C33+Brown+Bridge+Rd%2CChatsworth+GA+30705-6016&amp;zoom=15&amp;size=730x600&amp;markers=icon%3Ahttps%3A%2F%2Fwww.dollargeneral.com%2Fetc.clientlibs%2Fdollargeneral%2Fclientlibs%2Fclientlib-site%2Fresources%2Fimages%2Fstatic-map-pin.png%7C34.7037%2C-84.8204&amp;key=AIzaSyDi0nb6nKeHaDJWFtAvbAIPKBrUuAc_mTY&amp;signature=7aZcNkWSJlcroNmeeAjvq-QNlWA="" alt=""Google map showing the dropped pin on Dollar General,33 Brown Bridge Rd,Chatsworth GA 30705-6016"">",33 Brown Bridge Rd,"Chatsworth, GA 30705-6016","<div class=""store-details__main-travel"" data-latitude=""34.7037"" data-longitude=""-84.8204"" style=""display: none;"">
        <div class=""store-details__main-distance""></div>
        <a class=""store-details__main-directions"" href=""javascript:void(0);"" target=""_blank""></a>
    </div>",(470) 766-0282
"<img class=""store-details__map-image"" src=""https://maps.googleapis.com/maps/api/staticmap?center=Dollar+General%2C2676+Springplace+Smyrna+Rd%2CChatsworth+GA+30705-6033&amp;zoom=15&amp;size=730x600&amp;markers=icon%3Ahttps%3A%2F%2Fwww.dollargeneral.com%2Fetc.clientlibs%2Fdollargeneral%2Fclientlibs%2Fclientlib-site%2Fresources%2Fimages%2Fstatic-map-pin.png%7C34.7547%2C-84.8183&amp;key=AIzaSyDi0nb6nKeHaDJWFtAvbAIPKBrUuAc_mTY&amp;signature=JV-wqmSDn2Q8bauJvl1gj7jCLxg="" alt=""Google map showing the dropped pin on Dollar General,2676 Springplace Smyrna Rd,Chatsworth GA 30705-6033"">",2676 Springplace Smyrna Rd,"Chatsworth, GA 30705-6033","<div class=""store-details__main-travel"" data-latitude=""34.7547"" data-longitude=""-84.8183"">
        <div class=""store-details__main-distance""></div>
        <a class=""store-details__main-directions"" href=""javascript:void(0);"" target=""_blank""></a>
    </div>",(470) 766-0139
"<img class=""store-details__map-image"" src=""https://maps.googleapis.com/maps/api/staticmap?center=Dollar+General%2C169+Blackwell+Rd%2CChatsworth+GA+30705-3057&amp;zoom=15&amp;size=730x600&amp;markers=icon%3Ahttps%3A%2F%2Fwww.dollargeneral.com%2Fetc.clientlibs%2Fdollargeneral%2Fclientlibs%2Fclientlib-site%2Fresources%2Fimages%2Fstatic-map-pin.png%7C34.755602%2C-84.770111&amp;key=AIzaSyDi0nb6nKeHaDJWFtAvbAIPKBrUuAc_mTY&amp;signature=0idtsj7MbXvwky0RezHJoU865rc="" alt=""Google map showing the dropped pin on Dollar General,169 Blackwell Rd,Chatsworth GA 30705-3057"">",169 Blackwell Rd,"Chatsworth, GA 30705-3057","<div class=""store-details__main-travel"" data-latitude=""34.755602"" data-longitude=""-84.770111"">
        <div class=""store-details__main-distance""></div>
        <a class=""store-details__main-directions"" href=""javascript:void(0);"" target=""_blank""></a>
    </div>",(470) 766-0294
"<img class=""store-details__map-image"" src=""https://maps.googleapis.com/maps/api/staticmap?center=Dollar+General%2C12+Maple+Grove+Church+Road%2CChatsworth+GA+30705&amp;zoom=15&amp;size=730x600&amp;markers=icon%3Ahttps%3A%2F%2Fwww.dollargeneral.com%2Fetc.clientlibs%2Fdollargeneral%2Fclientlibs%2Fclientlib-site%2Fresources%2Fimages%2Fstatic-map-pin.png%7C34.66336%2C-84.8285&amp;key=AIzaSyDi0nb6nKeHaDJWFtAvbAIPKBrUuAc_mTY&amp;signature=IjgC6vokgBcU_EMW1q_5JKlNXOc="" alt=""Google map showing the dropped pin on Dollar General,12 Maple Grove Church Road,Chatsworth GA 30705"">",12 Maple Grove Church Road,"Chatsworth, GA 30705","<div class=""store-details__main-travel"" data-latitude=""34.66336"" data-longitude=""-84.8285"">
        <div class=""store-details__main-distance""></div>
        <a class=""store-details__main-directions"" href=""javascript:void(0);"" target=""_blank""></a>
    </div>",(706) 609-5660
"<img class=""store-details__map-image"" src=""https://maps.googleapis.com/maps/api/staticmap?center=Dollar+General%2C100+Smyrna+Ramhurst+Rd+E%2CChatsworth+GA+30705-6785&amp;zoom=15&amp;size=730x600&amp;markers=icon%3Ahttps%3A%2F%2Fwww.dollargeneral.com%2Fetc.clientlibs%2Fdollargeneral%2Fclientlibs%2Fclientlib-site%2Fresources%2Fimages%2Fstatic-map-pin.png%7C34.696574%2C-84.737342&amp;key=AIzaSyDi0nb6nKeHaDJWFtAvbAIPKBrUuAc_mTY&amp;signature=Aw-u-Py_rG5cNzRefNBMcr3KVHY="" alt=""Google map showing the dropped pin on Dollar General,100 Smyrna Ramhurst Rd E,Chatsworth GA 30705-6785"">",100 Smyrna Ramhurst Rd E,"Chatsworth, GA 30705-6785","<div class=""store-details__main-travel"" data-latitude=""34.696574"" data-longitude=""-84.737342"">
        <div class=""store-details__main-distance""></div>
        <a class=""store-details__main-directions"" href=""javascript:void(0);"" target=""_blank""></a>
    </div>",(470) 766-1955
"<img class=""store-details__map-image"" src=""https://maps.googleapis.com/maps/api/staticmap?center=Dollar+General%2C1005+N+3rd+Ave%2CChatsworth+GA+30705-2119&amp;zoom=15&amp;size=730x600&amp;markers=icon%3Ahttps%3A%2F%2Fwww.dollargeneral.com%2Fetc.clientlibs%2Fdollargeneral%2Fclientlibs%2Fclientlib-site%2Fresources%2Fimages%2Fstatic-map-pin.png%7C34.7806%2C-84.7705&amp;key=AIzaSyDi0nb6nKeHaDJWFtAvbAIPKBrUuAc_mTY&amp;signature=yxer9okPupHotWGCSIjZiH06VZU="" alt=""Google map showing the dropped pin on Dollar General,1005 N 3rd Ave,Chatsworth GA 30705-2119"">",1005 N 3rd Ave,"Chatsworth, GA 30705-2119","<div class=""store-details__main-travel"" data-latitude=""34.7806"" data-longitude=""-84.7705"" style=""display: none;"">
        <div class=""store-details__main-distance""></div>
        <a class=""store-details__main-directions"" href=""javascript:void(0);"" target=""_blank""></a>
    </div>",(706) 659-0701
"<img class=""store-details__map-image"" src=""https://maps.googleapis.com/maps/api/staticmap?center=Dollar+General%2C54+Cleveland+St%2CChatsworth+GA+30705&amp;zoom=15&amp;size=730x600&amp;markers=icon%3Ahttps%3A%2F%2Fwww.dollargeneral.com%2Fetc.clientlibs%2Fdollargeneral%2Fclientlibs%2Fclientlib-site%2Fresources%2Fimages%2Fstatic-map-pin.png%7C34.783%2C-84.825&amp;key=AIzaSyDi0nb6nKeHaDJWFtAvbAIPKBrUuAc_mTY&amp;signature=TbwejnD2E5ucn17vdQQbhFFMmhw="" alt=""Google map showing the dropped pin on Dollar General,54 Cleveland St,Chatsworth GA 30705"">",54 Cleveland St,"Chatsworth, GA 30705","<div class=""store-details__main-travel"" data-latitude=""34.783"" data-longitude=""-84.825"">
        <div class=""store-details__main-distance""></div>
        <a class=""store-details__main-directions"" href=""javascript:void(0);"" target=""_blank""></a>
    </div>",(706) 503-3828
"<img class=""store-details__map-image"" src=""https://maps.googleapis.com/maps/api/staticmap?center=Dollar+General%2C25+Woodlawn+Rd.%2CChatsworth+GA+30705&amp;zoom=15&amp;size=730x600&amp;markers=icon%3Ahttps%3A%2F%2Fwww.dollargeneral.com%2Fetc.clientlibs%2Fdollargeneral%2Fclientlibs%2Fclientlib-site%2Fresources%2Fimages%2Fstatic-map-pin.png%7C34.86634%2C-84.79958&amp;key=AIzaSyDi0nb6nKeHaDJWFtAvbAIPKBrUuAc_mTY&amp;signature=xqBVkfp823cYk1btDTjZCmsvjWk="" alt=""Google map showing the dropped pin on Dollar General,25 Woodlawn Rd.,Chatsworth GA 30705"">",25 Woodlawn Rd.,"Chatsworth, GA 30705","<div class=""store-details__main-travel"" data-latitude=""34.86634"" data-longitude=""-84.79958"">
        <div class=""store-details__main-distance""></div>
        <a class=""store-details__main-directions"" href=""javascript:void(0);"" target=""_blank""></a>
    </div>",(470) 374-9757
"<img class=""store-details__map-image"" src=""https://maps.googleapis.com/maps/api/staticmap?center=Dollar+General%2C4689+Hwy+341%2CChauncey+GA+31011&amp;zoom=15&amp;size=730x600&amp;markers=icon%3Ahttps%3A%2F%2Fwww.dollargeneral.com%2Fetc.clientlibs%2Fdollargeneral%2Fclientlibs%2Fclientlib-site%2Fresources%2Fimages%2Fstatic-map-pin.png%7C32.1057%2C-83.0701&amp;key=AIzaSyDi0nb6nKeHaDJWFtAvbAIPKBrUuAc_mTY&amp;signature=ixxU823A6H_FiKkoHRRuMg0ok4Q="" alt=""Google map showing the dropped pin on Dollar General,4689 Hwy 341,Chauncey GA 31011"">",4689 Hwy 341,"Chauncey, GA 31011","<div class=""store-details__main-travel"" data-latitude=""32.1057"" data-longitude=""-83.0701"">
        <div class=""store-details__main-distance""></div>
        <a class=""store-details__main-directions"" href=""javascript:void(0);"" target=""_blank""></a>
    </div>",(478) 304-3407
"<img class=""store-details__map-image"" src=""https://maps.googleapis.com/maps/api/staticmap?center=Dollar+General%2C352+Carmen+Street+West%2CChester+GA+31012&amp;zoom=15&amp;size=730x600&amp;markers=icon%3Ahttps%3A%2F%2Fwww.dollargeneral.com%2Fetc.clientlibs%2Fdollargeneral%2Fclientlibs%2Fclientlib-site%2Fresources%2Fimages%2Fstatic-map-pin.png%7C32.399%2C-83.1532&amp;key=AIzaSyDi0nb6nKeHaDJWFtAvbAIPKBrUuAc_mTY&amp;signature=2_7zez4feu1quBXsWPsobfJdKHE="" alt=""Google map showing the dropped pin on Dollar General,352 Carmen Street West,Chester GA 31012"">",352 Carmen Street West,"Chester, GA 31012","<div class=""store-details__main-travel"" data-latitude=""32.399"" data-longitude=""-83.1532"">
        <div class=""store-details__main-distance""></div>
        <a class=""store-details__main-directions"" href=""javascript:void(0);"" target=""_blank""></a>
    </div>",(706) 447-9667
"<img class=""store-details__map-image"" src=""https://maps.googleapis.com/maps/api/staticmap?center=Dollar+General%2C9181+W+Highway+136%2CChickamauga+GA+30707-3778&amp;zoom=15&amp;size=730x600&amp;markers=icon%3Ahttps%3A%2F%2Fwww.dollargeneral.com%2Fetc.clientlibs%2Fdollargeneral%2Fclientlibs%2Fclientlib-site%2Fresources%2Fimages%2Fstatic-map-pin.png%7C34.807206%2C-85.390036&amp;key=AIzaSyDi0nb6nKeHaDJWFtAvbAIPKBrUuAc_mTY&amp;signature=3Qv8SpLeZFaVt5WRCnQpnjIFc-o="" alt=""Google map showing the dropped pin on Dollar General,9181 W Highway 136,Chickamauga GA 30707-3778"">",9181 W Highway 136,"Chickamauga, GA 30707-3778","<div class=""store-details__main-travel"" data-latitude=""34.807206"" data-longitude=""-85.390036"">
        <div class=""store-details__main-distance""></div>
        <a class=""store-details__main-directions"" href=""javascript:void(0);"" target=""_blank""></a>
    </div>",(706) 406-4515
"<img class=""store-details__map-image"" src=""https://maps.googleapis.com/maps/api/staticmap?center=Dollar+General%2C15+Garretts+Chapel+Rd%2CChickamauga+GA+30707&amp;zoom=15&amp;size=730x600&amp;markers=icon%3Ahttps%3A%2F%2Fwww.dollargeneral.com%2Fetc.clientlibs%2Fdollargeneral%2Fclientlibs%2Fclientlib-site%2Fresources%2Fimages%2Fstatic-map-pin.png%7C34.8604%2C-85.3035&amp;key=AIzaSyDi0nb6nKeHaDJWFtAvbAIPKBrUuAc_mTY&amp;signature=sd5-CUR5t4ki0jv9tqrltQmOVE0="" alt=""Google map showing the dropped pin on Dollar General,15 Garretts Chapel Rd,Chickamauga GA 30707"">",15 Garretts Chapel Rd,"Chickamauga, GA 30707","<div class=""store-details__main-travel"" data-latitude=""34.8604"" data-longitude=""-85.3035"" style=""display: none;"">
        <div class=""store-details__main-distance""></div>
        <a class=""store-details__main-directions"" href=""javascript:void(0);"" target=""_blank""></a>
    </div>",(706) 383-9590
"<img class=""store-details__map-image"" src=""https://maps.googleapis.com/maps/api/staticmap?center=Dollar+General%2C2682+Johnson+Rd%2CChickamauga+GA+30707-2755&amp;zoom=15&amp;size=730x600&amp;markers=icon%3Ahttps%3A%2F%2Fwww.dollargeneral.com%2Fetc.clientlibs%2Fdollargeneral%2Fclientlibs%2Fclientlib-site%2Fresources%2Fimages%2Fstatic-map-pin.png%7C34.886181%2C-85.292256&amp;key=AIzaSyDi0nb6nKeHaDJWFtAvbAIPKBrUuAc_mTY&amp;signature=Ff1og4k8t2foat2qzvzpRqrdL2Q="" alt=""Google map showing the dropped pin on Dollar General,2682 Johnson Rd,Chickamauga GA 30707-2755"">",2682 Johnson Rd,"Chickamauga, GA 30707-2755","<div class=""store-details__main-travel"" data-latitude=""34.886181"" data-longitude=""-85.292256"">
        <div class=""store-details__main-distance""></div>
        <a class=""store-details__main-directions"" href=""javascript:void(0);"" target=""_blank""></a>
    </div>",(706) 406-3021
"<img class=""store-details__map-image"" src=""https://maps.googleapis.com/maps/api/staticmap?center=Dollar+General%2C3258+Us+Hwy+41%2CChula+GA+31733&amp;zoom=15&amp;size=730x600&amp;markers=icon%3Ahttps%3A%2F%2Fwww.dollargeneral.com%2Fetc.clientlibs%2Fdollargeneral%2Fclientlibs%2Fclientlib-site%2Fresources%2Fimages%2Fstatic-map-pin.png%7C31.5479%2C-83.5411&amp;key=AIzaSyDi0nb6nKeHaDJWFtAvbAIPKBrUuAc_mTY&amp;signature=YTsbo6-CKkJrXxK4aocyUbEOBFk="" alt=""Google map showing the dropped pin on Dollar General,3258 Us Hwy 41,Chula GA 31733"">",3258 Us Hwy 41,"Chula, GA 31733","<div class=""store-details__main-travel"" data-latitude=""31.5479"" data-longitude=""-83.5411"">
        <div class=""store-details__main-distance""></div>
        <a class=""store-details__main-directions"" href=""javascript:void(0);"" target=""_blank""></a>
    </div>",(478) 219-4494
"<img class=""store-details__map-image"" src=""https://maps.googleapis.com/maps/api/staticmap?center=Dollar+General%2C5859+S+State+Highway+197%2CClarkesville+GA+30523&amp;zoom=15&amp;size=730x600&amp;markers=icon%3Ahttps%3A%2F%2Fwww.dollargeneral.com%2Fetc.clientlibs%2Fdollargeneral%2Fclientlibs%2Fclientlib-site%2Fresources%2Fimages%2Fstatic-map-pin.png%7C34.5995%2C-83.515&amp;key=AIzaSyDi0nb6nKeHaDJWFtAvbAIPKBrUuAc_mTY&amp;signature=GQ9DJX16AMpbgOj4amm0ppyXrGA="" alt=""Google map showing the dropped pin on Dollar General,5859 S State Highway 197,Clarkesville GA 30523"">",5859 S State Highway 197,"Clarkesville, GA 30523","<div class=""store-details__main-travel"" data-latitude=""34.5995"" data-longitude=""-83.515"">
        <div class=""store-details__main-distance""></div>
        <a class=""store-details__main-directions"" href=""javascript:void(0);"" target=""_blank""></a>
    </div>",(470) 655-1920
"<img class=""store-details__map-image"" src=""https://maps.googleapis.com/maps/api/staticmap?center=Dollar+General%2C980+N+Indian+Creek%2CClarkston+GA+30021-2246&amp;zoom=15&amp;size=730x600&amp;markers=icon%3Ahttps%3A%2F%2Fwww.dollargeneral.com%2Fetc.clientlibs%2Fdollargeneral%2Fclientlibs%2Fclientlib-site%2Fresources%2Fimages%2Fstatic-map-pin.png%7C33.805256%2C-84.239922&amp;key=AIzaSyDi0nb6nKeHaDJWFtAvbAIPKBrUuAc_mTY&amp;signature=e-c0oy8QtEwjCdCqEnlMZpV65X8="" alt=""Google map showing the dropped pin on Dollar General,980 N Indian Creek,Clarkston GA 30021-2246"">",980 N Indian Creek,"Clarkston, GA 30021-2246","<div class=""store-details__main-travel"" data-latitude=""33.805256"" data-longitude=""-84.239922"">
        <div class=""store-details__main-distance""></div>
        <a class=""store-details__main-directions"" href=""javascript:void(0);"" target=""_blank""></a>
    </div>",(470) 440-1878
"<img class=""store-details__map-image"" src=""https://maps.googleapis.com/maps/api/staticmap?center=Dollar+General%2C263+Cemetery+Rd%2CClaxton+GA+30417&amp;zoom=15&amp;size=730x600&amp;markers=icon%3Ahttps%3A%2F%2Fwww.dollargeneral.com%2Fetc.clientlibs%2Fdollargeneral%2Fclientlibs%2Fclientlib-site%2Fresources%2Fimages%2Fstatic-map-pin.png%7C32.1594%2C-81.9312&amp;key=AIzaSyDi0nb6nKeHaDJWFtAvbAIPKBrUuAc_mTY&amp;signature=4ZbrUFiDMOeHx05oi2yjDhUj9ec="" alt=""Google map showing the dropped pin on Dollar General,263 Cemetery Rd,Claxton GA 30417"">",263 Cemetery Rd,"Claxton, GA 30417","<div class=""store-details__main-travel"" data-latitude=""32.1594"" data-longitude=""-81.9312"" style=""display: none;"">
        <div class=""store-details__main-distance""></div>
        <a class=""store-details__main-directions"" href=""javascript:void(0);"" target=""_blank""></a>
    </div>",(912) 290-2141
"<img class=""store-details__map-image"" src=""https://maps.googleapis.com/maps/api/staticmap?center=Dollar+General%2C114+N+Duval+St%2CClaxton+GA+30417-1618&amp;zoom=15&amp;size=730x600&amp;markers=icon%3Ahttps%3A%2F%2Fwww.dollargeneral.com%2Fetc.clientlibs%2Fdollargeneral%2Fclientlibs%2Fclientlib-site%2Fresources%2Fimages%2Fstatic-map-pin.png%7C32.165074%2C-81.904356&amp;key=AIzaSyDi0nb6nKeHaDJWFtAvbAIPKBrUuAc_mTY&amp;signature=omOMcnkKx_kjfCkLadrXUAy95Ig="" alt=""Google map showing the dropped pin on Dollar General,114 N Duval St,Claxton GA 30417-1618"">",114 N Duval St,"Claxton, GA 30417-1618","<div class=""store-details__main-travel"" data-latitude=""32.165074"" data-longitude=""-81.904356"">
        <div class=""store-details__main-distance""></div>
        <a class=""store-details__main-directions"" href=""javascript:void(0);"" target=""_blank""></a>
    </div>",(912) 290-2735
"<img class=""store-details__map-image"" src=""https://maps.googleapis.com/maps/api/staticmap?center=Dollar+General%2C15462+Be+Smith+Rd%2CClaxton+GA+30423-6889&amp;zoom=15&amp;size=730x600&amp;markers=icon%3Ahttps%3A%2F%2Fwww.dollargeneral.com%2Fetc.clientlibs%2Fdollargeneral%2Fclientlibs%2Fclientlib-site%2Fresources%2Fimages%2Fstatic-map-pin.png%7C32.1522%2C-81.8365&amp;key=AIzaSyDi0nb6nKeHaDJWFtAvbAIPKBrUuAc_mTY&amp;signature=H08cuTrYfJCbtD0JN8u43J6lu84="" alt=""Google map showing the dropped pin on Dollar General,15462 Be Smith Rd,Claxton GA 30423-6889"">",15462 Be Smith Rd,"Claxton, GA 30423-6889","<div class=""store-details__main-travel"" data-latitude=""32.1522"" data-longitude=""-81.8365"">
        <div class=""store-details__main-distance""></div>
        <a class=""store-details__main-directions"" href=""javascript:void(0);"" target=""_blank""></a>
    </div>",(912) 549-0060
"<img class=""store-details__map-image"" src=""https://maps.googleapis.com/maps/api/staticmap?center=Dollar+General%2C7+Page+St%2CClayton+GA+30525-2943&amp;zoom=15&amp;size=730x600&amp;markers=icon%3Ahttps%3A%2F%2Fwww.dollargeneral.com%2Fetc.clientlibs%2Fdollargeneral%2Fclientlibs%2Fclientlib-site%2Fresources%2Fimages%2Fstatic-map-pin.png%7C34.919377%2C-83.386249&amp;key=AIzaSyDi0nb6nKeHaDJWFtAvbAIPKBrUuAc_mTY&amp;signature=G6L5_jsR5w1KesjU9pRIRvI9UDY="" alt=""Google map showing the dropped pin on Dollar General,7 Page St,Clayton GA 30525-2943"">",7 Page St,"Clayton, GA 30525-2943","<div class=""store-details__main-travel"" data-latitude=""34.919377"" data-longitude=""-83.386249"">
        <div class=""store-details__main-distance""></div>
        <a class=""store-details__main-directions"" href=""javascript:void(0);"" target=""_blank""></a>
    </div>",(470) 508-9149
"<img class=""store-details__map-image"" src=""https://maps.googleapis.com/maps/api/staticmap?center=Dollar+General%2C5270+Cleveland+Hwy%2CClermont+GA+30527-2200&amp;zoom=15&amp;size=730x600&amp;markers=icon%3Ahttps%3A%2F%2Fwww.dollargeneral.com%2Fetc.clientlibs%2Fdollargeneral%2Fclientlibs%2Fclientlib-site%2Fresources%2Fimages%2Fstatic-map-pin.png%7C34.4478%2C-83.8046&amp;key=AIzaSyDi0nb6nKeHaDJWFtAvbAIPKBrUuAc_mTY&amp;signature=ngKtgA29f5qmEz-4BlUdJMIYa9A="" alt=""Google map showing the dropped pin on Dollar General,5270 Cleveland Hwy,Clermont GA 30527-2200"">",5270 Cleveland Hwy,"Clermont, GA 30527-2200","<div class=""store-details__main-travel"" data-latitude=""34.4478"" data-longitude=""-83.8046"" style=""display: none;"">
        <div class=""store-details__main-distance""></div>
        <a class=""store-details__main-directions"" href=""javascript:void(0);"" target=""_blank""></a>
    </div>",(470) 465-0390
"<img class=""store-details__map-image"" src=""https://maps.googleapis.com/maps/api/staticmap?center=Dollar+General%2C2837+Highway+255+S%2CCleveland+GA+30528-3534&amp;zoom=15&amp;size=730x600&amp;markers=icon%3Ahttps%3A%2F%2Fwww.dollargeneral.com%2Fetc.clientlibs%2Fdollargeneral%2Fclientlibs%2Fclientlib-site%2Fresources%2Fimages%2Fstatic-map-pin.png%7C34.6138%2C-83.6795&amp;key=AIzaSyDi0nb6nKeHaDJWFtAvbAIPKBrUuAc_mTY&amp;signature=FEcjX4a6MWi8E-4dFvAJSHRbSw4="" alt=""Google map showing the dropped pin on Dollar General,2837 Highway 255 S,Cleveland GA 30528-3534"">",2837 Highway 255 S,"Cleveland, GA 30528-3534","<div class=""store-details__main-travel"" data-latitude=""34.6138"" data-longitude=""-83.6795"">
        <div class=""store-details__main-distance""></div>
        <a class=""store-details__main-directions"" href=""javascript:void(0);"" target=""_blank""></a>
    </div>",(706) 348-8947
"<img class=""store-details__map-image"" src=""https://maps.googleapis.com/maps/api/staticmap?center=Dollar+General%2C32+Adair+Mill+Rd%2CCleveland+GA+30528-7017&amp;zoom=15&amp;size=730x600&amp;markers=icon%3Ahttps%3A%2F%2Fwww.dollargeneral.com%2Fetc.clientlibs%2Fdollargeneral%2Fclientlibs%2Fclientlib-site%2Fresources%2Fimages%2Fstatic-map-pin.png%7C34.6356%2C-83.8286&amp;key=AIzaSyDi0nb6nKeHaDJWFtAvbAIPKBrUuAc_mTY&amp;signature=0SZavjVN-WiEYECeXjuh2tYRCm8="" alt=""Google map showing the dropped pin on Dollar General,32 Adair Mill Rd,Cleveland GA 30528-7017"">",32 Adair Mill Rd,"Cleveland, GA 30528-7017","<div class=""store-details__main-travel"" data-latitude=""34.6356"" data-longitude=""-83.8286"">
        <div class=""store-details__main-distance""></div>
        <a class=""store-details__main-directions"" href=""javascript:void(0);"" target=""_blank""></a>
    </div>",(470) 228-3078
"<img class=""store-details__map-image"" src=""https://maps.googleapis.com/maps/api/staticmap?center=Dollar+General%2C35+Marvin+Miles+Road%2CCleveland+GA+30528-6732&amp;zoom=15&amp;size=730x600&amp;markers=icon%3Ahttps%3A%2F%2Fwww.dollargeneral.com%2Fetc.clientlibs%2Fdollargeneral%2Fclientlibs%2Fclientlib-site%2Fresources%2Fimages%2Fstatic-map-pin.png%7C34.506997%2C-83.755806&amp;key=AIzaSyDi0nb6nKeHaDJWFtAvbAIPKBrUuAc_mTY&amp;signature=Dg_ym5N0WakqEuFGSWtFitus-Ro="" alt=""Google map showing the dropped pin on Dollar General,35 Marvin Miles Road,Cleveland GA 30528-6732"">",35 Marvin Miles Road,"Cleveland, GA 30528-6732","<div class=""store-details__main-travel"" data-latitude=""34.506997"" data-longitude=""-83.755806"">
        <div class=""store-details__main-distance""></div>
        <a class=""store-details__main-directions"" href=""javascript:void(0);"" target=""_blank""></a>
    </div>",(470) 462-3965
"<img class=""store-details__map-image"" src=""https://maps.googleapis.com/maps/api/staticmap?center=Dollar+General%2C1178+S+Main+St%2CCleveland+GA+30528-1421&amp;zoom=15&amp;size=730x600&amp;markers=icon%3Ahttps%3A%2F%2Fwww.dollargeneral.com%2Fetc.clientlibs%2Fdollargeneral%2Fclientlibs%2Fclientlib-site%2Fresources%2Fimages%2Fstatic-map-pin.png%7C34.580757%2C-83.762813&amp;key=AIzaSyDi0nb6nKeHaDJWFtAvbAIPKBrUuAc_mTY&amp;signature=w8PIduZ2vzHWc9wO0ljD0WSwz-Q="" alt=""Google map showing the dropped pin on Dollar General,1178 S Main St,Cleveland GA 30528-1421"">",1178 S Main St,"Cleveland, GA 30528-1421","<div class=""store-details__main-travel"" data-latitude=""34.580757"" data-longitude=""-83.762813"" style=""display: none;"">
        <div class=""store-details__main-distance""></div>
        <a class=""store-details__main-directions"" href=""javascript:void(0);"" target=""_blank""></a>
    </div>",(478) 200-7382
"<img class=""store-details__map-image"" src=""https://maps.googleapis.com/maps/api/staticmap?center=Dollar+General%2C35+Hwy+254%2CCleveland+GA+30528-7910&amp;zoom=15&amp;size=730x600&amp;markers=icon%3Ahttps%3A%2F%2Fwww.dollargeneral.com%2Fetc.clientlibs%2Fdollargeneral%2Fclientlibs%2Fclientlib-site%2Fresources%2Fimages%2Fstatic-map-pin.png%7C34.57389%2C-83.641844&amp;key=AIzaSyDi0nb6nKeHaDJWFtAvbAIPKBrUuAc_mTY&amp;signature=_qJThrVZhEzrYg-R8HxA31mFUxA="" alt=""Google map showing the dropped pin on Dollar General,35 Hwy 254,Cleveland GA 30528-7910"">",35 Hwy 254,"Cleveland, GA 30528-7910","<div class=""store-details__main-travel"" data-latitude=""34.57389"" data-longitude=""-83.641844"">
        <div class=""store-details__main-distance""></div>
        <a class=""store-details__main-directions"" href=""javascript:void(0);"" target=""_blank""></a>
    </div>",(470) 462-3955
"<img class=""store-details__map-image"" src=""https://maps.googleapis.com/maps/api/staticmap?center=Dollar+General%2C3633+Thomasville+Rd%2CClimax+GA+39834&amp;zoom=15&amp;size=730x600&amp;markers=icon%3Ahttps%3A%2F%2Fwww.dollargeneral.com%2Fetc.clientlibs%2Fdollargeneral%2Fclientlibs%2Fclientlib-site%2Fresources%2Fimages%2Fstatic-map-pin.png%7C30.8776%2C-84.4435&amp;key=AIzaSyDi0nb6nKeHaDJWFtAvbAIPKBrUuAc_mTY&amp;signature=0MAVggF2KaNp0qthED37N7s9Tgg="" alt=""Google map showing the dropped pin on Dollar General,3633 Thomasville Rd,Climax GA 39834"">",3633 Thomasville Rd,"Climax, GA 39834","<div class=""store-details__main-travel"" data-latitude=""30.8776"" data-longitude=""-84.4435"">
        <div class=""store-details__main-distance""></div>
        <a class=""store-details__main-directions"" href=""javascript:void(0);"" target=""_blank""></a>
    </div>",(850) 792-2705
"<img class=""store-details__map-image"" src=""https://maps.googleapis.com/maps/api/staticmap?center=Dollar+General%2C3664+Madison+Hwy%2CClyattville+GA+31601-0970&amp;zoom=15&amp;size=730x600&amp;markers=icon%3Ahttps%3A%2F%2Fwww.dollargeneral.com%2Fetc.clientlibs%2Fdollargeneral%2Fclientlibs%2Fclientlib-site%2Fresources%2Fimages%2Fstatic-map-pin.png%7C30.746971%2C-83.276382&amp;key=AIzaSyDi0nb6nKeHaDJWFtAvbAIPKBrUuAc_mTY&amp;signature=sMhzuTIVljrR0W7iO01hbmSh7tg="" alt=""Google map showing the dropped pin on Dollar General,3664 Madison Hwy,Clyattville GA 31601-0970"">",3664 Madison Hwy,"Clyattville, GA 31601-0970","<div class=""store-details__main-travel"" data-latitude=""30.746971"" data-longitude=""-83.276382"">
        <div class=""store-details__main-distance""></div>
        <a class=""store-details__main-directions"" href=""javascript:void(0);"" target=""_blank""></a>
    </div>",(229) 588-8043
"<img class=""store-details__map-image"" src=""https://maps.googleapis.com/maps/api/staticmap?center=Dollar+General%2C5800+Highway+119+N%2CClyo+GA+31303&amp;zoom=15&amp;size=730x600&amp;markers=icon%3Ahttps%3A%2F%2Fwww.dollargeneral.com%2Fetc.clientlibs%2Fdollargeneral%2Fclientlibs%2Fclientlib-site%2Fresources%2Fimages%2Fstatic-map-pin.png%7C32.4869%2C-81.2686&amp;key=AIzaSyDi0nb6nKeHaDJWFtAvbAIPKBrUuAc_mTY&amp;signature=UlQQAa4pUAWq5-HFmCn9Ugs5HCU="" alt=""Google map showing the dropped pin on Dollar General,5800 Highway 119 N,Clyo GA 31303"">",5800 Highway 119 N,"Clyo, GA 31303","<div class=""store-details__main-travel"" data-latitude=""32.4869"" data-longitude=""-81.2686"">
        <div class=""store-details__main-distance""></div>
        <a class=""store-details__main-directions"" href=""javascript:void(0);"" target=""_blank""></a>
    </div>",(912) 417-6014
"<img class=""store-details__map-image"" src=""https://maps.googleapis.com/maps/api/staticmap?center=Dollar+General%2C36870+Ga+Highway+23%2CCobbtown+GA+30420-3626&amp;zoom=15&amp;size=730x600&amp;markers=icon%3Ahttps%3A%2F%2Fwww.dollargeneral.com%2Fetc.clientlibs%2Fdollargeneral%2Fclientlibs%2Fclientlib-site%2Fresources%2Fimages%2Fstatic-map-pin.png%7C32.283%2C-82.1393&amp;key=AIzaSyDi0nb6nKeHaDJWFtAvbAIPKBrUuAc_mTY&amp;signature=HA1hyqT9CXICbPeMSlE62gAKOjU="" alt=""Google map showing the dropped pin on Dollar General,36870 Ga Highway 23,Cobbtown GA 30420-3626"">",36870 Ga Highway 23,"Cobbtown, GA 30420-3626","<div class=""store-details__main-travel"" data-latitude=""32.283"" data-longitude=""-82.1393"" style=""display: none;"">
        <div class=""store-details__main-distance""></div>
        <a class=""store-details__main-directions"" href=""javascript:void(0);"" target=""_blank""></a>
    </div>",(912) 290-2014
"<img class=""store-details__map-image"" src=""https://maps.googleapis.com/maps/api/staticmap?center=Dollar+General%2C280+E+Dykes+St%2CCochran+GA+31014-6522&amp;zoom=15&amp;size=730x600&amp;markers=icon%3Ahttps%3A%2F%2Fwww.dollargeneral.com%2Fetc.clientlibs%2Fdollargeneral%2Fclientlibs%2Fclientlib-site%2Fresources%2Fimages%2Fstatic-map-pin.png%7C32.3944%2C-83.3451&amp;key=AIzaSyDi0nb6nKeHaDJWFtAvbAIPKBrUuAc_mTY&amp;signature=yg91nerNy4IrJBb9VHHmRC5HyGY="" alt=""Google map showing the dropped pin on Dollar General,280 E Dykes St,Cochran GA 31014-6522"">",280 E Dykes St,"Cochran, GA 31014-6522","<div class=""store-details__main-travel"" data-latitude=""32.3944"" data-longitude=""-83.3451"">
        <div class=""store-details__main-distance""></div>
        <a class=""store-details__main-directions"" href=""javascript:void(0);"" target=""_blank""></a>
    </div>",(478) 324-0160
"<img class=""store-details__map-image"" src=""https://maps.googleapis.com/maps/api/staticmap?center=Dollar+General%2C1075+Tunnell+Hill+Varnell%2CCohutta+GA+30710-7428&amp;zoom=15&amp;size=730x600&amp;markers=icon%3Ahttps%3A%2F%2Fwww.dollargeneral.com%2Fetc.clientlibs%2Fdollargeneral%2Fclientlibs%2Fclientlib-site%2Fresources%2Fimages%2Fstatic-map-pin.png%7C34.897927%2C-84.97578&amp;key=AIzaSyDi0nb6nKeHaDJWFtAvbAIPKBrUuAc_mTY&amp;signature=hgSihJR-jMZa1ZOfeUnJ1vx0b5w="" alt=""Google map showing the dropped pin on Dollar General,1075 Tunnell Hill Varnell,Cohutta GA 30710-7428"">",1075 Tunnell Hill Varnell,"Cohutta, GA 30710-7428","<div class=""store-details__main-travel"" data-latitude=""34.897927"" data-longitude=""-84.97578"">
        <div class=""store-details__main-distance""></div>
        <a class=""store-details__main-directions"" href=""javascript:void(0);"" target=""_blank""></a>
    </div>",(470) 462-3964
"<img class=""store-details__map-image"" src=""https://maps.googleapis.com/maps/api/staticmap?center=Dollar+General%2C4525+Cleveland+Hwy%2CCohutta+GA+30710-9109&amp;zoom=15&amp;size=730x600&amp;markers=icon%3Ahttps%3A%2F%2Fwww.dollargeneral.com%2Fetc.clientlibs%2Fdollargeneral%2Fclientlibs%2Fclientlib-site%2Fresources%2Fimages%2Fstatic-map-pin.png%7C34.9296%2C-84.9451&amp;key=AIzaSyDi0nb6nKeHaDJWFtAvbAIPKBrUuAc_mTY&amp;signature=26ttLI5RTVNk3COnI_1lgsIGrrE="" alt=""Google map showing the dropped pin on Dollar General,4525 Cleveland Hwy,Cohutta GA 30710-9109"">",4525 Cleveland Hwy,"Cohutta, GA 30710-9109","<div class=""store-details__main-travel"" data-latitude=""34.9296"" data-longitude=""-84.9451"">
        <div class=""store-details__main-distance""></div>
        <a class=""store-details__main-directions"" href=""javascript:void(0);"" target=""_blank""></a>
    </div>",(706) 389-9241
"<img class=""store-details__map-image"" src=""https://maps.googleapis.com/maps/api/staticmap?center=Dollar+General%2C35+Colbert+School+Rd%2CColbert+GA+30628-2461&amp;zoom=15&amp;size=730x600&amp;markers=icon%3Ahttps%3A%2F%2Fwww.dollargeneral.com%2Fetc.clientlibs%2Fdollargeneral%2Fclientlibs%2Fclientlib-site%2Fresources%2Fimages%2Fstatic-map-pin.png%7C34.0361%2C-83.2258&amp;key=AIzaSyDi0nb6nKeHaDJWFtAvbAIPKBrUuAc_mTY&amp;signature=GyHsDQFD_SKBrqFeiRYy4TBxgdc="" alt=""Google map showing the dropped pin on Dollar General,35 Colbert School Rd,Colbert GA 30628-2461"">",35 Colbert School Rd,"Colbert, GA 30628-2461","<div class=""store-details__main-travel"" data-latitude=""34.0361"" data-longitude=""-83.2258"" style=""display: none;"">
        <div class=""store-details__main-distance""></div>
        <a class=""store-details__main-directions"" href=""javascript:void(0);"" target=""_blank""></a>
    </div>",(706) 352-9730
"<img class=""store-details__map-image"" src=""https://maps.googleapis.com/maps/api/staticmap?center=Dollar+General%2C4894+Old+National+Hwy%2CCollege+Park+GA+30337-6233&amp;zoom=15&amp;size=730x600&amp;markers=icon%3Ahttps%3A%2F%2Fwww.dollargeneral.com%2Fetc.clientlibs%2Fdollargeneral%2Fclientlibs%2Fclientlib-site%2Fresources%2Fimages%2Fstatic-map-pin.png%7C33.622%2C-84.4739&amp;key=AIzaSyDi0nb6nKeHaDJWFtAvbAIPKBrUuAc_mTY&amp;signature=1nFM98CC9Z64XZen6rLH4-6sIJs="" alt=""Google map showing the dropped pin on Dollar General,4894 Old National Hwy,College Park GA 30337-6233"">",4894 Old National Hwy,"College Park, GA 30337-6233","<div class=""store-details__main-travel"" data-latitude=""33.622"" data-longitude=""-84.4739"">
        <div class=""store-details__main-distance""></div>
        <a class=""store-details__main-directions"" href=""javascript:void(0);"" target=""_blank""></a>
    </div>",(404) 620-5977
"<img class=""store-details__map-image"" src=""https://maps.googleapis.com/maps/api/staticmap?center=Dollar+General%2C5611+Riverdale+Rd+Ste+F%2CCollege+Park+GA+30349-7381&amp;zoom=15&amp;size=730x600&amp;markers=icon%3Ahttps%3A%2F%2Fwww.dollargeneral.com%2Fetc.clientlibs%2Fdollargeneral%2Fclientlibs%2Fclientlib-site%2Fresources%2Fimages%2Fstatic-map-pin.png%7C33.6014%2C-84.4299&amp;key=AIzaSyDi0nb6nKeHaDJWFtAvbAIPKBrUuAc_mTY&amp;signature=933T0WFtpo9SLes3CsVRmrnOP8g="" alt=""Google map showing the dropped pin on Dollar General,5611 Riverdale Rd Ste F,College Park GA 30349-7381"">",5611 Riverdale Rd Ste F,"College Park, GA 30349-7381","<div class=""store-details__main-travel"" data-latitude=""33.6014"" data-longitude=""-84.4299"">
        <div class=""store-details__main-distance""></div>
        <a class=""store-details__main-directions"" href=""javascript:void(0);"" target=""_blank""></a>
    </div>",(470) 571-1693
"<img class=""store-details__map-image"" src=""https://maps.googleapis.com/maps/api/staticmap?center=Dollar+General%2C225+Ne+Main+Street%2CCollins+GA+30421-9348&amp;zoom=15&amp;size=730x600&amp;markers=icon%3Ahttps%3A%2F%2Fwww.dollargeneral.com%2Fetc.clientlibs%2Fdollargeneral%2Fclientlibs%2Fclientlib-site%2Fresources%2Fimages%2Fstatic-map-pin.png%7C32.179534%2C-82.109575&amp;key=AIzaSyDi0nb6nKeHaDJWFtAvbAIPKBrUuAc_mTY&amp;signature=FwohNfKkz5dijIX-fKA4zjk4b6Y="" alt=""Google map showing the dropped pin on Dollar General,225 Ne Main Street,Collins GA 30421-9348"">",225 Ne Main Street,"Collins, GA 30421-9348","<div class=""store-details__main-travel"" data-latitude=""32.179534"" data-longitude=""-82.109575"">
        <div class=""store-details__main-distance""></div>
        <a class=""store-details__main-directions"" href=""javascript:void(0);"" target=""_blank""></a>
    </div>",(912) 290-6945
"<img class=""store-details__map-image"" src=""https://maps.googleapis.com/maps/api/staticmap?center=Dollar+General%2C408+W+Crawford+St+Ste+A%2CColquitt+GA+39837-3436&amp;zoom=15&amp;size=730x600&amp;markers=icon%3Ahttps%3A%2F%2Fwww.dollargeneral.com%2Fetc.clientlibs%2Fdollargeneral%2Fclientlibs%2Fclientlib-site%2Fresources%2Fimages%2Fstatic-map-pin.png%7C31.172015%2C-84.739701&amp;key=AIzaSyDi0nb6nKeHaDJWFtAvbAIPKBrUuAc_mTY&amp;signature=dHd79dSncQ6TJrVX1iUeLw9_yeE="" alt=""Google map showing the dropped pin on Dollar General,408 W Crawford St Ste A,Colquitt GA 39837-3436"">",408 W Crawford St Ste A,"Colquitt, GA 39837-3436","<div class=""store-details__main-travel"" data-latitude=""31.172015"" data-longitude=""-84.739701"" style=""display: none;"">
        <div class=""store-details__main-distance""></div>
        <a class=""store-details__main-directions"" href=""javascript:void(0);"" target=""_blank""></a>
    </div>",(478) 200-8809
"<img class=""store-details__map-image"" src=""https://maps.googleapis.com/maps/api/staticmap?center=Dollar+General%2C4328+Buena+Vista+Rd%2CColumbus+GA+31907-3800&amp;zoom=15&amp;size=730x600&amp;markers=icon%3Ahttps%3A%2F%2Fwww.dollargeneral.com%2Fetc.clientlibs%2Fdollargeneral%2Fclientlibs%2Fclientlib-site%2Fresources%2Fimages%2Fstatic-map-pin.png%7C32.464377%2C-84.91995&amp;key=AIzaSyDi0nb6nKeHaDJWFtAvbAIPKBrUuAc_mTY&amp;signature=-UaqW_C5_Rhw20JCA7cV7wkdb14="" alt=""Google map showing the dropped pin on Dollar General,4328 Buena Vista Rd,Columbus GA 31907-3800"">",4328 Buena Vista Rd,"Columbus, GA 31907-3800","<div class=""store-details__main-travel"" data-latitude=""32.464377"" data-longitude=""-84.91995"">
        <div class=""store-details__main-distance""></div>
        <a class=""store-details__main-directions"" href=""javascript:void(0);"" target=""_blank""></a>
    </div>",(760) 780-6017
"<img class=""store-details__map-image"" src=""https://maps.googleapis.com/maps/api/staticmap?center=Dollar+General%2C6499+Veterans+Pkwy+Ste+C%2CColumbus+GA+31909-6209&amp;zoom=15&amp;size=730x600&amp;markers=icon%3Ahttps%3A%2F%2Fwww.dollargeneral.com%2Fetc.clientlibs%2Fdollargeneral%2Fclientlibs%2Fclientlib-site%2Fresources%2Fimages%2Fstatic-map-pin.png%7C32.5389%2C-84.955&amp;key=AIzaSyDi0nb6nKeHaDJWFtAvbAIPKBrUuAc_mTY&amp;signature=aBq6mOPOLv-7DE8NbRCWf2RhsnM="" alt=""Google map showing the dropped pin on Dollar General,6499 Veterans Pkwy Ste C,Columbus GA 31909-6209"">",6499 Veterans Pkwy Ste C,"Columbus, GA 31909-6209","<div class=""store-details__main-travel"" data-latitude=""32.5389"" data-longitude=""-84.955"">
        <div class=""store-details__main-distance""></div>
        <a class=""store-details__main-directions"" href=""javascript:void(0);"" target=""_blank""></a>
    </div>",(706) 780-6610
"<img class=""store-details__map-image"" src=""https://maps.googleapis.com/maps/api/staticmap?center=Dollar+General%2C4900+River+Rd%2CColumbus+GA+31904-5837&amp;zoom=15&amp;size=730x600&amp;markers=icon%3Ahttps%3A%2F%2Fwww.dollargeneral.com%2Fetc.clientlibs%2Fdollargeneral%2Fclientlibs%2Fclientlib-site%2Fresources%2Fimages%2Fstatic-map-pin.png%7C32.5134%2C-84.9835&amp;key=AIzaSyDi0nb6nKeHaDJWFtAvbAIPKBrUuAc_mTY&amp;signature=yuyJg0r7P0L9tMtYbhBV1cRmphc="" alt=""Google map showing the dropped pin on Dollar General,4900 River Rd,Columbus GA 31904-5837"">",4900 River Rd,"Columbus, GA 31904-5837","<div class=""store-details__main-travel"" data-latitude=""32.5134"" data-longitude=""-84.9835"">
        <div class=""store-details__main-distance""></div>
        <a class=""store-details__main-directions"" href=""javascript:void(0);"" target=""_blank""></a>
    </div>",(706) 405-2861
"<img class=""store-details__map-image"" src=""https://maps.googleapis.com/maps/api/staticmap?center=Dollar+General%2C6001+Crystal+Drive%2CColumbus+GA+31907-1907&amp;zoom=15&amp;size=730x600&amp;markers=icon%3Ahttps%3A%2F%2Fwww.dollargeneral.com%2Fetc.clientlibs%2Fdollargeneral%2Fclientlibs%2Fclientlib-site%2Fresources%2Fimages%2Fstatic-map-pin.png%7C32.51339%2C-84.887895&amp;key=AIzaSyDi0nb6nKeHaDJWFtAvbAIPKBrUuAc_mTY&amp;signature=VFAfMHxgROjC86JTOIy_PVMd6hM="" alt=""Google map showing the dropped pin on Dollar General,6001 Crystal Drive,Columbus GA 31907-1907"">",6001 Crystal Drive,"Columbus, GA 31907-1907","<div class=""store-details__main-travel"" data-latitude=""32.51339"" data-longitude=""-84.887895"" style=""display: none;"">
        <div class=""store-details__main-distance""></div>
        <a class=""store-details__main-directions"" href=""javascript:void(0);"" target=""_blank""></a>
    </div>",(706) 786-6172
"<img class=""store-details__map-image"" src=""https://maps.googleapis.com/maps/api/staticmap?center=Dollar+General%2C2301+Cusseta+Road%2CColumbus+GA+31903&amp;zoom=15&amp;size=730x600&amp;markers=icon%3Ahttps%3A%2F%2Fwww.dollargeneral.com%2Fetc.clientlibs%2Fdollargeneral%2Fclientlibs%2Fclientlib-site%2Fresources%2Fimages%2Fstatic-map-pin.png%7C32.4482%2C-84.959142&amp;key=AIzaSyDi0nb6nKeHaDJWFtAvbAIPKBrUuAc_mTY&amp;signature=KHnCr9ANtonH0IPfR0P6f4OAwuU="" alt=""Google map showing the dropped pin on Dollar General,2301 Cusseta Road,Columbus GA 31903"">",2301 Cusseta Road,"Columbus, GA 31903","<div class=""store-details__main-travel"" data-latitude=""32.4482"" data-longitude=""-84.959142"">
        <div class=""store-details__main-distance""></div>
        <a class=""store-details__main-directions"" href=""javascript:void(0);"" target=""_blank""></a>
    </div>",(706) 780-6397
"<img class=""store-details__map-image"" src=""https://maps.googleapis.com/maps/api/staticmap?center=Dollar+General%2C3846+St+Marys+Rd%2CColumbus+GA+31906-4550&amp;zoom=15&amp;size=730x600&amp;markers=icon%3Ahttps%3A%2F%2Fwww.dollargeneral.com%2Fetc.clientlibs%2Fdollargeneral%2Fclientlibs%2Fclientlib-site%2Fresources%2Fimages%2Fstatic-map-pin.png%7C32.446%2C-84.9297&amp;key=AIzaSyDi0nb6nKeHaDJWFtAvbAIPKBrUuAc_mTY&amp;signature=Z2CdKAmOI95UbNfZZughdVjDbMQ="" alt=""Google map showing the dropped pin on Dollar General,3846 St Marys Rd,Columbus GA 31906-4550"">",3846 St Marys Rd # Sc 09,"Columbus, GA 31906-4550","<div class=""store-details__main-travel"" data-latitude=""32.446"" data-longitude=""-84.9297"">
        <div class=""store-details__main-distance""></div>
        <a class=""store-details__main-directions"" href=""javascript:void(0);"" target=""_blank""></a>
    </div>",(706) 786-6153
"<img class=""store-details__map-image"" src=""https://maps.googleapis.com/maps/api/staticmap?center=Dollar+General%2C5120+Warm+Springs+Rd%2CColumbus+GA+31909-6902&amp;zoom=15&amp;size=730x600&amp;markers=icon%3Ahttps%3A%2F%2Fwww.dollargeneral.com%2Fetc.clientlibs%2Fdollargeneral%2Fclientlibs%2Fclientlib-site%2Fresources%2Fimages%2Fstatic-map-pin.png%7C32.5352%2C-84.9061&amp;key=AIzaSyDi0nb6nKeHaDJWFtAvbAIPKBrUuAc_mTY&amp;signature=j-ATmOLcdeKGmgGCCY3ER9GuoXI="" alt=""Google map showing the dropped pin on Dollar General,5120 Warm Springs Rd,Columbus GA 31909-6902"">",5120 Warm Springs Rd,"Columbus, GA 31909-6902","<div class=""store-details__main-travel"" data-latitude=""32.5352"" data-longitude=""-84.9061"">
        <div class=""store-details__main-distance""></div>
        <a class=""store-details__main-directions"" href=""javascript:void(0);"" target=""_blank""></a>
    </div>",(706) 405-7450
"<img class=""store-details__map-image"" src=""https://maps.googleapis.com/maps/api/staticmap?center=Dollar+General%2C3747+Gentian+Blvd%2CColumbus+GA+31907-1146&amp;zoom=15&amp;size=730x600&amp;markers=icon%3Ahttps%3A%2F%2Fwww.dollargeneral.com%2Fetc.clientlibs%2Fdollargeneral%2Fclientlibs%2Fclientlib-site%2Fresources%2Fimages%2Fstatic-map-pin.png%7C32.508%2C-84.9319&amp;key=AIzaSyDi0nb6nKeHaDJWFtAvbAIPKBrUuAc_mTY&amp;signature=CDZZiLb_2HWd5gYYx-B673b741I="" alt=""Google map showing the dropped pin on Dollar General,3747 Gentian Blvd,Columbus GA 31907-1146"">",3747 Gentian Blvd,"Columbus, GA 31907-1146","<div class=""store-details__main-travel"" data-latitude=""32.508"" data-longitude=""-84.9319"">
        <div class=""store-details__main-distance""></div>
        <a class=""store-details__main-directions"" href=""javascript:void(0);"" target=""_blank""></a>
    </div>",(706) 780-6044
"<img class=""store-details__map-image"" src=""https://maps.googleapis.com/maps/api/staticmap?center=Dollar+General%2C3649+Victory+Dr%2CColumbus+GA+31903-4553&amp;zoom=15&amp;size=730x600&amp;markers=icon%3Ahttps%3A%2F%2Fwww.dollargeneral.com%2Fetc.clientlibs%2Fdollargeneral%2Fclientlibs%2Fclientlib-site%2Fresources%2Fimages%2Fstatic-map-pin.png%7C32.419235%2C-84.944334&amp;key=AIzaSyDi0nb6nKeHaDJWFtAvbAIPKBrUuAc_mTY&amp;signature=KDEePNiBM8iu4YaXw7NSj-NFUzc="" alt=""Google map showing the dropped pin on Dollar General,3649 Victory Dr,Columbus GA 31903-4553"">",3649 Victory Dr,"Columbus, GA 31903-4553","<div class=""store-details__main-travel"" data-latitude=""32.419235"" data-longitude=""-84.944334"" style=""display: none;"">
        <div class=""store-details__main-distance""></div>
        <a class=""store-details__main-directions"" href=""javascript:void(0);"" target=""_blank""></a>
    </div>",(706) 478-7889
"<img class=""store-details__map-image"" src=""https://maps.googleapis.com/maps/api/staticmap?center=Dollar+General%2C2500+Hamilton+Road%2CColumbus+GA+31904-8538&amp;zoom=15&amp;size=730x600&amp;markers=icon%3Ahttps%3A%2F%2Fwww.dollargeneral.com%2Fetc.clientlibs%2Fdollargeneral%2Fclientlibs%2Fclientlib-site%2Fresources%2Fimages%2Fstatic-map-pin.png%7C32.487582%2C-84.983047&amp;key=AIzaSyDi0nb6nKeHaDJWFtAvbAIPKBrUuAc_mTY&amp;signature=euZRrKxRbgugYRz2_q_9C7UAWEk="" alt=""Google map showing the dropped pin on Dollar General,2500 Hamilton Road,Columbus GA 31904-8538"">",2500 Hamilton Road,"Columbus, GA 31904-8538","<div class=""store-details__main-travel"" data-latitude=""32.487582"" data-longitude=""-84.983047"">
        <div class=""store-details__main-distance""></div>
        <a class=""store-details__main-directions"" href=""javascript:void(0);"" target=""_blank""></a>
    </div>",(706) 341-3245
"<img class=""store-details__map-image"" src=""https://maps.googleapis.com/maps/api/staticmap?center=Dollar+General%2C1620+13th+Ave%2CColumbus+GA+31901-1951&amp;zoom=15&amp;size=730x600&amp;markers=icon%3Ahttps%3A%2F%2Fwww.dollargeneral.com%2Fetc.clientlibs%2Fdollargeneral%2Fclientlibs%2Fclientlib-site%2Fresources%2Fimages%2Fstatic-map-pin.png%7C32.477%2C-84.9741&amp;key=AIzaSyDi0nb6nKeHaDJWFtAvbAIPKBrUuAc_mTY&amp;signature=3yNpA6P3DBY7uUU06KB7JiYg2M0="" alt=""Google map showing the dropped pin on Dollar General,1620 13th Ave,Columbus GA 31901-1951"">",1620 13th Ave,"Columbus, GA 31901-1951","<div class=""store-details__main-travel"" data-latitude=""32.477"" data-longitude=""-84.9741"">
        <div class=""store-details__main-distance""></div>
        <a class=""store-details__main-directions"" href=""javascript:void(0);"" target=""_blank""></a>
    </div>",(334) 650-0139
"<img class=""store-details__map-image"" src=""https://maps.googleapis.com/maps/api/staticmap?center=Dollar+General%2C3885+Miller+Rd+Ste+B%2CColumbus+GA+31909-4778&amp;zoom=15&amp;size=730x600&amp;markers=icon%3Ahttps%3A%2F%2Fwww.dollargeneral.com%2Fetc.clientlibs%2Fdollargeneral%2Fclientlibs%2Fclientlib-site%2Fresources%2Fimages%2Fstatic-map-pin.png%7C32.525398%2C-84.929127&amp;key=AIzaSyDi0nb6nKeHaDJWFtAvbAIPKBrUuAc_mTY&amp;signature=EzBXq0vM09tgIT_athamp5SVi44="" alt=""Google map showing the dropped pin on Dollar General,3885 Miller Rd Ste B,Columbus GA 31909-4778"">",3885 Miller Rd Ste B,"Columbus, GA 31909-4778","<div class=""store-details__main-travel"" data-latitude=""32.525398"" data-longitude=""-84.929127"">
        <div class=""store-details__main-distance""></div>
        <a class=""store-details__main-directions"" href=""javascript:void(0);"" target=""_blank""></a>
    </div>",(706) 478-7923
"<img class=""store-details__map-image"" src=""https://maps.googleapis.com/maps/api/staticmap?center=Dollar+General%2C3721+Macon+Rd%2CColumbus+GA+31907-2203&amp;zoom=15&amp;size=730x600&amp;markers=icon%3Ahttps%3A%2F%2Fwww.dollargeneral.com%2Fetc.clientlibs%2Fdollargeneral%2Fclientlibs%2Fclientlib-site%2Fresources%2Fimages%2Fstatic-map-pin.png%7C32.490245%2C-84.931803&amp;key=AIzaSyDi0nb6nKeHaDJWFtAvbAIPKBrUuAc_mTY&amp;signature=8CkOpdlD2dx727wM0u3OxnB2A-k="" alt=""Google map showing the dropped pin on Dollar General,3721 Macon Rd,Columbus GA 31907-2203"">",3721 Macon Rd,"Columbus, GA 31907-2203","<div class=""store-details__main-travel"" data-latitude=""32.490245"" data-longitude=""-84.931803"" style=""display: none;"">
        <div class=""store-details__main-distance""></div>
        <a class=""store-details__main-directions"" href=""javascript:void(0);"" target=""_blank""></a>
    </div>",(706) 405-3282
"<img class=""store-details__map-image"" src=""https://maps.googleapis.com/maps/api/staticmap?center=Dollar+General%2C2602+Manchester+Expy%2CColumbus+GA+31904-5207&amp;zoom=15&amp;size=730x600&amp;markers=icon%3Ahttps%3A%2F%2Fwww.dollargeneral.com%2Fetc.clientlibs%2Fdollargeneral%2Fclientlibs%2Fclientlib-site%2Fresources%2Fimages%2Fstatic-map-pin.png%7C32.506329%2C-84.955271&amp;key=AIzaSyDi0nb6nKeHaDJWFtAvbAIPKBrUuAc_mTY&amp;signature=sU7k_1ydewuQhQaJ4MacxlrPN8Q="" alt=""Google map showing the dropped pin on Dollar General,2602 Manchester Expy,Columbus GA 31904-5207"">",2602 Manchester Expy,"Columbus, GA 31904-5207","<div class=""store-details__main-travel"" data-latitude=""32.506329"" data-longitude=""-84.955271"">
        <div class=""store-details__main-distance""></div>
        <a class=""store-details__main-directions"" href=""javascript:void(0);"" target=""_blank""></a>
    </div>",(706) 530-2770
"<img class=""store-details__map-image"" src=""https://maps.googleapis.com/maps/api/staticmap?center=Dollar+General%2C75+Hwy+72+E%2CComer+GA+30629-0696&amp;zoom=15&amp;size=730x600&amp;markers=icon%3Ahttps%3A%2F%2Fwww.dollargeneral.com%2Fetc.clientlibs%2Fdollargeneral%2Fclientlibs%2Fclientlib-site%2Fresources%2Fimages%2Fstatic-map-pin.png%7C34.06402%2C-83.12574&amp;key=AIzaSyDi0nb6nKeHaDJWFtAvbAIPKBrUuAc_mTY&amp;signature=cC3W18CY2jzbIQLI7JIPerNAjzU="" alt=""Google map showing the dropped pin on Dollar General,75 Hwy 72 E,Comer GA 30629-0696"">",75 Hwy 72 E,"Comer, GA 30629-0696","<div class=""store-details__main-travel"" data-latitude=""34.06402"" data-longitude=""-83.12574"">
        <div class=""store-details__main-distance""></div>
        <a class=""store-details__main-directions"" href=""javascript:void(0);"" target=""_blank""></a>
    </div>",(762) 499-6835
"<img class=""store-details__map-image"" src=""https://maps.googleapis.com/maps/api/staticmap?center=Dollar+General%2C45+B+Wilson+Rd%2CCommerce+GA+30529-3817&amp;zoom=15&amp;size=730x600&amp;markers=icon%3Ahttps%3A%2F%2Fwww.dollargeneral.com%2Fetc.clientlibs%2Fdollargeneral%2Fclientlibs%2Fclientlib-site%2Fresources%2Fimages%2Fstatic-map-pin.png%7C34.209235%2C-83.480249&amp;key=AIzaSyDi0nb6nKeHaDJWFtAvbAIPKBrUuAc_mTY&amp;signature=yan3DrPBoEXBGERK8M0WXC_OIYo="" alt=""Google map showing the dropped pin on Dollar General,45 B Wilson Rd,Commerce GA 30529-3817"">",45 B Wilson Rd,"Commerce, GA 30529-3817","<div class=""store-details__main-travel"" data-latitude=""34.209235"" data-longitude=""-83.480249"" style=""display: none;"">
        <div class=""store-details__main-distance""></div>
        <a class=""store-details__main-directions"" href=""javascript:void(0);"" target=""_blank""></a>
    </div>",(470) 499-2714
"<img class=""store-details__map-image"" src=""https://maps.googleapis.com/maps/api/staticmap?center=Dollar+General%2C109+Highway+59%2CCommerce+GA+30530-1332&amp;zoom=15&amp;size=730x600&amp;markers=icon%3Ahttps%3A%2F%2Fwww.dollargeneral.com%2Fetc.clientlibs%2Fdollargeneral%2Fclientlibs%2Fclientlib-site%2Fresources%2Fimages%2Fstatic-map-pin.png%7C34.2347%2C-83.4522&amp;key=AIzaSyDi0nb6nKeHaDJWFtAvbAIPKBrUuAc_mTY&amp;signature=ACveJrt_8PCOEFRVIIIssm8ewtI="" alt=""Google map showing the dropped pin on Dollar General,109 Highway 59,Commerce GA 30530-1332"">",109 Highway 59,"Commerce, GA 30530-1332","<div class=""store-details__main-travel"" data-latitude=""34.2347"" data-longitude=""-83.4522"">
        <div class=""store-details__main-distance""></div>
        <a class=""store-details__main-directions"" href=""javascript:void(0);"" target=""_blank""></a>
    </div>",(762) 499-6868
"<img class=""store-details__map-image"" src=""https://maps.googleapis.com/maps/api/staticmap?center=Dollar+General%2C10+Bottoms+Rd%2CConcord+GA+30206&amp;zoom=15&amp;size=730x600&amp;markers=icon%3Ahttps%3A%2F%2Fwww.dollargeneral.com%2Fetc.clientlibs%2Fdollargeneral%2Fclientlibs%2Fclientlib-site%2Fresources%2Fimages%2Fstatic-map-pin.png%7C33.1048%2C-84.4156&amp;key=AIzaSyDi0nb6nKeHaDJWFtAvbAIPKBrUuAc_mTY&amp;signature=5C9sFJnInI6X8NT5E-XzMxJ2fmU="" alt=""Google map showing the dropped pin on Dollar General,10 Bottoms Rd,Concord GA 30206"">",10 Bottoms Rd,"Concord, GA 30206","<div class=""store-details__main-travel"" data-latitude=""33.1048"" data-longitude=""-84.4156"">
        <div class=""store-details__main-distance""></div>
        <a class=""store-details__main-directions"" href=""javascript:void(0);"" target=""_blank""></a>
    </div>",(470) 735-4519
"<img class=""store-details__map-image"" src=""https://maps.googleapis.com/maps/api/staticmap?center=Dollar+General%2C1621+Sigman+Rd+Nw%2CConyers+GA+30012-3465&amp;zoom=15&amp;size=730x600&amp;markers=icon%3Ahttps%3A%2F%2Fwww.dollargeneral.com%2Fetc.clientlibs%2Fdollargeneral%2Fclientlibs%2Fclientlib-site%2Fresources%2Fimages%2Fstatic-map-pin.png%7C33.6868%2C-84.0398&amp;key=AIzaSyDi0nb6nKeHaDJWFtAvbAIPKBrUuAc_mTY&amp;signature=1wHuankoLDmCHeXGx_kT7l0I_ss="" alt=""Google map showing the dropped pin on Dollar General,1621 Sigman Rd Nw,Conyers GA 30012-3465"">",1621 Sigman Rd Nw,"Conyers, GA 30012-3465","<div class=""store-details__main-travel"" data-latitude=""33.6868"" data-longitude=""-84.0398"">
        <div class=""store-details__main-distance""></div>
        <a class=""store-details__main-directions"" href=""javascript:void(0);"" target=""_blank""></a>
    </div>",(470) 207-8085
"<img class=""store-details__map-image"" src=""https://maps.googleapis.com/maps/api/staticmap?center=Dollar+General%2C2671+Ga+Hwy+20%2CConyers+GA+30012-2247&amp;zoom=15&amp;size=730x600&amp;markers=icon%3Ahttps%3A%2F%2Fwww.dollargeneral.com%2Fetc.clientlibs%2Fdollargeneral%2Fclientlibs%2Fclientlib-site%2Fresources%2Fimages%2Fstatic-map-pin.png%7C33.714439%2C-84.00412&amp;key=AIzaSyDi0nb6nKeHaDJWFtAvbAIPKBrUuAc_mTY&amp;signature=PuIdXeDfZLT05fr5utJm1ia3mds="" alt=""Google map showing the dropped pin on Dollar General,2671 Ga Hwy 20,Conyers GA 30012-2247"">",2671 Ga Hwy 20,"Conyers, GA 30012-2247","<div class=""store-details__main-travel"" data-latitude=""33.714439"" data-longitude=""-84.00412"" style=""display: none;"">
        <div class=""store-details__main-distance""></div>
        <a class=""store-details__main-directions"" href=""javascript:void(0);"" target=""_blank""></a>
    </div>",(470) 207-2744
"<img class=""store-details__map-image"" src=""https://maps.googleapis.com/maps/api/staticmap?center=Dollar+General%2C1491+Old+Salem+Rd%2CConyers+GA+30013-1720&amp;zoom=15&amp;size=730x600&amp;markers=icon%3Ahttps%3A%2F%2Fwww.dollargeneral.com%2Fetc.clientlibs%2Fdollargeneral%2Fclientlibs%2Fclientlib-site%2Fresources%2Fimages%2Fstatic-map-pin.png%7C33.65%2C-84.0057&amp;key=AIzaSyDi0nb6nKeHaDJWFtAvbAIPKBrUuAc_mTY&amp;signature=N9JP_h_mxg608XRRlD037bO4yVI="" alt=""Google map showing the dropped pin on Dollar General,1491 Old Salem Rd,Conyers GA 30013-1720"">",1491 Old Salem Rd,"Conyers, GA 30013-1720","<div class=""store-details__main-travel"" data-latitude=""33.65"" data-longitude=""-84.0057"">
        <div class=""store-details__main-distance""></div>
        <a class=""store-details__main-directions"" href=""javascript:void(0);"" target=""_blank""></a>
    </div>",(470) 467-0108
"<img class=""store-details__map-image"" src=""https://maps.googleapis.com/maps/api/staticmap?center=Dollar+General%2C1457+Sw+Hwy+138%2CConyers+GA+30094-2553&amp;zoom=15&amp;size=730x600&amp;markers=icon%3Ahttps%3A%2F%2Fwww.dollargeneral.com%2Fetc.clientlibs%2Fdollargeneral%2Fclientlibs%2Fclientlib-site%2Fresources%2Fimages%2Fstatic-map-pin.png%7C33.631663%2C-84.037819&amp;key=AIzaSyDi0nb6nKeHaDJWFtAvbAIPKBrUuAc_mTY&amp;signature=-GGsBa5X8GOniraXQxDXRIyw1qk="" alt=""Google map showing the dropped pin on Dollar General,1457 Sw Hwy 138,Conyers GA 30094-2553"">",1457 Sw Hwy 138,"Conyers, GA 30094-2553","<div class=""store-details__main-travel"" data-latitude=""33.631663"" data-longitude=""-84.037819"">
        <div class=""store-details__main-distance""></div>
        <a class=""store-details__main-directions"" href=""javascript:void(0);"" target=""_blank""></a>
    </div>",(470) 276-9324
"<img class=""store-details__map-image"" src=""https://maps.googleapis.com/maps/api/staticmap?center=Dollar+General%2C4035+N+Pine+St%2CCoolidge+GA+31738-3215&amp;zoom=15&amp;size=730x600&amp;markers=icon%3Ahttps%3A%2F%2Fwww.dollargeneral.com%2Fetc.clientlibs%2Fdollargeneral%2Fclientlibs%2Fclientlib-site%2Fresources%2Fimages%2Fstatic-map-pin.png%7C31.016324%2C-83.865675&amp;key=AIzaSyDi0nb6nKeHaDJWFtAvbAIPKBrUuAc_mTY&amp;signature=infMGFl-I7-uHGo1rmTvwXk5sGw="" alt=""Google map showing the dropped pin on Dollar General,4035 N Pine St,Coolidge GA 31738-3215"">",4035 N Pine St,"Coolidge, GA 31738-3215","<div class=""store-details__main-travel"" data-latitude=""31.016324"" data-longitude=""-83.865675"">
        <div class=""store-details__main-distance""></div>
        <a class=""store-details__main-directions"" href=""javascript:void(0);"" target=""_blank""></a>
    </div>",(478) 219-4515
"<img class=""store-details__map-image"" src=""https://maps.googleapis.com/maps/api/staticmap?center=Dollar+General%2C4511+Al+Hwy+Sw%2CCoosa+GA+30129-0573&amp;zoom=15&amp;size=730x600&amp;markers=icon%3Ahttps%3A%2F%2Fwww.dollargeneral.com%2Fetc.clientlibs%2Fdollargeneral%2Fclientlibs%2Fclientlib-site%2Fresources%2Fimages%2Fstatic-map-pin.png%7C34.262%2C-85.3072&amp;key=AIzaSyDi0nb6nKeHaDJWFtAvbAIPKBrUuAc_mTY&amp;signature=Rtk0msG2lZMXBwsCXk29f3KMDRU="" alt=""Google map showing the dropped pin on Dollar General,4511 Al Hwy Sw,Coosa GA 30129-0573"">",4511 Al Hwy Sw,"Coosa, GA 30129-0573","<div class=""store-details__main-travel"" data-latitude=""34.262"" data-longitude=""-85.3072"" style=""display: none;"">
        <div class=""store-details__main-distance""></div>
        <a class=""store-details__main-directions"" href=""javascript:void(0);"" target=""_blank""></a>
    </div>",(706) 509-2710
"<img class=""store-details__map-image"" src=""https://maps.googleapis.com/maps/api/staticmap?center=Dollar+General%2C1101+N+16+Ave+E%2CCordele+GA+31015-1594&amp;zoom=15&amp;size=730x600&amp;markers=icon%3Ahttps%3A%2F%2Fwww.dollargeneral.com%2Fetc.clientlibs%2Fdollargeneral%2Fclientlibs%2Fclientlib-site%2Fresources%2Fimages%2Fstatic-map-pin.png%7C31.9635%2C-83.7659&amp;key=AIzaSyDi0nb6nKeHaDJWFtAvbAIPKBrUuAc_mTY&amp;signature=nNL-YDGQ3Q39FBXwgSyCs3UfFW4="" alt=""Google map showing the dropped pin on Dollar General,1101 N 16 Ave E,Cordele GA 31015-1594"">",1101 N 16 Ave E,"Cordele, GA 31015-1594","<div class=""store-details__main-travel"" data-latitude=""31.9635"" data-longitude=""-83.7659"">
        <div class=""store-details__main-distance""></div>
        <a class=""store-details__main-directions"" href=""javascript:void(0);"" target=""_blank""></a>
    </div>",(478) 200-3222
"<img class=""store-details__map-image"" src=""https://maps.googleapis.com/maps/api/staticmap?center=Dollar+General%2C2490+Hwy+280+W%2CCordele+GA+31015&amp;zoom=15&amp;size=730x600&amp;markers=icon%3Ahttps%3A%2F%2Fwww.dollargeneral.com%2Fetc.clientlibs%2Fdollargeneral%2Fclientlibs%2Fclientlib-site%2Fresources%2Fimages%2Fstatic-map-pin.png%7C31.9679%2C-83.9144&amp;key=AIzaSyDi0nb6nKeHaDJWFtAvbAIPKBrUuAc_mTY&amp;signature=zi8EyjXjALHgUqVd87JsDw06z_0="" alt=""Google map showing the dropped pin on Dollar General,2490 Hwy 280 W,Cordele GA 31015"">",2490 Hwy 280 W,"Cordele, GA 31015","<div class=""store-details__main-travel"" data-latitude=""31.9679"" data-longitude=""-83.9144"">
        <div class=""store-details__main-distance""></div>
        <a class=""store-details__main-directions"" href=""javascript:void(0);"" target=""_blank""></a>
    </div>",(478) 219-2184
"<img class=""store-details__map-image"" src=""https://maps.googleapis.com/maps/api/staticmap?center=Dollar+General%2C1347+Ga+Highway+257%2CCordele+GA+31015-9116&amp;zoom=15&amp;size=730x600&amp;markers=icon%3Ahttps%3A%2F%2Fwww.dollargeneral.com%2Fetc.clientlibs%2Fdollargeneral%2Fclientlibs%2Fclientlib-site%2Fresources%2Fimages%2Fstatic-map-pin.png%7C31.97685%2C-83.74645&amp;key=AIzaSyDi0nb6nKeHaDJWFtAvbAIPKBrUuAc_mTY&amp;signature=5tdO9fwsYEc_XDVhbrKP4QkAn_w="" alt=""Google map showing the dropped pin on Dollar General,1347 Ga Highway 257,Cordele GA 31015-9116"">",1347 Ga Highway 257,"Cordele, GA 31015-9116","<div class=""store-details__main-travel"" data-latitude=""31.97685"" data-longitude=""-83.74645"">
        <div class=""store-details__main-distance""></div>
        <a class=""store-details__main-directions"" href=""javascript:void(0);"" target=""_blank""></a>
    </div>",(762) 354-2770
"<img class=""store-details__map-image"" src=""https://maps.googleapis.com/maps/api/staticmap?center=Dollar+General%2C402+S+7th+St%2CCordele+GA+31015-1441&amp;zoom=15&amp;size=730x600&amp;markers=icon%3Ahttps%3A%2F%2Fwww.dollargeneral.com%2Fetc.clientlibs%2Fdollargeneral%2Fclientlibs%2Fclientlib-site%2Fresources%2Fimages%2Fstatic-map-pin.png%7C31.965543%2C-83.783135&amp;key=AIzaSyDi0nb6nKeHaDJWFtAvbAIPKBrUuAc_mTY&amp;signature=kiUNPitbfIfxLeOeukMwqW5sZrU="" alt=""Google map showing the dropped pin on Dollar General,402 S 7th St,Cordele GA 31015-1441"">",402 S 7th St,"Cordele, GA 31015-1441","<div class=""store-details__main-travel"" data-latitude=""31.965543"" data-longitude=""-83.783135"" style=""display: none;"">
        <div class=""store-details__main-distance""></div>
        <a class=""store-details__main-directions"" href=""javascript:void(0);"" target=""_blank""></a>
    </div>",(478) 200-0420
"<img class=""store-details__map-image"" src=""https://maps.googleapis.com/maps/api/staticmap?center=Dollar+General%2C4034+Pea+Ridge+Rd%2CCornelia+GA+30531-8100&amp;zoom=15&amp;size=730x600&amp;markers=icon%3Ahttps%3A%2F%2Fwww.dollargeneral.com%2Fetc.clientlibs%2Fdollargeneral%2Fclientlibs%2Fclientlib-site%2Fresources%2Fimages%2Fstatic-map-pin.png%7C34.5287%2C-83.6083&amp;key=AIzaSyDi0nb6nKeHaDJWFtAvbAIPKBrUuAc_mTY&amp;signature=A93iB5fNPlu3ezm3Y-b1jWmwqVk="" alt=""Google map showing the dropped pin on Dollar General,4034 Pea Ridge Rd,Cornelia GA 30531-8100"">",4034 Pea Ridge Rd,"Cornelia, GA 30531-8100","<div class=""store-details__main-travel"" data-latitude=""34.5287"" data-longitude=""-83.6083"">
        <div class=""store-details__main-distance""></div>
        <a class=""store-details__main-directions"" href=""javascript:void(0);"" target=""_blank""></a>
    </div>",(762) 499-0187
"<img class=""store-details__map-image"" src=""https://maps.googleapis.com/maps/api/staticmap?center=Dollar+General%2C409+Cornelia+Plaza+Dr%2CCornelia+GA+30531-2917&amp;zoom=15&amp;size=730x600&amp;markers=icon%3Ahttps%3A%2F%2Fwww.dollargeneral.com%2Fetc.clientlibs%2Fdollargeneral%2Fclientlibs%2Fclientlib-site%2Fresources%2Fimages%2Fstatic-map-pin.png%7C34.515739%2C-83.530109&amp;key=AIzaSyDi0nb6nKeHaDJWFtAvbAIPKBrUuAc_mTY&amp;signature=kSPzhn5y976YoZpjBMXK5bDv0Dg="" alt=""Google map showing the dropped pin on Dollar General,409 Cornelia Plaza Dr,Cornelia GA 30531-2917"">",409 Cornelia Plaza Dr,"Cornelia, GA 30531-2917","<div class=""store-details__main-travel"" data-latitude=""34.515739"" data-longitude=""-83.530109"">
        <div class=""store-details__main-distance""></div>
        <a class=""store-details__main-directions"" href=""javascript:void(0);"" target=""_blank""></a>
    </div>",(470) 354-3255
"<img class=""store-details__map-image"" src=""https://maps.googleapis.com/maps/api/staticmap?center=Dollar+General%2C224+Merchants+Way%2CCornelia+GA+30531-4703&amp;zoom=15&amp;size=730x600&amp;markers=icon%3Ahttps%3A%2F%2Fwww.dollargeneral.com%2Fetc.clientlibs%2Fdollargeneral%2Fclientlibs%2Fclientlib-site%2Fresources%2Fimages%2Fstatic-map-pin.png%7C34.544776%2C-83.547823&amp;key=AIzaSyDi0nb6nKeHaDJWFtAvbAIPKBrUuAc_mTY&amp;signature=MyfBRIUfHh_ECX-VFEfsiZZsHOc="" alt=""Google map showing the dropped pin on Dollar General,224 Merchants Way,Cornelia GA 30531-4703"">",224 Merchants Way,"Cornelia, GA 30531-4703","<div class=""store-details__main-travel"" data-latitude=""34.544776"" data-longitude=""-83.547823"">
        <div class=""store-details__main-distance""></div>
        <a class=""store-details__main-directions"" href=""javascript:void(0);"" target=""_blank""></a>
    </div>",(470) 571-0316
"<img class=""store-details__map-image"" src=""https://maps.googleapis.com/maps/api/staticmap?center=Dollar+General%2C15797+Highway+36%2CCovington+GA+30014-6021&amp;zoom=15&amp;size=730x600&amp;markers=icon%3Ahttps%3A%2F%2Fwww.dollargeneral.com%2Fetc.clientlibs%2Fdollargeneral%2Fclientlibs%2Fclientlib-site%2Fresources%2Fimages%2Fstatic-map-pin.png%7C33.424112%2C-83.849414&amp;key=AIzaSyDi0nb6nKeHaDJWFtAvbAIPKBrUuAc_mTY&amp;signature=u1pBhpOO7DWprJzgUlvQ4NvNJdM="" alt=""Google map showing the dropped pin on Dollar General,15797 Highway 36,Covington GA 30014-6021"">",15797 Highway 36,"Covington, GA 30014-6021","<div class=""store-details__main-travel"" data-latitude=""33.424112"" data-longitude=""-83.849414"" style=""display: none;"">
        <div class=""store-details__main-distance""></div>
        <a class=""store-details__main-directions"" href=""javascript:void(0);"" target=""_blank""></a>
    </div>",(470) 327-1910
"<img class=""store-details__map-image"" src=""https://maps.googleapis.com/maps/api/staticmap?center=Dollar+General%2C13+Grassy+St%2CCrandall+GA+30711&amp;zoom=15&amp;size=730x600&amp;markers=icon%3Ahttps%3A%2F%2Fwww.dollargeneral.com%2Fetc.clientlibs%2Fdollargeneral%2Fclientlibs%2Fclientlib-site%2Fresources%2Fimages%2Fstatic-map-pin.png%7C34.86805%2C-84.75281&amp;key=AIzaSyDi0nb6nKeHaDJWFtAvbAIPKBrUuAc_mTY&amp;signature=nGaPA4KDa8t_vqCXD1_3ipwbn3w="" alt=""Google map showing the dropped pin on Dollar General,13 Grassy St,Crandall GA 30711"">",13 Grassy St,"Crandall, GA 30711","<div class=""store-details__main-travel"" data-latitude=""34.86805"" data-longitude=""-84.75281"">
        <div class=""store-details__main-distance""></div>
        <a class=""store-details__main-directions"" href=""javascript:void(0);"" target=""_blank""></a>
    </div>",(762) 220-3864
"<img class=""store-details__map-image"" src=""https://maps.googleapis.com/maps/api/staticmap?center=Dollar+General%2C11+Oglethorpe+Dr%2CCrawford+GA+30630-2526&amp;zoom=15&amp;size=730x600&amp;markers=icon%3Ahttps%3A%2F%2Fwww.dollargeneral.com%2Fetc.clientlibs%2Fdollargeneral%2Fclientlibs%2Fclientlib-site%2Fresources%2Fimages%2Fstatic-map-pin.png%7C33.886264%2C-83.127508&amp;key=AIzaSyDi0nb6nKeHaDJWFtAvbAIPKBrUuAc_mTY&amp;signature=1OsBnCZu4jSIQhHoPTeDqBKfcUU="" alt=""Google map showing the dropped pin on Dollar General,11 Oglethorpe Dr,Crawford GA 30630-2526"">",11 Oglethorpe Dr,"Crawford, GA 30630-2526","<div class=""store-details__main-travel"" data-latitude=""33.886264"" data-longitude=""-83.127508"">
        <div class=""store-details__main-distance""></div>
        <a class=""store-details__main-directions"" href=""javascript:void(0);"" target=""_blank""></a>
    </div>",(762) 499-6042
"<img class=""store-details__map-image"" src=""https://maps.googleapis.com/maps/api/staticmap?center=Dollar+General%2C494+Broad+Street+Nw%2CCrawfordville+GA+30631&amp;zoom=15&amp;size=730x600&amp;markers=icon%3Ahttps%3A%2F%2Fwww.dollargeneral.com%2Fetc.clientlibs%2Fdollargeneral%2Fclientlibs%2Fclientlib-site%2Fresources%2Fimages%2Fstatic-map-pin.png%7C33.557%2C-82.9085&amp;key=AIzaSyDi0nb6nKeHaDJWFtAvbAIPKBrUuAc_mTY&amp;signature=FGQKTkxsQEbS5JFQw7DeRWRv-1U="" alt=""Google map showing the dropped pin on Dollar General,494 Broad Street Nw,Crawfordville GA 30631"">",494 Broad Street Nw,"Crawfordville, GA 30631","<div class=""store-details__main-travel"" data-latitude=""33.557"" data-longitude=""-82.9085"">
        <div class=""store-details__main-distance""></div>
        <a class=""store-details__main-directions"" href=""javascript:void(0);"" target=""_blank""></a>
    </div>",(762) 585-6137
"<img class=""store-details__map-image"" src=""https://maps.googleapis.com/maps/api/staticmap?center=Dollar+General%2C4015+Browns+Bridge+Rd%2CCumming+GA+30041-3901&amp;zoom=15&amp;size=730x600&amp;markers=icon%3Ahttps%3A%2F%2Fwww.dollargeneral.com%2Fetc.clientlibs%2Fdollargeneral%2Fclientlibs%2Fclientlib-site%2Fresources%2Fimages%2Fstatic-map-pin.png%7C34.262208%2C-84.081265&amp;key=AIzaSyDi0nb6nKeHaDJWFtAvbAIPKBrUuAc_mTY&amp;signature=KDBQXFsqpQyEpoBulgQSBOBqiI0="" alt=""Google map showing the dropped pin on Dollar General,4015 Browns Bridge Rd,Cumming GA 30041-3901"">",4015 Browns Bridge Rd,"Cumming, GA 30041-3901","<div class=""store-details__main-travel"" data-latitude=""34.262208"" data-longitude=""-84.081265"">
        <div class=""store-details__main-distance""></div>
        <a class=""store-details__main-directions"" href=""javascript:void(0);"" target=""_blank""></a>
    </div>",(470) 239-1948
"<img class=""store-details__map-image"" src=""https://maps.googleapis.com/maps/api/staticmap?center=Dollar+General%2C2420+Holtzclaw+Road%2CCumming+GA+30041-4586&amp;zoom=15&amp;size=730x600&amp;markers=icon%3Ahttps%3A%2F%2Fwww.dollargeneral.com%2Fetc.clientlibs%2Fdollargeneral%2Fclientlibs%2Fclientlib-site%2Fresources%2Fimages%2Fstatic-map-pin.png%7C34.232509%2C-84.084526&amp;key=AIzaSyDi0nb6nKeHaDJWFtAvbAIPKBrUuAc_mTY&amp;signature=GHb-dU3hsFg3PbpDqlZFOgc5uq4="" alt=""Google map showing the dropped pin on Dollar General,2420 Holtzclaw Road,Cumming GA 30041-4586"">",2420 Holtzclaw Road,"Cumming, GA 30041-4586","<div class=""store-details__main-travel"" data-latitude=""34.232509"" data-longitude=""-84.084526"">
        <div class=""store-details__main-distance""></div>
        <a class=""store-details__main-directions"" href=""javascript:void(0);"" target=""_blank""></a>
    </div>",(470) 839-8810
"<img class=""store-details__map-image"" src=""https://maps.googleapis.com/maps/api/staticmap?center=Dollar+General%2C121+N+Corners+Pkwy%2CCumming+GA+30040-2078&amp;zoom=15&amp;size=730x600&amp;markers=icon%3Ahttps%3A%2F%2Fwww.dollargeneral.com%2Fetc.clientlibs%2Fdollargeneral%2Fclientlibs%2Fclientlib-site%2Fresources%2Fimages%2Fstatic-map-pin.png%7C34.2155%2C-84.1507&amp;key=AIzaSyDi0nb6nKeHaDJWFtAvbAIPKBrUuAc_mTY&amp;signature=kQFETBmlq_Y59pwuA1nH6VDDk0M="" alt=""Google map showing the dropped pin on Dollar General,121 N Corners Pkwy,Cumming GA 30040-2078"">",121 N Corners Pkwy,"Cumming, GA 30040-2078","<div class=""store-details__main-travel"" data-latitude=""34.2155"" data-longitude=""-84.1507"" style=""display: none;"">
        <div class=""store-details__main-distance""></div>
        <a class=""store-details__main-directions"" href=""javascript:void(0);"" target=""_blank""></a>
    </div>",(470) 695-0676
"<img class=""store-details__map-image"" src=""https://maps.googleapis.com/maps/api/staticmap?center=Dollar+General%2C5350+Jot+Em+Down+Rd%2CCumming+GA+30041&amp;zoom=15&amp;size=730x600&amp;markers=icon%3Ahttps%3A%2F%2Fwww.dollargeneral.com%2Fetc.clientlibs%2Fdollargeneral%2Fclientlibs%2Fclientlib-site%2Fresources%2Fimages%2Fstatic-map-pin.png%7C34.32376%2C-84.051&amp;key=AIzaSyDi0nb6nKeHaDJWFtAvbAIPKBrUuAc_mTY&amp;signature=fmB1EeMF1dB0IpZFzlfqBZpCZ9k="" alt=""Google map showing the dropped pin on Dollar General,5350 Jot Em Down Rd,Cumming GA 30041"">",5350 Jot Em Down Rd,"Cumming, GA 30041","<div class=""store-details__main-travel"" data-latitude=""34.32376"" data-longitude=""-84.051"">
        <div class=""store-details__main-distance""></div>
        <a class=""store-details__main-directions"" href=""javascript:void(0);"" target=""_blank""></a>
    </div>",(470) 239-5303
"<img class=""store-details__map-image"" src=""https://maps.googleapis.com/maps/api/staticmap?center=Dollar+General%2C6010+Bethelview+Rd%2CCumming+GA+30040-6316&amp;zoom=15&amp;size=730x600&amp;markers=icon%3Ahttps%3A%2F%2Fwww.dollargeneral.com%2Fetc.clientlibs%2Fdollargeneral%2Fclientlibs%2Fclientlib-site%2Fresources%2Fimages%2Fstatic-map-pin.png%7C34.1635%2C-84.1759&amp;key=AIzaSyDi0nb6nKeHaDJWFtAvbAIPKBrUuAc_mTY&amp;signature=YY_QQt5AcPrlJD-Nnx6G29CeF7k="" alt=""Google map showing the dropped pin on Dollar General,6010 Bethelview Rd,Cumming GA 30040-6316"">",6010 Bethelview Rd,"Cumming, GA 30040-6316","<div class=""store-details__main-travel"" data-latitude=""34.1635"" data-longitude=""-84.1759"">
        <div class=""store-details__main-distance""></div>
        <a class=""store-details__main-directions"" href=""javascript:void(0);"" target=""_blank""></a>
    </div>",(470) 239-1762
"<img class=""store-details__map-image"" src=""https://maps.googleapis.com/maps/api/staticmap?center=Dollar+General%2C175+Hwy+520%2CCusseta+GA+31805-0147&amp;zoom=15&amp;size=730x600&amp;markers=icon%3Ahttps%3A%2F%2Fwww.dollargeneral.com%2Fetc.clientlibs%2Fdollargeneral%2Fclientlibs%2Fclientlib-site%2Fresources%2Fimages%2Fstatic-map-pin.png%7C32.302512%2C-84.78407&amp;key=AIzaSyDi0nb6nKeHaDJWFtAvbAIPKBrUuAc_mTY&amp;signature=fmOE2_0g5Wki3f7d-_vhQoeqdj0="" alt=""Google map showing the dropped pin on Dollar General,175 Hwy 520,Cusseta GA 31805-0147"">",175 Hwy 520,"Cusseta, GA 31805-0147","<div class=""store-details__main-travel"" data-latitude=""32.302512"" data-longitude=""-84.78407"">
        <div class=""store-details__main-distance""></div>
        <a class=""store-details__main-directions"" href=""javascript:void(0);"" target=""_blank""></a>
    </div>",(706) 989-5465
"<img class=""store-details__map-image"" src=""https://maps.googleapis.com/maps/api/staticmap?center=Dollar+General%2C722+Blakely+St%2CCuthbert+GA+39840-5327&amp;zoom=15&amp;size=730x600&amp;markers=icon%3Ahttps%3A%2F%2Fwww.dollargeneral.com%2Fetc.clientlibs%2Fdollargeneral%2Fclientlibs%2Fclientlib-site%2Fresources%2Fimages%2Fstatic-map-pin.png%7C31.767552%2C-84.789241&amp;key=AIzaSyDi0nb6nKeHaDJWFtAvbAIPKBrUuAc_mTY&amp;signature=spvvZqzWL6Vu43quuSYVuBFZf3g="" alt=""Google map showing the dropped pin on Dollar General,722 Blakely St,Cuthbert GA 39840-5327"">",722 Blakely St,"Cuthbert, GA 39840-5327","<div class=""store-details__main-travel"" data-latitude=""31.767552"" data-longitude=""-84.789241"">
        <div class=""store-details__main-distance""></div>
        <a class=""store-details__main-directions"" href=""javascript:void(0);"" target=""_blank""></a>
    </div>",(478) 273-3165
"<img class=""store-details__map-image"" src=""https://maps.googleapis.com/maps/api/staticmap?center=Dollar+General%2C1210+Winder+Highway%2CDacula+GA+30019-2228&amp;zoom=15&amp;size=730x600&amp;markers=icon%3Ahttps%3A%2F%2Fwww.dollargeneral.com%2Fetc.clientlibs%2Fdollargeneral%2Fclientlibs%2Fclientlib-site%2Fresources%2Fimages%2Fstatic-map-pin.png%7C33.977714%2C-83.9442&amp;key=AIzaSyDi0nb6nKeHaDJWFtAvbAIPKBrUuAc_mTY&amp;signature=8fUaX3TI6DGmnwODl694lgMcYVU="" alt=""Google map showing the dropped pin on Dollar General,1210 Winder Highway,Dacula GA 30019-2228"">",1210 Winder Highway,"Dacula, GA 30019-2228","<div class=""store-details__main-travel"" data-latitude=""33.977714"" data-longitude=""-83.9442"">
        <div class=""store-details__main-distance""></div>
        <a class=""store-details__main-directions"" href=""javascript:void(0);"" target=""_blank""></a>
    </div>",(470) 289-6612
"<img class=""store-details__map-image"" src=""https://maps.googleapis.com/maps/api/staticmap?center=Dollar+General%2C1955+Harbins+Rd%2CDacula+GA+30019&amp;zoom=15&amp;size=730x600&amp;markers=icon%3Ahttps%3A%2F%2Fwww.dollargeneral.com%2Fetc.clientlibs%2Fdollargeneral%2Fclientlibs%2Fclientlib-site%2Fresources%2Fimages%2Fstatic-map-pin.png%7C33.947194%2C-83.855023&amp;key=AIzaSyDi0nb6nKeHaDJWFtAvbAIPKBrUuAc_mTY&amp;signature=73VDbQNIerZH3Vto-6e1y0mlxSA="" alt=""Google map showing the dropped pin on Dollar General,1955 Harbins Rd,Dacula GA 30019"">",1955 Harbins Rd,"Dacula, GA 30019","<div class=""store-details__main-travel"" data-latitude=""33.947194"" data-longitude=""-83.855023"">
        <div class=""store-details__main-distance""></div>
        <a class=""store-details__main-directions"" href=""javascript:void(0);"" target=""_blank""></a>
    </div>",(762) 220-3014
"<img class=""store-details__map-image"" src=""https://maps.googleapis.com/maps/api/staticmap?center=Dollar+General%2C1941+Auburn+Rd%2CDacula+GA+30019-1156&amp;zoom=15&amp;size=730x600&amp;markers=icon%3Ahttps%3A%2F%2Fwww.dollargeneral.com%2Fetc.clientlibs%2Fdollargeneral%2Fclientlibs%2Fclientlib-site%2Fresources%2Fimages%2Fstatic-map-pin.png%7C34.04994%2C-83.92842&amp;key=AIzaSyDi0nb6nKeHaDJWFtAvbAIPKBrUuAc_mTY&amp;signature=8ZpJ6iBDaZA7mZ2yqlPeZYQoH_o="" alt=""Google map showing the dropped pin on Dollar General,1941 Auburn Rd,Dacula GA 30019-1156"">",1941 Auburn Rd,"Dacula, GA 30019-1156","<div class=""store-details__main-travel"" data-latitude=""34.04994"" data-longitude=""-83.92842"">
        <div class=""store-details__main-distance""></div>
        <a class=""store-details__main-directions"" href=""javascript:void(0);"" target=""_blank""></a>
    </div>",(470) 289-0639
"<img class=""store-details__map-image"" src=""https://maps.googleapis.com/maps/api/staticmap?center=Dollar+General%2C3165+Morrison+Moore+Pkwy+E%2CDahlonega+GA+30533&amp;zoom=15&amp;size=730x600&amp;markers=icon%3Ahttps%3A%2F%2Fwww.dollargeneral.com%2Fetc.clientlibs%2Fdollargeneral%2Fclientlibs%2Fclientlib-site%2Fresources%2Fimages%2Fstatic-map-pin.png%7C34.5699%2C-83.9688&amp;key=AIzaSyDi0nb6nKeHaDJWFtAvbAIPKBrUuAc_mTY&amp;signature=FEeRWjBcMMSPUkqSuloBg71sRkw="" alt=""Google map showing the dropped pin on Dollar General,3165 Morrison Moore Pkwy E,Dahlonega GA 30533"">",3165 Morrison Moore Pkwy E,"Dahlonega, GA 30533","<div class=""store-details__main-travel"" data-latitude=""34.5699"" data-longitude=""-83.9688"" style=""display: none;"">
        <div class=""store-details__main-distance""></div>
        <a class=""store-details__main-directions"" href=""javascript:void(0);"" target=""_blank""></a>
    </div>",(678) 845-8025
"<img class=""store-details__map-image"" src=""https://maps.googleapis.com/maps/api/staticmap?center=Dollar+General%2C12+Siloam+Church+Rd%2CDahlonega+GA+30533-4393&amp;zoom=15&amp;size=730x600&amp;markers=icon%3Ahttps%3A%2F%2Fwww.dollargeneral.com%2Fetc.clientlibs%2Fdollargeneral%2Fclientlibs%2Fclientlib-site%2Fresources%2Fimages%2Fstatic-map-pin.png%7C34.52379%2C-84.03744&amp;key=AIzaSyDi0nb6nKeHaDJWFtAvbAIPKBrUuAc_mTY&amp;signature=PG-gfTVeq3ODx1CNr0SkyY0kTdo="" alt=""Google map showing the dropped pin on Dollar General,12 Siloam Church Rd,Dahlonega GA 30533-4393"">",12 Siloam Church Rd,"Dahlonega, GA 30533-4393","<div class=""store-details__main-travel"" data-latitude=""34.52379"" data-longitude=""-84.03744"">
        <div class=""store-details__main-distance""></div>
        <a class=""store-details__main-directions"" href=""javascript:void(0);"" target=""_blank""></a>
    </div>",(478) 200-7668
"<img class=""store-details__map-image"" src=""https://maps.googleapis.com/maps/api/staticmap?center=Dollar+General%2C473+Morrison+Moore+Pkwy+E%2CDahlonega+GA+30533-1423&amp;zoom=15&amp;size=730x600&amp;markers=icon%3Ahttps%3A%2F%2Fwww.dollargeneral.com%2Fetc.clientlibs%2Fdollargeneral%2Fclientlibs%2Fclientlib-site%2Fresources%2Fimages%2Fstatic-map-pin.png%7C34.532%2C-83.9778&amp;key=AIzaSyDi0nb6nKeHaDJWFtAvbAIPKBrUuAc_mTY&amp;signature=co11gy0HHsC_uWkXy8kou6kepzU="" alt=""Google map showing the dropped pin on Dollar General,473 Morrison Moore Pkwy E,Dahlonega GA 30533-1423"">",473 Morrison Moore Pkwy E,"Dahlonega, GA 30533-1423","<div class=""store-details__main-travel"" data-latitude=""34.532"" data-longitude=""-83.9778"">
        <div class=""store-details__main-distance""></div>
        <a class=""store-details__main-directions"" href=""javascript:void(0);"" target=""_blank""></a>
    </div>",(470) 354-3322
"<img class=""store-details__map-image"" src=""https://maps.googleapis.com/maps/api/staticmap?center=Dollar+General%2C5019+South+Chestatee+St%2CDahlonega+GA+30533-6368&amp;zoom=15&amp;size=730x600&amp;markers=icon%3Ahttps%3A%2F%2Fwww.dollargeneral.com%2Fetc.clientlibs%2Fdollargeneral%2Fclientlibs%2Fclientlib-site%2Fresources%2Fimages%2Fstatic-map-pin.png%7C34.471563%2C-83.975166&amp;key=AIzaSyDi0nb6nKeHaDJWFtAvbAIPKBrUuAc_mTY&amp;signature=xRt5g3dl9EAYZKeq86ULSxsf4J8="" alt=""Google map showing the dropped pin on Dollar General,5019 South Chestatee St,Dahlonega GA 30533-6368"">",5019 South Chestatee St,"Dahlonega, GA 30533-6368","<div class=""store-details__main-travel"" data-latitude=""34.471563"" data-longitude=""-83.975166"">
        <div class=""store-details__main-distance""></div>
        <a class=""store-details__main-directions"" href=""javascript:void(0);"" target=""_blank""></a>
    </div>",(470) 462-3954
"<img class=""store-details__map-image"" src=""https://maps.googleapis.com/maps/api/staticmap?center=Dollar+General%2C2425+Gold+Mine+Rd%2CDallas+GA+30157-1248&amp;zoom=15&amp;size=730x600&amp;markers=icon%3Ahttps%3A%2F%2Fwww.dollargeneral.com%2Fetc.clientlibs%2Fdollargeneral%2Fclientlibs%2Fclientlib-site%2Fresources%2Fimages%2Fstatic-map-pin.png%7C33.923368%2C-84.990747&amp;key=AIzaSyDi0nb6nKeHaDJWFtAvbAIPKBrUuAc_mTY&amp;signature=6eOnK-H3YIIXzoKQTAYYn-AluSk="" alt=""Google map showing the dropped pin on Dollar General,2425 Gold Mine Rd,Dallas GA 30157-1248"">",2425 Gold Mine Rd,"Dallas, GA 30157-1248","<div class=""store-details__main-travel"" data-latitude=""33.923368"" data-longitude=""-84.990747"">
        <div class=""store-details__main-distance""></div>
        <a class=""store-details__main-directions"" href=""javascript:void(0);"" target=""_blank""></a>
    </div>",(470) 632-4220
"<img class=""store-details__map-image"" src=""https://maps.googleapis.com/maps/api/staticmap?center=Dollar+General%2C24+Williams+Rd%2CDallas+GA+30132-1400&amp;zoom=15&amp;size=730x600&amp;markers=icon%3Ahttps%3A%2F%2Fwww.dollargeneral.com%2Fetc.clientlibs%2Fdollargeneral%2Fclientlibs%2Fclientlib-site%2Fresources%2Fimages%2Fstatic-map-pin.png%7C34.043949%2C-84.836205&amp;key=AIzaSyDi0nb6nKeHaDJWFtAvbAIPKBrUuAc_mTY&amp;signature=J2sk3v7m3dLvheMOWitjxlnNAs4="" alt=""Google map showing the dropped pin on Dollar General,24 Williams Rd,Dallas GA 30132-1400"">",24 Williams Rd,"Dallas, GA 30132-1400","<div class=""store-details__main-travel"" data-latitude=""34.043949"" data-longitude=""-84.836205"">
        <div class=""store-details__main-distance""></div>
        <a class=""store-details__main-directions"" href=""javascript:void(0);"" target=""_blank""></a>
    </div>",(470) 648-1615
"<img class=""store-details__map-image"" src=""https://maps.googleapis.com/maps/api/staticmap?center=Dollar+General%2C640+W+Memorial+Dr%2CDallas+GA+30132-4123&amp;zoom=15&amp;size=730x600&amp;markers=icon%3Ahttps%3A%2F%2Fwww.dollargeneral.com%2Fetc.clientlibs%2Fdollargeneral%2Fclientlibs%2Fclientlib-site%2Fresources%2Fimages%2Fstatic-map-pin.png%7C33.9202%2C-84.8534&amp;key=AIzaSyDi0nb6nKeHaDJWFtAvbAIPKBrUuAc_mTY&amp;signature=w1olzvUABqJUIy-2e36nbWYp-k0="" alt=""Google map showing the dropped pin on Dollar General,640 W Memorial Dr,Dallas GA 30132-4123"">",640 W Memorial Dr,"Dallas, GA 30132-4123","<div class=""store-details__main-travel"" data-latitude=""33.9202"" data-longitude=""-84.8534"">
        <div class=""store-details__main-distance""></div>
        <a class=""store-details__main-directions"" href=""javascript:void(0);"" target=""_blank""></a>
    </div>",(470) 735-4273
"<img class=""store-details__map-image"" src=""https://maps.googleapis.com/maps/api/staticmap?center=Dollar+General%2C124+E+Paulding+Dr%2CDallas+GA+30157&amp;zoom=15&amp;size=730x600&amp;markers=icon%3Ahttps%3A%2F%2Fwww.dollargeneral.com%2Fetc.clientlibs%2Fdollargeneral%2Fclientlibs%2Fclientlib-site%2Fresources%2Fimages%2Fstatic-map-pin.png%7C33.9571%2C-84.7879&amp;key=AIzaSyDi0nb6nKeHaDJWFtAvbAIPKBrUuAc_mTY&amp;signature=Va_AlK9ock0MDLDz8cC7OJfIVRU="" alt=""Google map showing the dropped pin on Dollar General,124 E Paulding Dr,Dallas GA 30157"">",124 E Paulding Dr,"Dallas, GA 30157","<div class=""store-details__main-travel"" data-latitude=""33.9571"" data-longitude=""-84.7879"">
        <div class=""store-details__main-distance""></div>
        <a class=""store-details__main-directions"" href=""javascript:void(0);"" target=""_blank""></a>
    </div>",(470) 632-4025
"<img class=""store-details__map-image"" src=""https://maps.googleapis.com/maps/api/staticmap?center=Dollar+General%2C1293+Merchants+Dr%2CDallas+GA+30132-5036&amp;zoom=15&amp;size=730x600&amp;markers=icon%3Ahttps%3A%2F%2Fwww.dollargeneral.com%2Fetc.clientlibs%2Fdollargeneral%2Fclientlibs%2Fclientlib-site%2Fresources%2Fimages%2Fstatic-map-pin.png%7C33.911275%2C-84.797577&amp;key=AIzaSyDi0nb6nKeHaDJWFtAvbAIPKBrUuAc_mTY&amp;signature=CD5N6vhcOGRVZ35QagxAhHrJN0A="" alt=""Google map showing the dropped pin on Dollar General,1293 Merchants Dr,Dallas GA 30132-5036"">",1293 Merchants Dr,"Dallas, GA 30132-5036","<div class=""store-details__main-travel"" data-latitude=""33.911275"" data-longitude=""-84.797577"">
        <div class=""store-details__main-distance""></div>
        <a class=""store-details__main-directions"" href=""javascript:void(0);"" target=""_blank""></a>
    </div>",(470) 632-4475
"<img class=""store-details__map-image"" src=""https://maps.googleapis.com/maps/api/staticmap?center=Dollar+General%2C3188+Villa+Rica+Hwy%2CDallas+GA+30157&amp;zoom=15&amp;size=730x600&amp;markers=icon%3Ahttps%3A%2F%2Fwww.dollargeneral.com%2Fetc.clientlibs%2Fdollargeneral%2Fclientlibs%2Fclientlib-site%2Fresources%2Fimages%2Fstatic-map-pin.png%7C33.8664%2C-84.8431&amp;key=AIzaSyDi0nb6nKeHaDJWFtAvbAIPKBrUuAc_mTY&amp;signature=MPFKFfXWU4-QUzK0s1Ov3YIPMDg="" alt=""Google map showing the dropped pin on Dollar General,3188 Villa Rica Hwy,Dallas GA 30157"">",3188 Villa Rica Hwy,"Dallas, GA 30157","<div class=""store-details__main-travel"" data-latitude=""33.8664"" data-longitude=""-84.8431"" style=""display: none;"">
        <div class=""store-details__main-distance""></div>
        <a class=""store-details__main-directions"" href=""javascript:void(0);"" target=""_blank""></a>
    </div>",(470) 632-4230
"<img class=""store-details__map-image"" src=""https://maps.googleapis.com/maps/api/staticmap?center=Dollar+General%2C3417+Airport+Road%2CDalton+GA+30721-6102&amp;zoom=15&amp;size=730x600&amp;markers=icon%3Ahttps%3A%2F%2Fwww.dollargeneral.com%2Fetc.clientlibs%2Fdollargeneral%2Fclientlibs%2Fclientlib-site%2Fresources%2Fimages%2Fstatic-map-pin.png%7C34.756%2C-84.918&amp;key=AIzaSyDi0nb6nKeHaDJWFtAvbAIPKBrUuAc_mTY&amp;signature=Jy6RaeumRTExraIFOhvkUEmqvIk="" alt=""Google map showing the dropped pin on Dollar General,3417 Airport Road,Dalton GA 30721-6102"">",3417 Airport Road,"Dalton, GA 30721-6102","<div class=""store-details__main-travel"" data-latitude=""34.756"" data-longitude=""-84.918"">
        <div class=""store-details__main-distance""></div>
        <a class=""store-details__main-directions"" href=""javascript:void(0);"" target=""_blank""></a>
    </div>",(706) 503-4958
"<img class=""store-details__map-image"" src=""https://maps.googleapis.com/maps/api/staticmap?center=Dollar+General%2C1288+Beaverdale+Rd+Ne%2CDalton+GA+30721&amp;zoom=15&amp;size=730x600&amp;markers=icon%3Ahttps%3A%2F%2Fwww.dollargeneral.com%2Fetc.clientlibs%2Fdollargeneral%2Fclientlibs%2Fclientlib-site%2Fresources%2Fimages%2Fstatic-map-pin.png%7C34.8681%2C-84.8888&amp;key=AIzaSyDi0nb6nKeHaDJWFtAvbAIPKBrUuAc_mTY&amp;signature=oHd16zZmMFLgkjfk2kAzdJRNXcQ="" alt=""Google map showing the dropped pin on Dollar General,1288 Beaverdale Rd Ne,Dalton GA 30721"">",1288 Beaverdale Rd Ne,"Dalton, GA 30721","<div class=""store-details__main-travel"" data-latitude=""34.8681"" data-longitude=""-84.8888"">
        <div class=""store-details__main-distance""></div>
        <a class=""store-details__main-directions"" href=""javascript:void(0);"" target=""_blank""></a>
    </div>",(706) 508-4995
"<img class=""store-details__map-image"" src=""https://maps.googleapis.com/maps/api/staticmap?center=Dollar+General%2C2308+E+Morris+St%2CDalton+GA+30721&amp;zoom=15&amp;size=730x600&amp;markers=icon%3Ahttps%3A%2F%2Fwww.dollargeneral.com%2Fetc.clientlibs%2Fdollargeneral%2Fclientlibs%2Fclientlib-site%2Fresources%2Fimages%2Fstatic-map-pin.png%7C34.764112%2C-84.934031&amp;key=AIzaSyDi0nb6nKeHaDJWFtAvbAIPKBrUuAc_mTY&amp;signature=eRdq5Ul4AiTSR0jqBW2kjx-Bnfs="" alt=""Google map showing the dropped pin on Dollar General,2308 E Morris St,Dalton GA 30721"">",2308 E Morris St,"Dalton, GA 30721","<div class=""store-details__main-travel"" data-latitude=""34.764112"" data-longitude=""-84.934031"">
        <div class=""store-details__main-distance""></div>
        <a class=""store-details__main-directions"" href=""javascript:void(0);"" target=""_blank""></a>
    </div>",(706) 383-1810
"<img class=""store-details__map-image"" src=""https://maps.googleapis.com/maps/api/staticmap?center=Dollar+General%2C1902+Dug+Gap+Road%2CDalton+GA+30720-5722&amp;zoom=15&amp;size=730x600&amp;markers=icon%3Ahttps%3A%2F%2Fwww.dollargeneral.com%2Fetc.clientlibs%2Fdollargeneral%2Fclientlibs%2Fclientlib-site%2Fresources%2Fimages%2Fstatic-map-pin.png%7C34.739707%2C-84.998993&amp;key=AIzaSyDi0nb6nKeHaDJWFtAvbAIPKBrUuAc_mTY&amp;signature=RIUSyMp6ENu99RfE1uvOGjz7rgg="" alt=""Google map showing the dropped pin on Dollar General,1902 Dug Gap Road,Dalton GA 30720-5722"">",1902 Dug Gap Road,"Dalton, GA 30720-5722","<div class=""store-details__main-travel"" data-latitude=""34.739707"" data-longitude=""-84.998993"">
        <div class=""store-details__main-distance""></div>
        <a class=""store-details__main-directions"" href=""javascript:void(0);"" target=""_blank""></a>
    </div>",(706) 503-1777
"<img class=""store-details__map-image"" src=""https://maps.googleapis.com/maps/api/staticmap?center=Dollar+General%2C2524+Cleveland+Hwy%2CDalton+GA+30721-8157&amp;zoom=15&amp;size=730x600&amp;markers=icon%3Ahttps%3A%2F%2Fwww.dollargeneral.com%2Fetc.clientlibs%2Fdollargeneral%2Fclientlibs%2Fclientlib-site%2Fresources%2Fimages%2Fstatic-map-pin.png%7C34.822396%2C-84.944766&amp;key=AIzaSyDi0nb6nKeHaDJWFtAvbAIPKBrUuAc_mTY&amp;signature=UODOipl4ZAKu-I6e7RMwAbI99Hg="" alt=""Google map showing the dropped pin on Dollar General,2524 Cleveland Hwy,Dalton GA 30721-8157"">",2524 Cleveland Hwy,"Dalton, GA 30721-8157","<div class=""store-details__main-travel"" data-latitude=""34.822396"" data-longitude=""-84.944766"">
        <div class=""store-details__main-distance""></div>
        <a class=""store-details__main-directions"" href=""javascript:void(0);"" target=""_blank""></a>
    </div>",(706) 383-7975
"<img class=""store-details__map-image"" src=""https://maps.googleapis.com/maps/api/staticmap?center=Dollar+General%2C511+N+Glenwood+Ave%2CDalton+GA+30721-2814&amp;zoom=15&amp;size=730x600&amp;markers=icon%3Ahttps%3A%2F%2Fwww.dollargeneral.com%2Fetc.clientlibs%2Fdollargeneral%2Fclientlibs%2Fclientlib-site%2Fresources%2Fimages%2Fstatic-map-pin.png%7C34.778794%2C-84.965295&amp;key=AIzaSyDi0nb6nKeHaDJWFtAvbAIPKBrUuAc_mTY&amp;signature=SuqVfL3kyTa4s5PP6W7MJiWdMQA="" alt=""Google map showing the dropped pin on Dollar General,511 N Glenwood Ave,Dalton GA 30721-2814"">",511 N Glenwood Ave,"Dalton, GA 30721-2814","<div class=""store-details__main-travel"" data-latitude=""34.778794"" data-longitude=""-84.965295"">
        <div class=""store-details__main-distance""></div>
        <a class=""store-details__main-directions"" href=""javascript:void(0);"" target=""_blank""></a>
    </div>",(706) 503-1206
"<img class=""store-details__map-image"" src=""https://maps.googleapis.com/maps/api/staticmap?center=Dollar+General%2C113+Phelps+Rd+Se%2CDalton+GA+30721&amp;zoom=15&amp;size=730x600&amp;markers=icon%3Ahttps%3A%2F%2Fwww.dollargeneral.com%2Fetc.clientlibs%2Fdollargeneral%2Fclientlibs%2Fclientlib-site%2Fresources%2Fimages%2Fstatic-map-pin.png%7C34.698326%2C-84.986751&amp;key=AIzaSyDi0nb6nKeHaDJWFtAvbAIPKBrUuAc_mTY&amp;signature=ZNJzxWMO9LjbZWhRmGWuJXyxBbQ="" alt=""Google map showing the dropped pin on Dollar General,113 Phelps Rd Se,Dalton GA 30721"">",113 Phelps Rd Se,"Dalton, GA 30721","<div class=""store-details__main-travel"" data-latitude=""34.698326"" data-longitude=""-84.986751"" style=""display: none;"">
        <div class=""store-details__main-distance""></div>
        <a class=""store-details__main-directions"" href=""javascript:void(0);"" target=""_blank""></a>
    </div>",(706) 659-0340
"<img class=""store-details__map-image"" src=""https://maps.googleapis.com/maps/api/staticmap?center=Dollar+General%2C1809+Antioch+Rd%2CDalton+GA+30721&amp;zoom=15&amp;size=730x600&amp;markers=icon%3Ahttps%3A%2F%2Fwww.dollargeneral.com%2Fetc.clientlibs%2Fdollargeneral%2Fclientlibs%2Fclientlib-site%2Fresources%2Fimages%2Fstatic-map-pin.png%7C34.73983%2C-84.94755&amp;key=AIzaSyDi0nb6nKeHaDJWFtAvbAIPKBrUuAc_mTY&amp;signature=xnHDALouv3OmHCpM0kCfh-lRR0Y="" alt=""Google map showing the dropped pin on Dollar General,1809 Antioch Rd,Dalton GA 30721"">",1809 Antioch Rd,"Dalton, GA 30721","<div class=""store-details__main-travel"" data-latitude=""34.73983"" data-longitude=""-84.94755"">
        <div class=""store-details__main-distance""></div>
        <a class=""store-details__main-directions"" href=""javascript:void(0);"" target=""_blank""></a>
    </div>",(470) 571-0280
"<img class=""store-details__map-image"" src=""https://maps.googleapis.com/maps/api/staticmap?center=Dollar+General%2C101+W+Walnut+Ave+Ste+1%2CDalton+GA+30720-8426&amp;zoom=15&amp;size=730x600&amp;markers=icon%3Ahttps%3A%2F%2Fwww.dollargeneral.com%2Fetc.clientlibs%2Fdollargeneral%2Fclientlibs%2Fclientlib-site%2Fresources%2Fimages%2Fstatic-map-pin.png%7C34.7614%2C-84.9671&amp;key=AIzaSyDi0nb6nKeHaDJWFtAvbAIPKBrUuAc_mTY&amp;signature=mBLNI2jHXm-YleyiRKk88_2ovEg="" alt=""Google map showing the dropped pin on Dollar General,101 W Walnut Ave Ste 1,Dalton GA 30720-8426"">",101 W Walnut Ave Ste 1,"Dalton, GA 30720-8426","<div class=""store-details__main-travel"" data-latitude=""34.7614"" data-longitude=""-84.9671"">
        <div class=""store-details__main-distance""></div>
        <a class=""store-details__main-directions"" href=""javascript:void(0);"" target=""_blank""></a>
    </div>",(706) 609-5177
"<img class=""store-details__map-image"" src=""https://maps.googleapis.com/maps/api/staticmap?center=Dollar+General%2C3456+Cleveland+Hwy%2CDalton+GA+30721&amp;zoom=15&amp;size=730x600&amp;markers=icon%3Ahttps%3A%2F%2Fwww.dollargeneral.com%2Fetc.clientlibs%2Fdollargeneral%2Fclientlibs%2Fclientlib-site%2Fresources%2Fimages%2Fstatic-map-pin.png%7C34.87243%2C-84.94438&amp;key=AIzaSyDi0nb6nKeHaDJWFtAvbAIPKBrUuAc_mTY&amp;signature=OWCg-2kjUo4JsSKGREX35jDZumI="" alt=""Google map showing the dropped pin on Dollar General,3456 Cleveland Hwy,Dalton GA 30721"">",3456 Cleveland Hwy,"Dalton, GA 30721","<div class=""store-details__main-travel"" data-latitude=""34.87243"" data-longitude=""-84.94438"" style=""display: none;"">
        <div class=""store-details__main-distance""></div>
        <a class=""store-details__main-directions"" href=""javascript:void(0);"" target=""_blank""></a>
    </div>",(706) 508-4665
"<img class=""store-details__map-image"" src=""https://maps.googleapis.com/maps/api/staticmap?center=Dollar+General%2C1226+Dawnville+Rd%2CDalton+GA+30721-6805&amp;zoom=15&amp;size=730x600&amp;markers=icon%3Ahttps%3A%2F%2Fwww.dollargeneral.com%2Fetc.clientlibs%2Fdollargeneral%2Fclientlibs%2Fclientlib-site%2Fresources%2Fimages%2Fstatic-map-pin.png%7C34.8162%2C-84.8874&amp;key=AIzaSyDi0nb6nKeHaDJWFtAvbAIPKBrUuAc_mTY&amp;signature=GN-rLRtc9I7w7sn5LIxc12dI27E="" alt=""Google map showing the dropped pin on Dollar General,1226 Dawnville Rd,Dalton GA 30721-6805"">",1226 Dawnville Rd,"Dalton, GA 30721-6805","<div class=""store-details__main-travel"" data-latitude=""34.8162"" data-longitude=""-84.8874"">
        <div class=""store-details__main-distance""></div>
        <a class=""store-details__main-directions"" href=""javascript:void(0);"" target=""_blank""></a>
    </div>",(706) 659-0355
"<img class=""store-details__map-image"" src=""https://maps.googleapis.com/maps/api/staticmap?center=Dollar+General%2C1004+Riverburch+Pkwy%2CDalton+GA+30721-8630&amp;zoom=15&amp;size=730x600&amp;markers=icon%3Ahttps%3A%2F%2Fwww.dollargeneral.com%2Fetc.clientlibs%2Fdollargeneral%2Fclientlibs%2Fclientlib-site%2Fresources%2Fimages%2Fstatic-map-pin.png%7C34.80085%2C-84.943954&amp;key=AIzaSyDi0nb6nKeHaDJWFtAvbAIPKBrUuAc_mTY&amp;signature=3tSJNrvTgbi-k1VeeEhJ9gdoZII="" alt=""Google map showing the dropped pin on Dollar General,1004 Riverburch Pkwy,Dalton GA 30721-8630"">",1004 Riverburch Pkwy,"Dalton, GA 30721-8630","<div class=""store-details__main-travel"" data-latitude=""34.80085"" data-longitude=""-84.943954"">
        <div class=""store-details__main-distance""></div>
        <a class=""store-details__main-directions"" href=""javascript:void(0);"" target=""_blank""></a>
    </div>",(706) 403-2635
"<img class=""store-details__map-image"" src=""https://maps.googleapis.com/maps/api/staticmap?center=Dollar+General%2C1348+Sammons+St%2CDamascus+GA+39841-4512&amp;zoom=15&amp;size=730x600&amp;markers=icon%3Ahttps%3A%2F%2Fwww.dollargeneral.com%2Fetc.clientlibs%2Fdollargeneral%2Fclientlibs%2Fclientlib-site%2Fresources%2Fimages%2Fstatic-map-pin.png%7C31.2991%2C-84.719&amp;key=AIzaSyDi0nb6nKeHaDJWFtAvbAIPKBrUuAc_mTY&amp;signature=Eyi1UhSTnCNj9fV4IT_xsqfopNM="" alt=""Google map showing the dropped pin on Dollar General,1348 Sammons St,Damascus GA 39841-4512"">",1348 Sammons St,"Damascus, GA 39841-4512","<div class=""store-details__main-travel"" data-latitude=""31.2991"" data-longitude=""-84.719"">
        <div class=""store-details__main-distance""></div>
        <a class=""store-details__main-directions"" href=""javascript:void(0);"" target=""_blank""></a>
    </div>",(706) 786-6363
"<img class=""store-details__map-image"" src=""https://maps.googleapis.com/maps/api/staticmap?center=Dollar+General%2C425+General+Daniel+Ave+S%2CDanielsville+GA+30633-0685&amp;zoom=15&amp;size=730x600&amp;markers=icon%3Ahttps%3A%2F%2Fwww.dollargeneral.com%2Fetc.clientlibs%2Fdollargeneral%2Fclientlibs%2Fclientlib-site%2Fresources%2Fimages%2Fstatic-map-pin.png%7C34.11947%2C-83.22468&amp;key=AIzaSyDi0nb6nKeHaDJWFtAvbAIPKBrUuAc_mTY&amp;signature=FsvXBeLZIPowjiU0cyfXpZJwJso="" alt=""Google map showing the dropped pin on Dollar General,425 General Daniel Ave S,Danielsville GA 30633-0685"">",425 General Daniel Ave S,"Danielsville, GA 30633-0685","<div class=""store-details__main-travel"" data-latitude=""34.11947"" data-longitude=""-83.22468"">
        <div class=""store-details__main-distance""></div>
        <a class=""store-details__main-directions"" href=""javascript:void(0);"" target=""_blank""></a>
    </div>",(762) 499-6035
"<img class=""store-details__map-image"" src=""https://maps.googleapis.com/maps/api/staticmap?center=Dollar+General%2C1104+North+Way%2CDarien+GA+31305-1571&amp;zoom=15&amp;size=730x600&amp;markers=icon%3Ahttps%3A%2F%2Fwww.dollargeneral.com%2Fetc.clientlibs%2Fdollargeneral%2Fclientlibs%2Fclientlib-site%2Fresources%2Fimages%2Fstatic-map-pin.png%7C31.378665%2C-81.433634&amp;key=AIzaSyDi0nb6nKeHaDJWFtAvbAIPKBrUuAc_mTY&amp;signature=q-wmN_LLWzU0EDKeTjeLDvZ22Nk="" alt=""Google map showing the dropped pin on Dollar General,1104 North Way,Darien GA 31305-1571"">",1104 North Way,"Darien, GA 31305-1571","<div class=""store-details__main-travel"" data-latitude=""31.378665"" data-longitude=""-81.433634"">
        <div class=""store-details__main-distance""></div>
        <a class=""store-details__main-directions"" href=""javascript:void(0);"" target=""_blank""></a>
    </div>",(912) 217-5295
"<img class=""store-details__map-image"" src=""https://maps.googleapis.com/maps/api/staticmap?center=Dollar+General%2C12530+Hwy+24+East%2CDavisboro+GA+31018&amp;zoom=15&amp;size=730x600&amp;markers=icon%3Ahttps%3A%2F%2Fwww.dollargeneral.com%2Fetc.clientlibs%2Fdollargeneral%2Fclientlibs%2Fclientlib-site%2Fresources%2Fimages%2Fstatic-map-pin.png%7C32.98726%2C-82.60808&amp;key=AIzaSyDi0nb6nKeHaDJWFtAvbAIPKBrUuAc_mTY&amp;signature=4iOBKjzO9XZynWLMPCiRbWsqbvM="" alt=""Google map showing the dropped pin on Dollar General,12530 Hwy 24 East,Davisboro GA 31018"">",12530 Hwy 24 East,"Davisboro, GA 31018","<div class=""store-details__main-travel"" data-latitude=""32.98726"" data-longitude=""-82.60808"">
        <div class=""store-details__main-distance""></div>
        <a class=""store-details__main-directions"" href=""javascript:void(0);"" target=""_blank""></a>
    </div>",(478) 241-0310
"<img class=""store-details__map-image"" src=""https://maps.googleapis.com/maps/api/staticmap?center=Dollar+General%2C649+Forrester+Dr+Se%2CDawson+GA+39842-2010&amp;zoom=15&amp;size=730x600&amp;markers=icon%3Ahttps%3A%2F%2Fwww.dollargeneral.com%2Fetc.clientlibs%2Fdollargeneral%2Fclientlibs%2Fclientlib-site%2Fresources%2Fimages%2Fstatic-map-pin.png%7C31.7623%2C-84.4414&amp;key=AIzaSyDi0nb6nKeHaDJWFtAvbAIPKBrUuAc_mTY&amp;signature=faC9OWZqfvv_ytUM6BewvTe0cEI="" alt=""Google map showing the dropped pin on Dollar General,649 Forrester Dr Se,Dawson GA 39842-2010"">",649 Forrester Dr Se,"Dawson, GA 39842-2010","<div class=""store-details__main-travel"" data-latitude=""31.7623"" data-longitude=""-84.4414"">
        <div class=""store-details__main-distance""></div>
        <a class=""store-details__main-directions"" href=""javascript:void(0);"" target=""_blank""></a>
    </div>",(229) 518-4779
"<img class=""store-details__map-image"" src=""https://maps.googleapis.com/maps/api/staticmap?center=Dollar+General%2C865+Martin+Luther+King+Jr+Dr%2CDawson+GA+39842&amp;zoom=15&amp;size=730x600&amp;markers=icon%3Ahttps%3A%2F%2Fwww.dollargeneral.com%2Fetc.clientlibs%2Fdollargeneral%2Fclientlibs%2Fclientlib-site%2Fresources%2Fimages%2Fstatic-map-pin.png%7C31.78459%2C-84.44664&amp;key=AIzaSyDi0nb6nKeHaDJWFtAvbAIPKBrUuAc_mTY&amp;signature=Jr0IurNdmsZOLUMg3xMBkgjam80="" alt=""Google map showing the dropped pin on Dollar General,865 Martin Luther King Jr Dr,Dawson GA 39842"">",865 Martin Luther King Jr Dr,"Dawson, GA 39842","<div class=""store-details__main-travel"" data-latitude=""31.78459"" data-longitude=""-84.44664"" style=""display: none;"">
        <div class=""store-details__main-distance""></div>
        <a class=""store-details__main-directions"" href=""javascript:void(0);"" target=""_blank""></a>
    </div>",(762) 261-0401
"<img class=""store-details__map-image"" src=""https://maps.googleapis.com/maps/api/staticmap?center=Dollar+General%2C7473+Elliot+Family+Pkwy%2CDawsonville+GA+30534-1751&amp;zoom=15&amp;size=730x600&amp;markers=icon%3Ahttps%3A%2F%2Fwww.dollargeneral.com%2Fetc.clientlibs%2Fdollargeneral%2Fclientlibs%2Fclientlib-site%2Fresources%2Fimages%2Fstatic-map-pin.png%7C34.5116%2C-84.2284&amp;key=AIzaSyDi0nb6nKeHaDJWFtAvbAIPKBrUuAc_mTY&amp;signature=8EAG1l5Rs-jMuwHJD35DqffAvJM="" alt=""Google map showing the dropped pin on Dollar General,7473 Elliot Family Pkwy,Dawsonville GA 30534-1751"">",7473 Elliot Family Pkwy,"Dawsonville, GA 30534-1751","<div class=""store-details__main-travel"" data-latitude=""34.5116"" data-longitude=""-84.2284"">
        <div class=""store-details__main-distance""></div>
        <a class=""store-details__main-directions"" href=""javascript:void(0);"" target=""_blank""></a>
    </div>",(706) 225-8710
"<img class=""store-details__map-image"" src=""https://maps.googleapis.com/maps/api/staticmap?center=Dollar+General%2C960+Harmony+Church+Rd%2CDawsonville+GA+30534&amp;zoom=15&amp;size=730x600&amp;markers=icon%3Ahttps%3A%2F%2Fwww.dollargeneral.com%2Fetc.clientlibs%2Fdollargeneral%2Fclientlibs%2Fclientlib-site%2Fresources%2Fimages%2Fstatic-map-pin.png%7C34.386%2C-84.0105&amp;key=AIzaSyDi0nb6nKeHaDJWFtAvbAIPKBrUuAc_mTY&amp;signature=Qun6PrBa9q882dLG4o8y8UITP-4="" alt=""Google map showing the dropped pin on Dollar General,960 Harmony Church Rd,Dawsonville GA 30534"">",960 Harmony Church Rd,"Dawsonville, GA 30534","<div class=""store-details__main-travel"" data-latitude=""34.386"" data-longitude=""-84.0105"">
        <div class=""store-details__main-distance""></div>
        <a class=""store-details__main-directions"" href=""javascript:void(0);"" target=""_blank""></a>
    </div>",(470) 691-0074
"<img class=""store-details__map-image"" src=""https://maps.googleapis.com/maps/api/staticmap?center=Dollar+General%2C31+Tsc+Drive%2CDawsonville+GA+30534-6199&amp;zoom=15&amp;size=730x600&amp;markers=icon%3Ahttps%3A%2F%2Fwww.dollargeneral.com%2Fetc.clientlibs%2Fdollargeneral%2Fclientlibs%2Fclientlib-site%2Fresources%2Fimages%2Fstatic-map-pin.png%7C34.358711%2C-84.031285&amp;key=AIzaSyDi0nb6nKeHaDJWFtAvbAIPKBrUuAc_mTY&amp;signature=nVk8LqKxO7wtiFVzcSKAzOXE2Lk="" alt=""Google map showing the dropped pin on Dollar General,31 Tsc Drive,Dawsonville GA 30534-6199"">",31 Tsc Drive,"Dawsonville, GA 30534-6199","<div class=""store-details__main-travel"" data-latitude=""34.358711"" data-longitude=""-84.031285"">
        <div class=""store-details__main-distance""></div>
        <a class=""store-details__main-directions"" href=""javascript:void(0);"" target=""_blank""></a>
    </div>",(470) 239-0883
"<img class=""store-details__map-image"" src=""https://maps.googleapis.com/maps/api/staticmap?center=Dollar+General%2C6533+Hwy+9+South%2CDawsonville+GA+30534-6633&amp;zoom=15&amp;size=730x600&amp;markers=icon%3Ahttps%3A%2F%2Fwww.dollargeneral.com%2Fetc.clientlibs%2Fdollargeneral%2Fclientlibs%2Fclientlib-site%2Fresources%2Fimages%2Fstatic-map-pin.png%7C34.336029%2C-84.117911&amp;key=AIzaSyDi0nb6nKeHaDJWFtAvbAIPKBrUuAc_mTY&amp;signature=NrKIfxkRNV4rkx0vFoeDMgWPwHY="" alt=""Google map showing the dropped pin on Dollar General,6533 Hwy 9 South,Dawsonville GA 30534-6633"">",6533 Hwy 9 South,"Dawsonville, GA 30534-6633","<div class=""store-details__main-travel"" data-latitude=""34.336029"" data-longitude=""-84.117911"" style=""display: none;"">
        <div class=""store-details__main-distance""></div>
        <a class=""store-details__main-directions"" href=""javascript:void(0);"" target=""_blank""></a>
    </div>",(470) 695-0530
"<img class=""store-details__map-image"" src=""https://maps.googleapis.com/maps/api/staticmap?center=Dollar+General%2C30+Howser+Mill+Rd%2CDawsonville+GA+30534-3451&amp;zoom=15&amp;size=730x600&amp;markers=icon%3Ahttps%3A%2F%2Fwww.dollargeneral.com%2Fetc.clientlibs%2Fdollargeneral%2Fclientlibs%2Fclientlib-site%2Fresources%2Fimages%2Fstatic-map-pin.png%7C34.4219%2C-84.1236&amp;key=AIzaSyDi0nb6nKeHaDJWFtAvbAIPKBrUuAc_mTY&amp;signature=FLcQ32TvYLAx88o093eYhkiXZPU="" alt=""Google map showing the dropped pin on Dollar General,30 Howser Mill Rd,Dawsonville GA 30534-3451"">",30 Howser Mill Rd,"Dawsonville, GA 30534-3451","<div class=""store-details__main-travel"" data-latitude=""34.4219"" data-longitude=""-84.1236"">
        <div class=""store-details__main-distance""></div>
        <a class=""store-details__main-directions"" href=""javascript:void(0);"" target=""_blank""></a>
    </div>",(470) 839-8966
"<img class=""store-details__map-image"" src=""https://maps.googleapis.com/maps/api/staticmap?center=Dollar+General%2C7520+Dawsonville+Hwy%2CDawsonville+GA+30534&amp;zoom=15&amp;size=730x600&amp;markers=icon%3Ahttps%3A%2F%2Fwww.dollargeneral.com%2Fetc.clientlibs%2Fdollargeneral%2Fclientlibs%2Fclientlib-site%2Fresources%2Fimages%2Fstatic-map-pin.png%7C34.4827%2C-84.0987&amp;key=AIzaSyDi0nb6nKeHaDJWFtAvbAIPKBrUuAc_mTY&amp;signature=vkoLkdLac6iNZV_7RGERQxBHmfA="" alt=""Google map showing the dropped pin on Dollar General,7520 Dawsonville Hwy,Dawsonville GA 30534"">",7520 Dawsonville Hwy,"Dawsonville, GA 30534","<div class=""store-details__main-travel"" data-latitude=""34.4827"" data-longitude=""-84.0987"">
        <div class=""store-details__main-distance""></div>
        <a class=""store-details__main-directions"" href=""javascript:void(0);"" target=""_blank""></a>
    </div>",(762) 274-1022
"<img class=""store-details__map-image"" src=""https://maps.googleapis.com/maps/api/staticmap?center=Dollar+General%2C4756+Augusta+Hwy%2CDearing+GA+30808&amp;zoom=15&amp;size=730x600&amp;markers=icon%3Ahttps%3A%2F%2Fwww.dollargeneral.com%2Fetc.clientlibs%2Fdollargeneral%2Fclientlibs%2Fclientlib-site%2Fresources%2Fimages%2Fstatic-map-pin.png%7C33.4127%2C-82.3803&amp;key=AIzaSyDi0nb6nKeHaDJWFtAvbAIPKBrUuAc_mTY&amp;signature=scqUE4LvkRxgvopO1eHlmzG4YYA="" alt=""Google map showing the dropped pin on Dollar General,4756 Augusta Hwy,Dearing GA 30808"">",4756 Augusta Hwy,"Dearing, GA 30808","<div class=""store-details__main-travel"" data-latitude=""33.4127"" data-longitude=""-82.3803"">
        <div class=""store-details__main-distance""></div>
        <a class=""store-details__main-directions"" href=""javascript:void(0);"" target=""_blank""></a>
    </div>",(706) 703-2414
"<img class=""store-details__map-image"" src=""https://maps.googleapis.com/maps/api/staticmap?center=Dollar+General%2C2628+Rainbow+Way%2CDecatur+GA+30034-1402&amp;zoom=15&amp;size=730x600&amp;markers=icon%3Ahttps%3A%2F%2Fwww.dollargeneral.com%2Fetc.clientlibs%2Fdollargeneral%2Fclientlibs%2Fclientlib-site%2Fresources%2Fimages%2Fstatic-map-pin.png%7C33.711224%2C-84.269763&amp;key=AIzaSyDi0nb6nKeHaDJWFtAvbAIPKBrUuAc_mTY&amp;signature=j0PMS5Dq7bMHysII4g10QX2ma54="" alt=""Google map showing the dropped pin on Dollar General,2628 Rainbow Way,Decatur GA 30034-1402"">",2628 Rainbow Way,"Decatur, GA 30034-1402","<div class=""store-details__main-travel"" data-latitude=""33.711224"" data-longitude=""-84.269763"" style=""display: none;"">
        <div class=""store-details__main-distance""></div>
        <a class=""store-details__main-directions"" href=""javascript:void(0);"" target=""_blank""></a>
    </div>",(470) 344-8005
"<img class=""store-details__map-image"" src=""https://maps.googleapis.com/maps/api/staticmap?center=Dollar+General%2C1291+Columbia+Dr%2CDecatur+GA+30032-2800&amp;zoom=15&amp;size=730x600&amp;markers=icon%3Ahttps%3A%2F%2Fwww.dollargeneral.com%2Fetc.clientlibs%2Fdollargeneral%2Fclientlibs%2Fclientlib-site%2Fresources%2Fimages%2Fstatic-map-pin.png%7C33.751631%2C-84.265187&amp;key=AIzaSyDi0nb6nKeHaDJWFtAvbAIPKBrUuAc_mTY&amp;signature=OtA3lginEjjGg6IFOrC6L_P9114="" alt=""Google map showing the dropped pin on Dollar General,1291 Columbia Dr,Decatur GA 30032-2800"">",1291 Columbia Dr,"Decatur, GA 30032-2800","<div class=""store-details__main-travel"" data-latitude=""33.751631"" data-longitude=""-84.265187"">
        <div class=""store-details__main-distance""></div>
        <a class=""store-details__main-directions"" href=""javascript:void(0);"" target=""_blank""></a>
    </div>",(470) 481-2260
"<img class=""store-details__map-image"" src=""https://maps.googleapis.com/maps/api/staticmap?center=Dollar+General%2C4824+Flat+Shoals+Pkwy%2CDecatur+GA+30034-5205&amp;zoom=15&amp;size=730x600&amp;markers=icon%3Ahttps%3A%2F%2Fwww.dollargeneral.com%2Fetc.clientlibs%2Fdollargeneral%2Fclientlibs%2Fclientlib-site%2Fresources%2Fimages%2Fstatic-map-pin.png%7C33.682826%2C-84.230292&amp;key=AIzaSyDi0nb6nKeHaDJWFtAvbAIPKBrUuAc_mTY&amp;signature=c_085CIlrAayspUFn3RrLNtsxcY="" alt=""Google map showing the dropped pin on Dollar General,4824 Flat Shoals Pkwy,Decatur GA 30034-5205"">",4824 Flat Shoals Pkwy,"Decatur, GA 30034-5205","<div class=""store-details__main-travel"" data-latitude=""33.682826"" data-longitude=""-84.230292"">
        <div class=""store-details__main-distance""></div>
        <a class=""store-details__main-directions"" href=""javascript:void(0);"" target=""_blank""></a>
    </div>",(470) 336-5719
"<img class=""store-details__map-image"" src=""https://maps.googleapis.com/maps/api/staticmap?center=Dollar+General%2C2552+Wesley+Chapel+Rd%2CDecatur+GA+30035-3405&amp;zoom=15&amp;size=730x600&amp;markers=icon%3Ahttps%3A%2F%2Fwww.dollargeneral.com%2Fetc.clientlibs%2Fdollargeneral%2Fclientlibs%2Fclientlib-site%2Fresources%2Fimages%2Fstatic-map-pin.png%7C33.712995%2C-84.215899&amp;key=AIzaSyDi0nb6nKeHaDJWFtAvbAIPKBrUuAc_mTY&amp;signature=8IUis1VfTDAW1mv3aO8Hw6gCe1g="" alt=""Google map showing the dropped pin on Dollar General,2552 Wesley Chapel Rd,Decatur GA 30035-3405"">",2552 Wesley Chapel Rd,"Decatur, GA 30035-3405","<div class=""store-details__main-travel"" data-latitude=""33.712995"" data-longitude=""-84.215899"">
        <div class=""store-details__main-distance""></div>
        <a class=""store-details__main-directions"" href=""javascript:void(0);"" target=""_blank""></a>
    </div>",(470) 588-0606
"<img class=""store-details__map-image"" src=""https://maps.googleapis.com/maps/api/staticmap?center=Dollar+General%2C2394+Douglas+Hwy%2CDenton+GA+31532-3632&amp;zoom=15&amp;size=730x600&amp;markers=icon%3Ahttps%3A%2F%2Fwww.dollargeneral.com%2Fetc.clientlibs%2Fdollargeneral%2Fclientlibs%2Fclientlib-site%2Fresources%2Fimages%2Fstatic-map-pin.png%7C31.7223%2C-82.6979&amp;key=AIzaSyDi0nb6nKeHaDJWFtAvbAIPKBrUuAc_mTY&amp;signature=SMMYu_-HzGLWp6O5vp4T5P4-nRY="" alt=""Google map showing the dropped pin on Dollar General,2394 Douglas Hwy,Denton GA 31532-3632"">",2394 Douglas Hwy,"Denton, GA 31532-3632","<div class=""store-details__main-travel"" data-latitude=""31.7223"" data-longitude=""-82.6979"">
        <div class=""store-details__main-distance""></div>
        <a class=""store-details__main-directions"" href=""javascript:void(0);"" target=""_blank""></a>
    </div>",(912) 539-6170
"<img class=""store-details__map-image"" src=""https://maps.googleapis.com/maps/api/staticmap?center=Dollar+General%2C101+Coldwater+Creek+Rd%2CDewy+Rose+GA+30634-2505&amp;zoom=15&amp;size=730x600&amp;markers=icon%3Ahttps%3A%2F%2Fwww.dollargeneral.com%2Fetc.clientlibs%2Fdollargeneral%2Fclientlibs%2Fclientlib-site%2Fresources%2Fimages%2Fstatic-map-pin.png%7C34.264625%2C-82.893845&amp;key=AIzaSyDi0nb6nKeHaDJWFtAvbAIPKBrUuAc_mTY&amp;signature=Q5G9VfSDraPY-Xa0iuw0DBcckaA="" alt=""Google map showing the dropped pin on Dollar General,101 Coldwater Creek Rd,Dewy Rose GA 30634-2505"">",101 Coldwater Creek Rd,"Dewy Rose, GA 30634-2505","<div class=""store-details__main-travel"" data-latitude=""34.264625"" data-longitude=""-82.893845"" style=""display: none;"">
        <div class=""store-details__main-distance""></div>
        <a class=""store-details__main-directions"" href=""javascript:void(0);"" target=""_blank""></a>
    </div>",(706) 522-2254
"<img class=""store-details__map-image"" src=""https://maps.googleapis.com/maps/api/staticmap?center=Dollar+General%2C1764+Dewy+Rose+Rd%2CDewy+Rose+GA+30634&amp;zoom=15&amp;size=730x600&amp;markers=icon%3Ahttps%3A%2F%2Fwww.dollargeneral.com%2Fetc.clientlibs%2Fdollargeneral%2Fclientlibs%2Fclientlib-site%2Fresources%2Fimages%2Fstatic-map-pin.png%7C34.1664%2C-82.9474&amp;key=AIzaSyDi0nb6nKeHaDJWFtAvbAIPKBrUuAc_mTY&amp;signature=UCO0BXF5aLdV_P0mGG_TBRZt680="" alt=""Google map showing the dropped pin on Dollar General,1764 Dewy Rose Rd,Dewy Rose GA 30634"">",1764 Dewy Rose Rd,"Dewy Rose, GA 30634","<div class=""store-details__main-travel"" data-latitude=""34.1664"" data-longitude=""-82.9474"">
        <div class=""store-details__main-distance""></div>
        <a class=""store-details__main-directions"" href=""javascript:void(0);"" target=""_blank""></a>
    </div>",(762) 568-1003
"<img class=""store-details__map-image"" src=""https://maps.googleapis.com/maps/api/staticmap?center=Dollar+General%2C506+W+Main+St%2CDexter+GA+31019-2504&amp;zoom=15&amp;size=730x600&amp;markers=icon%3Ahttps%3A%2F%2Fwww.dollargeneral.com%2Fetc.clientlibs%2Fdollargeneral%2Fclientlibs%2Fclientlib-site%2Fresources%2Fimages%2Fstatic-map-pin.png%7C32.4297%2C-83.0661&amp;key=AIzaSyDi0nb6nKeHaDJWFtAvbAIPKBrUuAc_mTY&amp;signature=pI19olwqStjEr4VHfwZ2oTHe7Uc="" alt=""Google map showing the dropped pin on Dollar General,506 W Main St,Dexter GA 31019-2504"">",506 W Main St,"Dexter, GA 31019-2504","<div class=""store-details__main-travel"" data-latitude=""32.4297"" data-longitude=""-83.0661"">
        <div class=""store-details__main-distance""></div>
        <a class=""store-details__main-directions"" href=""javascript:void(0);"" target=""_blank""></a>
    </div>",(404) 301-8795
"<img class=""store-details__map-image"" src=""https://maps.googleapis.com/maps/api/staticmap?center=Dollar+General%2C7230+Highway+441+N%2CDillard+GA+30537&amp;zoom=15&amp;size=730x600&amp;markers=icon%3Ahttps%3A%2F%2Fwww.dollargeneral.com%2Fetc.clientlibs%2Fdollargeneral%2Fclientlibs%2Fclientlib-site%2Fresources%2Fimages%2Fstatic-map-pin.png%7C34.9784%2C-83.3834&amp;key=AIzaSyDi0nb6nKeHaDJWFtAvbAIPKBrUuAc_mTY&amp;signature=3lZrldPRuit3VsPGrn24RsQVWLE="" alt=""Google map showing the dropped pin on Dollar General,7230 Highway 441 N,Dillard GA 30537"">",7230 Highway 441 N,"Dillard, GA 30537","<div class=""store-details__main-travel"" data-latitude=""34.9784"" data-longitude=""-83.3834"">
        <div class=""store-details__main-distance""></div>
        <a class=""store-details__main-directions"" href=""javascript:void(0);"" target=""_blank""></a>
    </div>",(541) 378-4225
"<img class=""store-details__map-image"" src=""https://maps.googleapis.com/maps/api/staticmap?center=Dollar+General%2C605+West+Broad+St%2CDoerun+GA+31744-4434&amp;zoom=15&amp;size=730x600&amp;markers=icon%3Ahttps%3A%2F%2Fwww.dollargeneral.com%2Fetc.clientlibs%2Fdollargeneral%2Fclientlibs%2Fclientlib-site%2Fresources%2Fimages%2Fstatic-map-pin.png%7C31.31924%2C-83.923757&amp;key=AIzaSyDi0nb6nKeHaDJWFtAvbAIPKBrUuAc_mTY&amp;signature=ngPgMfcqJBxdPkcrLHWDL_0M3Lk="" alt=""Google map showing the dropped pin on Dollar General,605 West Broad St,Doerun GA 31744-4434"">",605 West Broad St,"Doerun, GA 31744-4434","<div class=""store-details__main-travel"" data-latitude=""31.31924"" data-longitude=""-83.923757"" style=""display: none;"">
        <div class=""store-details__main-distance""></div>
        <a class=""store-details__main-directions"" href=""javascript:void(0);"" target=""_blank""></a>
    </div>",(912) 226-0858
"<img class=""store-details__map-image"" src=""https://maps.googleapis.com/maps/api/staticmap?center=Dollar+General%2C907+Marianna+Hwy%2CDonalsonville+GA+39845-1735&amp;zoom=15&amp;size=730x600&amp;markers=icon%3Ahttps%3A%2F%2Fwww.dollargeneral.com%2Fetc.clientlibs%2Fdollargeneral%2Fclientlibs%2Fclientlib-site%2Fresources%2Fimages%2Fstatic-map-pin.png%7C31.029795%2C-84.880465&amp;key=AIzaSyDi0nb6nKeHaDJWFtAvbAIPKBrUuAc_mTY&amp;signature=u13pP2eeTnAgmUg9-t4VhZ7YHBs="" alt=""Google map showing the dropped pin on Dollar General,907 Marianna Hwy,Donalsonville GA 39845-1735"">",907 Marianna Hwy,"Donalsonville, GA 39845-1735","<div class=""store-details__main-travel"" data-latitude=""31.029795"" data-longitude=""-84.880465"">
        <div class=""store-details__main-distance""></div>
        <a class=""store-details__main-directions"" href=""javascript:void(0);"" target=""_blank""></a>
    </div>",(478) 219-2436
"<img class=""store-details__map-image"" src=""https://maps.googleapis.com/maps/api/staticmap?center=Dollar+General%2C2659+Hwy+253%2CDonalsonville+GA+39845-5114&amp;zoom=15&amp;size=730x600&amp;markers=icon%3Ahttps%3A%2F%2Fwww.dollargeneral.com%2Fetc.clientlibs%2Fdollargeneral%2Fclientlibs%2Fclientlib-site%2Fresources%2Fimages%2Fstatic-map-pin.png%7C30.8212%2C-84.8533&amp;key=AIzaSyDi0nb6nKeHaDJWFtAvbAIPKBrUuAc_mTY&amp;signature=sa-Ks3vBVTvKq5x3kMNDrsQ-qc8="" alt=""Google map showing the dropped pin on Dollar General,2659 Hwy 253,Donalsonville GA 39845-5114"">",2659 Hwy 253,"Donalsonville, GA 39845-5114","<div class=""store-details__main-travel"" data-latitude=""30.8212"" data-longitude=""-84.8533"">
        <div class=""store-details__main-distance""></div>
        <a class=""store-details__main-directions"" href=""javascript:void(0);"" target=""_blank""></a>
    </div>",(404) 330-9701
"<img class=""store-details__map-image"" src=""https://maps.googleapis.com/maps/api/staticmap?center=Dollar+General%2C7160+Buford+Hwy%2CDoraville+GA+30340&amp;zoom=15&amp;size=730x600&amp;markers=icon%3Ahttps%3A%2F%2Fwww.dollargeneral.com%2Fetc.clientlibs%2Fdollargeneral%2Fclientlibs%2Fclientlib-site%2Fresources%2Fimages%2Fstatic-map-pin.png%7C33.9176%2C-84.2584&amp;key=AIzaSyDi0nb6nKeHaDJWFtAvbAIPKBrUuAc_mTY&amp;signature=mr3dxbeoK0-6lkdmolz3PaE65nk="" alt=""Google map showing the dropped pin on Dollar General,7160 Buford Hwy,Doraville GA 30340"">",7160 Buford Hwy,"Doraville, GA 30340","<div class=""store-details__main-travel"" data-latitude=""33.9176"" data-longitude=""-84.2584"" style=""display: none;"">
        <div class=""store-details__main-distance""></div>
        <a class=""store-details__main-directions"" href=""javascript:void(0);"" target=""_blank""></a>
    </div>",(470) 394-0632
"<img class=""store-details__map-image"" src=""https://maps.googleapis.com/maps/api/staticmap?center=Dollar+General%2C4736+E+Baker+Hwy%2CDouglas+GA+31535-6971&amp;zoom=15&amp;size=730x600&amp;markers=icon%3Ahttps%3A%2F%2Fwww.dollargeneral.com%2Fetc.clientlibs%2Fdollargeneral%2Fclientlibs%2Fclientlib-site%2Fresources%2Fimages%2Fstatic-map-pin.png%7C31.4731%2C-82.778&amp;key=AIzaSyDi0nb6nKeHaDJWFtAvbAIPKBrUuAc_mTY&amp;signature=24UQH8nkEEd2me4-ti9cdJFz2I4="" alt=""Google map showing the dropped pin on Dollar General,4736 E Baker Hwy,Douglas GA 31535-6971"">",4736 E Baker Hwy,"Douglas, GA 31535-6971","<div class=""store-details__main-travel"" data-latitude=""31.4731"" data-longitude=""-82.778"">
        <div class=""store-details__main-distance""></div>
        <a class=""store-details__main-directions"" href=""javascript:void(0);"" target=""_blank""></a>
    </div>",(912) 393-3193
"<img class=""store-details__map-image"" src=""https://maps.googleapis.com/maps/api/staticmap?center=Dollar+General%2C3151+Highway+158+W%2CDouglas+GA+31535&amp;zoom=15&amp;size=730x600&amp;markers=icon%3Ahttps%3A%2F%2Fwww.dollargeneral.com%2Fetc.clientlibs%2Fdollargeneral%2Fclientlibs%2Fclientlib-site%2Fresources%2Fimages%2Fstatic-map-pin.png%7C31.488%2C-82.9001&amp;key=AIzaSyDi0nb6nKeHaDJWFtAvbAIPKBrUuAc_mTY&amp;signature=_EAGNdQMhnXK9PgYxJDncMwpWAA="" alt=""Google map showing the dropped pin on Dollar General,3151 Highway 158 W,Douglas GA 31535"">",3151 Highway 158 W,"Douglas, GA 31535","<div class=""store-details__main-travel"" data-latitude=""31.488"" data-longitude=""-82.9001"">
        <div class=""store-details__main-distance""></div>
        <a class=""store-details__main-directions"" href=""javascript:void(0);"" target=""_blank""></a>
    </div>",(912) 574-3910
"<img class=""store-details__map-image"" src=""https://maps.googleapis.com/maps/api/staticmap?center=Dollar+General%2C1201+Highway+221+N%2CDouglas+GA+31533-6852&amp;zoom=15&amp;size=730x600&amp;markers=icon%3Ahttps%3A%2F%2Fwww.dollargeneral.com%2Fetc.clientlibs%2Fdollargeneral%2Fclientlibs%2Fclientlib-site%2Fresources%2Fimages%2Fstatic-map-pin.png%7C31.5208%2C-82.8228&amp;key=AIzaSyDi0nb6nKeHaDJWFtAvbAIPKBrUuAc_mTY&amp;signature=WXU8GUIgaI8W3a8X2bosqnyxux0="" alt=""Google map showing the dropped pin on Dollar General,1201 Highway 221 N,Douglas GA 31533-6852"">",1201 Highway 221 N,"Douglas, GA 31533-6852","<div class=""store-details__main-travel"" data-latitude=""31.5208"" data-longitude=""-82.8228"">
        <div class=""store-details__main-distance""></div>
        <a class=""store-details__main-directions"" href=""javascript:void(0);"" target=""_blank""></a>
    </div>",(912) 333-8090
"<img class=""store-details__map-image"" src=""https://maps.googleapis.com/maps/api/staticmap?center=Dollar+General%2C518+Peterson+Ave+S%2CDouglas+GA+31533-5254&amp;zoom=15&amp;size=730x600&amp;markers=icon%3Ahttps%3A%2F%2Fwww.dollargeneral.com%2Fetc.clientlibs%2Fdollargeneral%2Fclientlibs%2Fclientlib-site%2Fresources%2Fimages%2Fstatic-map-pin.png%7C31.502261%2C-82.849968&amp;key=AIzaSyDi0nb6nKeHaDJWFtAvbAIPKBrUuAc_mTY&amp;signature=eGDdvTVqfylF4rChQA_Ntp1AcEo="" alt=""Google map showing the dropped pin on Dollar General,518 Peterson Ave S,Douglas GA 31533-5254"">",518 Peterson Ave S,"Douglas, GA 31533-5254","<div class=""store-details__main-travel"" data-latitude=""31.502261"" data-longitude=""-82.849968"" style=""display: none;"">
        <div class=""store-details__main-distance""></div>
        <a class=""store-details__main-directions"" href=""javascript:void(0);"" target=""_blank""></a>
    </div>",(912) 387-4250
"<img class=""store-details__map-image"" src=""https://maps.googleapis.com/maps/api/staticmap?center=Dollar+General%2C4074+Willacooche+Highway%2CDouglas+GA+31535-4564&amp;zoom=15&amp;size=730x600&amp;markers=icon%3Ahttps%3A%2F%2Fwww.dollargeneral.com%2Fetc.clientlibs%2Fdollargeneral%2Fclientlibs%2Fclientlib-site%2Fresources%2Fimages%2Fstatic-map-pin.png%7C31.4384%2C-82.8882&amp;key=AIzaSyDi0nb6nKeHaDJWFtAvbAIPKBrUuAc_mTY&amp;signature=pdMIyZR_rP2ssEVP_yHXarn5sro="" alt=""Google map showing the dropped pin on Dollar General,4074 Willacooche Highway,Douglas GA 31535-4564"">",4074 Willacooche Highway,"Douglas, GA 31535-4564","<div class=""store-details__main-travel"" data-latitude=""31.4384"" data-longitude=""-82.8882"">
        <div class=""store-details__main-distance""></div>
        <a class=""store-details__main-directions"" href=""javascript:void(0);"" target=""_blank""></a>
    </div>",(912) 333-9128
"<img class=""store-details__map-image"" src=""https://maps.googleapis.com/maps/api/staticmap?center=Dollar+General%2C813+Bowens+Mill+Rd+Se%2CDouglas+GA+31533-1305&amp;zoom=15&amp;size=730x600&amp;markers=icon%3Ahttps%3A%2F%2Fwww.dollargeneral.com%2Fetc.clientlibs%2Fdollargeneral%2Fclientlibs%2Fclientlib-site%2Fresources%2Fimages%2Fstatic-map-pin.png%7C31.49803%2C-82.82964&amp;key=AIzaSyDi0nb6nKeHaDJWFtAvbAIPKBrUuAc_mTY&amp;signature=IEi6EpiN1-EjAkOZi2kDVDiyvN8="" alt=""Google map showing the dropped pin on Dollar General,813 Bowens Mill Rd Se,Douglas GA 31533-1305"">",813 Bowens Mill Rd Se,"Douglas, GA 31533-1305","<div class=""store-details__main-travel"" data-latitude=""31.49803"" data-longitude=""-82.82964"">
        <div class=""store-details__main-distance""></div>
        <a class=""store-details__main-directions"" href=""javascript:void(0);"" target=""_blank""></a>
    </div>",(478) 309-2555
"<img class=""store-details__map-image"" src=""https://maps.googleapis.com/maps/api/staticmap?center=Dollar+General%2C2679+Hwy+32+W%2CDouglas+GA+31533-9082&amp;zoom=15&amp;size=730x600&amp;markers=icon%3Ahttps%3A%2F%2Fwww.dollargeneral.com%2Fetc.clientlibs%2Fdollargeneral%2Fclientlibs%2Fclientlib-site%2Fresources%2Fimages%2Fstatic-map-pin.png%7C31.52129%2C-82.89318&amp;key=AIzaSyDi0nb6nKeHaDJWFtAvbAIPKBrUuAc_mTY&amp;signature=h3JDkFhuWQlQ2TA24A2oZqpk8W8="" alt=""Google map showing the dropped pin on Dollar General,2679 Hwy 32 W,Douglas GA 31533-9082"">",2679 Hwy 32 W,"Douglas, GA 31533-9082","<div class=""store-details__main-travel"" data-latitude=""31.52129"" data-longitude=""-82.89318"">
        <div class=""store-details__main-distance""></div>
        <a class=""store-details__main-directions"" href=""javascript:void(0);"" target=""_blank""></a>
    </div>",(912) 937-0500
"<img class=""store-details__map-image"" src=""https://maps.googleapis.com/maps/api/staticmap?center=Dollar+General%2C1730+Peterson+Ave+S%2CDouglas+GA+31535-5008&amp;zoom=15&amp;size=730x600&amp;markers=icon%3Ahttps%3A%2F%2Fwww.dollargeneral.com%2Fetc.clientlibs%2Fdollargeneral%2Fclientlibs%2Fclientlib-site%2Fresources%2Fimages%2Fstatic-map-pin.png%7C31.4789%2C-82.8507&amp;key=AIzaSyDi0nb6nKeHaDJWFtAvbAIPKBrUuAc_mTY&amp;signature=rPjndIT6QDluIao23DqVQW0C1HQ="" alt=""Google map showing the dropped pin on Dollar General,1730 Peterson Ave S,Douglas GA 31535-5008"">",1730 Peterson Ave S,"Douglas, GA 31535-5008","<div class=""store-details__main-travel"" data-latitude=""31.4789"" data-longitude=""-82.8507"" style=""display: none;"">
        <div class=""store-details__main-distance""></div>
        <a class=""store-details__main-directions"" href=""javascript:void(0);"" target=""_blank""></a>
    </div>",(478) 200-5706
"<img class=""store-details__map-image"" src=""https://maps.googleapis.com/maps/api/staticmap?center=Dollar+General%2C4870+Highway+5%2CDouglasville+GA+30135-4536&amp;zoom=15&amp;size=730x600&amp;markers=icon%3Ahttps%3A%2F%2Fwww.dollargeneral.com%2Fetc.clientlibs%2Fdollargeneral%2Fclientlibs%2Fclientlib-site%2Fresources%2Fimages%2Fstatic-map-pin.png%7C33.67336%2C-84.804501&amp;key=AIzaSyDi0nb6nKeHaDJWFtAvbAIPKBrUuAc_mTY&amp;signature=-Y1kBXscknOIiyVlTexacP2-rTU="" alt=""Google map showing the dropped pin on Dollar General,4870 Highway 5,Douglasville GA 30135-4536"">",4870 Highway 5,"Douglasville, GA 30135-4536","<div class=""store-details__main-travel"" data-latitude=""33.67336"" data-longitude=""-84.804501"" style=""display: none;"">
        <div class=""store-details__main-distance""></div>
        <a class=""store-details__main-directions"" href=""javascript:void(0);"" target=""_blank""></a>
    </div>",(470) 531-0090
"<img class=""store-details__map-image"" src=""https://maps.googleapis.com/maps/api/staticmap?center=Dollar+General%2C12101+Veterans+Memorial+Hwy%2CDouglasville+GA+30134-2372&amp;zoom=15&amp;size=730x600&amp;markers=icon%3Ahttps%3A%2F%2Fwww.dollargeneral.com%2Fetc.clientlibs%2Fdollargeneral%2Fclientlibs%2Fclientlib-site%2Fresources%2Fimages%2Fstatic-map-pin.png%7C33.7586%2C-84.7325&amp;key=AIzaSyDi0nb6nKeHaDJWFtAvbAIPKBrUuAc_mTY&amp;signature=f6nehaGIOGOvmtkGNkpJVZKPUCA="" alt=""Google map showing the dropped pin on Dollar General,12101 Veterans Memorial Hwy,Douglasville GA 30134-2372"">",12101 Veterans Memorial Hwy,"Douglasville, GA 30134-2372","<div class=""store-details__main-travel"" data-latitude=""33.7586"" data-longitude=""-84.7325"">
        <div class=""store-details__main-distance""></div>
        <a class=""store-details__main-directions"" href=""javascript:void(0);"" target=""_blank""></a>
    </div>",(470) 531-0195
"<img class=""store-details__map-image"" src=""https://maps.googleapis.com/maps/api/staticmap?center=Dollar+General%2C6307+Cedar+Mountain+Road%2CDouglasville+GA+30134-3504&amp;zoom=15&amp;size=730x600&amp;markers=icon%3Ahttps%3A%2F%2Fwww.dollargeneral.com%2Fetc.clientlibs%2Fdollargeneral%2Fclientlibs%2Fclientlib-site%2Fresources%2Fimages%2Fstatic-map-pin.png%7C33.759002%2C-84.781432&amp;key=AIzaSyDi0nb6nKeHaDJWFtAvbAIPKBrUuAc_mTY&amp;signature=-X6xsWuiqROPlrFgoJMIZ41glhA="" alt=""Google map showing the dropped pin on Dollar General,6307 Cedar Mountain Road,Douglasville GA 30134-3504"">",6307 Cedar Mountain Road,"Douglasville, GA 30134-3504","<div class=""store-details__main-travel"" data-latitude=""33.759002"" data-longitude=""-84.781432"">
        <div class=""store-details__main-distance""></div>
        <a class=""store-details__main-directions"" href=""javascript:void(0);"" target=""_blank""></a>
    </div>",(470) 531-0140
"<img class=""store-details__map-image"" src=""https://maps.googleapis.com/maps/api/staticmap?center=Dollar+General%2C2190+Midway+Rd%2CDouglasville+GA+30135-1055&amp;zoom=15&amp;size=730x600&amp;markers=icon%3Ahttps%3A%2F%2Fwww.dollargeneral.com%2Fetc.clientlibs%2Fdollargeneral%2Fclientlibs%2Fclientlib-site%2Fresources%2Fimages%2Fstatic-map-pin.png%7C33.748306%2C-84.697779&amp;key=AIzaSyDi0nb6nKeHaDJWFtAvbAIPKBrUuAc_mTY&amp;signature=Ou6HTfjAGT2yhCg8-Gb0Z57WK3s="" alt=""Google map showing the dropped pin on Dollar General,2190 Midway Rd,Douglasville GA 30135-1055"">",2190 Midway Rd,"Douglasville, GA 30135-1055","<div class=""store-details__main-travel"" data-latitude=""33.748306"" data-longitude=""-84.697779"">
        <div class=""store-details__main-distance""></div>
        <a class=""store-details__main-directions"" href=""javascript:void(0);"" target=""_blank""></a>
    </div>",(470) 632-3055
"<img class=""store-details__map-image"" src=""https://maps.googleapis.com/maps/api/staticmap?center=Dollar+General%2C8427+Hwy+166%2CDouglasville+GA+30135&amp;zoom=15&amp;size=730x600&amp;markers=icon%3Ahttps%3A%2F%2Fwww.dollargeneral.com%2Fetc.clientlibs%2Fdollargeneral%2Fclientlibs%2Fclientlib-site%2Fresources%2Fimages%2Fstatic-map-pin.png%7C33.619224%2C-84.850323&amp;key=AIzaSyDi0nb6nKeHaDJWFtAvbAIPKBrUuAc_mTY&amp;signature=_Nk2cR7a_Q2jKY5iiDj1xaLjK98="" alt=""Google map showing the dropped pin on Dollar General,8427 Hwy 166,Douglasville GA 30135"">",8427 Hwy 166,"Douglasville, GA 30135","<div class=""store-details__main-travel"" data-latitude=""33.619224"" data-longitude=""-84.850323"" style=""display: none;"">
        <div class=""store-details__main-distance""></div>
        <a class=""store-details__main-directions"" href=""javascript:void(0);"" target=""_blank""></a>
    </div>",(470) 663-6656
"<img class=""store-details__map-image"" src=""https://maps.googleapis.com/maps/api/staticmap?center=Dollar+General%2C4061+Anneewakee+Rd%2CDouglasville+GA+30135-4307&amp;zoom=15&amp;size=730x600&amp;markers=icon%3Ahttps%3A%2F%2Fwww.dollargeneral.com%2Fetc.clientlibs%2Fdollargeneral%2Fclientlibs%2Fclientlib-site%2Fresources%2Fimages%2Fstatic-map-pin.png%7C33.6927%2C-84.7012&amp;key=AIzaSyDi0nb6nKeHaDJWFtAvbAIPKBrUuAc_mTY&amp;signature=PMPY2H_sSOO4fyOH0b5lzWNBvFo="" alt=""Google map showing the dropped pin on Dollar General,4061 Anneewakee Rd,Douglasville GA 30135-4307"">",4061 Anneewakee Rd,"Douglasville, GA 30135-4307","<div class=""store-details__main-travel"" data-latitude=""33.6927"" data-longitude=""-84.7012"">
        <div class=""store-details__main-distance""></div>
        <a class=""store-details__main-directions"" href=""javascript:void(0);"" target=""_blank""></a>
    </div>",(470) 632-3090
"<img class=""store-details__map-image"" src=""https://maps.googleapis.com/maps/api/staticmap?center=Dollar+General%2C6040+Central+Church+Rd%2CDouglasville+GA+30135-6901&amp;zoom=15&amp;size=730x600&amp;markers=icon%3Ahttps%3A%2F%2Fwww.dollargeneral.com%2Fetc.clientlibs%2Fdollargeneral%2Fclientlibs%2Fclientlib-site%2Fresources%2Fimages%2Fstatic-map-pin.png%7C33.704%2C-84.772&amp;key=AIzaSyDi0nb6nKeHaDJWFtAvbAIPKBrUuAc_mTY&amp;signature=W9sJaJEYA-bpuqrCEQEX3W0FaL0="" alt=""Google map showing the dropped pin on Dollar General,6040 Central Church Rd,Douglasville GA 30135-6901"">",6040 Central Church Rd,"Douglasville, GA 30135-6901","<div class=""store-details__main-travel"" data-latitude=""33.704"" data-longitude=""-84.772"">
        <div class=""store-details__main-distance""></div>
        <a class=""store-details__main-directions"" href=""javascript:void(0);"" target=""_blank""></a>
    </div>",(912) 501-3299
"<img class=""store-details__map-image"" src=""https://maps.googleapis.com/maps/api/staticmap?center=Dollar+General%2C4860+Ridge+Rd%2CDouglasville+GA+30134&amp;zoom=15&amp;size=730x600&amp;markers=icon%3Ahttps%3A%2F%2Fwww.dollargeneral.com%2Fetc.clientlibs%2Fdollargeneral%2Fclientlibs%2Fclientlib-site%2Fresources%2Fimages%2Fstatic-map-pin.png%7C33.818%2C-84.811&amp;key=AIzaSyDi0nb6nKeHaDJWFtAvbAIPKBrUuAc_mTY&amp;signature=KhN-umR_AHYV2WcOMJy-ZGkEeGw="" alt=""Google map showing the dropped pin on Dollar General,4860 Ridge Rd,Douglasville GA 30134"">",4860 Ridge Rd,"Douglasville, GA 30134","<div class=""store-details__main-travel"" data-latitude=""33.818"" data-longitude=""-84.811"">
        <div class=""store-details__main-distance""></div>
        <a class=""store-details__main-directions"" href=""javascript:void(0);"" target=""_blank""></a>
    </div>",(470) 523-9730
"<img class=""store-details__map-image"" src=""https://maps.googleapis.com/maps/api/staticmap?center=Dollar+General%2C3690+Highway+166%2CDouglasville+GA+30135&amp;zoom=15&amp;size=730x600&amp;markers=icon%3Ahttps%3A%2F%2Fwww.dollargeneral.com%2Fetc.clientlibs%2Fdollargeneral%2Fclientlibs%2Fclientlib-site%2Fresources%2Fimages%2Fstatic-map-pin.png%7C33.7044%2C-84.6577&amp;key=AIzaSyDi0nb6nKeHaDJWFtAvbAIPKBrUuAc_mTY&amp;signature=WJgA-iMpD_pY-lAOSRaN_OFHAyg="" alt=""Google map showing the dropped pin on Dollar General,3690 Highway 166,Douglasville GA 30135"">",3690 Highway 166,"Douglasville, GA 30135","<div class=""store-details__main-travel"" data-latitude=""33.7044"" data-longitude=""-84.6577"" style=""display: none;"">
        <div class=""store-details__main-distance""></div>
        <a class=""store-details__main-directions"" href=""javascript:void(0);"" target=""_blank""></a>
    </div>",(470) 632-1850
"<img class=""store-details__map-image"" src=""https://maps.googleapis.com/maps/api/staticmap?center=Dollar+General%2C3990+Riley+Rd%2CDouglasville+GA+30134&amp;zoom=15&amp;size=730x600&amp;markers=icon%3Ahttps%3A%2F%2Fwww.dollargeneral.com%2Fetc.clientlibs%2Fdollargeneral%2Fclientlibs%2Fclientlib-site%2Fresources%2Fimages%2Fstatic-map-pin.png%7C33.78029%2C-84.70321&amp;key=AIzaSyDi0nb6nKeHaDJWFtAvbAIPKBrUuAc_mTY&amp;signature=Monwt_-F7SSQFclNYwDuAtE9scE="" alt=""Google map showing the dropped pin on Dollar General,3990 Riley Rd,Douglasville GA 30134"">",3990 Riley Rd,"Douglasville, GA 30134","<div class=""store-details__main-travel"" data-latitude=""33.78029"" data-longitude=""-84.70321"">
        <div class=""store-details__main-distance""></div>
        <a class=""store-details__main-directions"" href=""javascript:void(0);"" target=""_blank""></a>
    </div>",(470) 531-0180
"<img class=""store-details__map-image"" src=""https://maps.googleapis.com/maps/api/staticmap?center=Dollar+General%2C4050+Chapel+Hill+Rd%2CDouglasville+GA+30135-2758&amp;zoom=15&amp;size=730x600&amp;markers=icon%3Ahttps%3A%2F%2Fwww.dollargeneral.com%2Fetc.clientlibs%2Fdollargeneral%2Fclientlibs%2Fclientlib-site%2Fresources%2Fimages%2Fstatic-map-pin.png%7C33.6955%2C-84.7156&amp;key=AIzaSyDi0nb6nKeHaDJWFtAvbAIPKBrUuAc_mTY&amp;signature=jfISWFBL_QJ5qCAmC1mo-T6zGDo="" alt=""Google map showing the dropped pin on Dollar General,4050 Chapel Hill Rd,Douglasville GA 30135-2758"">",4050 Chapel Hill Rd,"Douglasville, GA 30135-2758","<div class=""store-details__main-travel"" data-latitude=""33.6955"" data-longitude=""-84.7156"">
        <div class=""store-details__main-distance""></div>
        <a class=""store-details__main-directions"" href=""javascript:void(0);"" target=""_blank""></a>
    </div>",(678) 503-7443
"<img class=""store-details__map-image"" src=""https://maps.googleapis.com/maps/api/staticmap?center=Dollar+General%2C118+Hillcrest+Pkwy%2CDublin+GA+31021-6340&amp;zoom=15&amp;size=730x600&amp;markers=icon%3Ahttps%3A%2F%2Fwww.dollargeneral.com%2Fetc.clientlibs%2Fdollargeneral%2Fclientlibs%2Fclientlib-site%2Fresources%2Fimages%2Fstatic-map-pin.png%7C32.550276%2C-82.916664&amp;key=AIzaSyDi0nb6nKeHaDJWFtAvbAIPKBrUuAc_mTY&amp;signature=1jdnGrXN918KVYL5fzs3nXJ76B8="" alt=""Google map showing the dropped pin on Dollar General,118 Hillcrest Pkwy,Dublin GA 31021-6340"">",118 Hillcrest Pkwy,"Dublin, GA 31021-6340","<div class=""store-details__main-travel"" data-latitude=""32.550276"" data-longitude=""-82.916664"" style=""display: none;"">
        <div class=""store-details__main-distance""></div>
        <a class=""store-details__main-directions"" href=""javascript:void(0);"" target=""_blank""></a>
    </div>",(478) 246-7407
"<img class=""store-details__map-image"" src=""https://maps.googleapis.com/maps/api/staticmap?center=Dollar+General%2C3420+Us+Highway+80+W%2CDudley+GA+31022&amp;zoom=15&amp;size=730x600&amp;markers=icon%3Ahttps%3A%2F%2Fwww.dollargeneral.com%2Fetc.clientlibs%2Fdollargeneral%2Fclientlibs%2Fclientlib-site%2Fresources%2Fimages%2Fstatic-map-pin.png%7C32.54237%2C-83.0701&amp;key=AIzaSyDi0nb6nKeHaDJWFtAvbAIPKBrUuAc_mTY&amp;signature=A6L62XkpxlmrV3_y4Iq9pKU0lCc="" alt=""Google map showing the dropped pin on Dollar General,3420 Us Highway 80 W,Dudley GA 31022"">",3420 Us Highway 80 W,"Dudley, GA 31022","<div class=""store-details__main-travel"" data-latitude=""32.54237"" data-longitude=""-83.0701"">
        <div class=""store-details__main-distance""></div>
        <a class=""store-details__main-directions"" href=""javascript:void(0);"" target=""_blank""></a>
    </div>",(478) 309-5550
"<img class=""store-details__map-image"" src=""https://maps.googleapis.com/maps/api/staticmap?center=Dollar+General%2C2696+Buford+Hwy%2CDuluth+GA+30096&amp;zoom=15&amp;size=730x600&amp;markers=icon%3Ahttps%3A%2F%2Fwww.dollargeneral.com%2Fetc.clientlibs%2Fdollargeneral%2Fclientlibs%2Fclientlib-site%2Fresources%2Fimages%2Fstatic-map-pin.png%7C34.0098%2C-84.13&amp;key=AIzaSyDi0nb6nKeHaDJWFtAvbAIPKBrUuAc_mTY&amp;signature=eids9KfcgFXybPWyvOStZ0-414k="" alt=""Google map showing the dropped pin on Dollar General,2696 Buford Hwy,Duluth GA 30096"">",2696 Buford Hwy,"Duluth, GA 30096","<div class=""store-details__main-travel"" data-latitude=""34.0098"" data-longitude=""-84.13"">
        <div class=""store-details__main-distance""></div>
        <a class=""store-details__main-directions"" href=""javascript:void(0);"" target=""_blank""></a>
    </div>",(470) 387-0222
"<img class=""store-details__map-image"" src=""https://maps.googleapis.com/maps/api/staticmap?center=Dollar+General%2C1500+Pleasant+Hill+Rd+Ste+114%2CDuluth+GA+30096-5825&amp;zoom=15&amp;size=730x600&amp;markers=icon%3Ahttps%3A%2F%2Fwww.dollargeneral.com%2Fetc.clientlibs%2Fdollargeneral%2Fclientlibs%2Fclientlib-site%2Fresources%2Fimages%2Fstatic-map-pin.png%7C33.942451%2C-84.121121&amp;key=AIzaSyDi0nb6nKeHaDJWFtAvbAIPKBrUuAc_mTY&amp;signature=LE3hhVXbIW55rZDOJn_ymUg8bU4="" alt=""Google map showing the dropped pin on Dollar General,1500 Pleasant Hill Rd Ste 114,Duluth GA 30096-5825"">",1500 Pleasant Hill Rd Ste 114,"Duluth, GA 30096-5825","<div class=""store-details__main-travel"" data-latitude=""33.942451"" data-longitude=""-84.121121"">
        <div class=""store-details__main-distance""></div>
        <a class=""store-details__main-directions"" href=""javascript:void(0);"" target=""_blank""></a>
    </div>",(470) 601-6900
"<img class=""store-details__map-image"" src=""https://maps.googleapis.com/maps/api/staticmap?center=Dollar+General%2C424+Central+Dr%2CEast+Dublin+GA+31027-7412&amp;zoom=15&amp;size=730x600&amp;markers=icon%3Ahttps%3A%2F%2Fwww.dollargeneral.com%2Fetc.clientlibs%2Fdollargeneral%2Fclientlibs%2Fclientlib-site%2Fresources%2Fimages%2Fstatic-map-pin.png%7C32.549846%2C-82.879498&amp;key=AIzaSyDi0nb6nKeHaDJWFtAvbAIPKBrUuAc_mTY&amp;signature=gVgIsfHKIPqFk3kVAUzo8e7YaQk="" alt=""Google map showing the dropped pin on Dollar General,424 Central Dr,East Dublin GA 31027-7412"">",424 Central Dr,"East Dublin, GA 31027-7412","<div class=""store-details__main-travel"" data-latitude=""32.549846"" data-longitude=""-82.879498"" style=""display: none;"">
        <div class=""store-details__main-distance""></div>
        <a class=""store-details__main-directions"" href=""javascript:void(0);"" target=""_blank""></a>
    </div>",(478) 304-3905
"<img class=""store-details__map-image"" src=""https://maps.googleapis.com/maps/api/staticmap?center=Dollar+General%2C3492+Washington+Road%2CEast+Point+GA+30344-5662&amp;zoom=15&amp;size=730x600&amp;markers=icon%3Ahttps%3A%2F%2Fwww.dollargeneral.com%2Fetc.clientlibs%2Fdollargeneral%2Fclientlibs%2Fclientlib-site%2Fresources%2Fimages%2Fstatic-map-pin.png%7C33.65924%2C-84.47643&amp;key=AIzaSyDi0nb6nKeHaDJWFtAvbAIPKBrUuAc_mTY&amp;signature=SpbnRLs9fIZ6KpxHEBOydbhQZ9U="" alt=""Google map showing the dropped pin on Dollar General,3492 Washington Road,East Point GA 30344-5662"">",3492 Washington Road,"East Point, GA 30344-5662","<div class=""store-details__main-travel"" data-latitude=""33.65924"" data-longitude=""-84.47643"">
        <div class=""store-details__main-distance""></div>
        <a class=""store-details__main-directions"" href=""javascript:void(0);"" target=""_blank""></a>
    </div>",(470) 571-1762
"<img class=""store-details__map-image"" src=""https://maps.googleapis.com/maps/api/staticmap?center=Dollar+General%2C4033+Cochran+Hwy%2CEastman+GA+31023-2374&amp;zoom=15&amp;size=730x600&amp;markers=icon%3Ahttps%3A%2F%2Fwww.dollargeneral.com%2Fetc.clientlibs%2Fdollargeneral%2Fclientlibs%2Fclientlib-site%2Fresources%2Fimages%2Fstatic-map-pin.png%7C32.2871%2C-83.2534&amp;key=AIzaSyDi0nb6nKeHaDJWFtAvbAIPKBrUuAc_mTY&amp;signature=zkjpdSvBQABT0rXh3VU59Fp2SWg="" alt=""Google map showing the dropped pin on Dollar General,4033 Cochran Hwy,Eastman GA 31023-2374"">",4033 Cochran Hwy,"Eastman, GA 31023-2374","<div class=""store-details__main-travel"" data-latitude=""32.2871"" data-longitude=""-83.2534"">
        <div class=""store-details__main-distance""></div>
        <a class=""store-details__main-directions"" href=""javascript:void(0);"" target=""_blank""></a>
    </div>",(478) 285-8895
"<img class=""store-details__map-image"" src=""https://maps.googleapis.com/maps/api/staticmap?center=Dollar+General%2C5840+Oak+St%2CEastman+GA+31023-5528&amp;zoom=15&amp;size=730x600&amp;markers=icon%3Ahttps%3A%2F%2Fwww.dollargeneral.com%2Fetc.clientlibs%2Fdollargeneral%2Fclientlibs%2Fclientlib-site%2Fresources%2Fimages%2Fstatic-map-pin.png%7C32.205908%2C-83.185694&amp;key=AIzaSyDi0nb6nKeHaDJWFtAvbAIPKBrUuAc_mTY&amp;signature=YKDkMA4Jhb_flI22JMsDTsmItyQ="" alt=""Google map showing the dropped pin on Dollar General,5840 Oak St,Eastman GA 31023-5528"">",5840 Oak St,"Eastman, GA 31023-5528","<div class=""store-details__main-travel"" data-latitude=""32.205908"" data-longitude=""-83.185694"" style=""display: none;"">
        <div class=""store-details__main-distance""></div>
        <a class=""store-details__main-directions"" href=""javascript:void(0);"" target=""_blank""></a>
    </div>",(478) 220-5215
"<img class=""store-details__map-image"" src=""https://maps.googleapis.com/maps/api/staticmap?center=Dollar+General%2C656+Oak+St%2CEastman+GA+31023-6746&amp;zoom=15&amp;size=730x600&amp;markers=icon%3Ahttps%3A%2F%2Fwww.dollargeneral.com%2Fetc.clientlibs%2Fdollargeneral%2Fclientlibs%2Fclientlib-site%2Fresources%2Fimages%2Fstatic-map-pin.png%7C32.191085%2C-83.174656&amp;key=AIzaSyDi0nb6nKeHaDJWFtAvbAIPKBrUuAc_mTY&amp;signature=bX-doh9PQ1BjWJVMy4ya87mUd6o="" alt=""Google map showing the dropped pin on Dollar General,656 Oak St,Eastman GA 31023-6746"">",656 Oak St,"Eastman, GA 31023-6746","<div class=""store-details__main-travel"" data-latitude=""32.191085"" data-longitude=""-83.174656"">
        <div class=""store-details__main-distance""></div>
        <a class=""store-details__main-directions"" href=""javascript:void(0);"" target=""_blank""></a>
    </div>",(478) 220-8140
"<img class=""store-details__map-image"" src=""https://maps.googleapis.com/maps/api/staticmap?center=Dollar+General%2C205+E+Sumter+St%2CEatonton+GA+31024-1462&amp;zoom=15&amp;size=730x600&amp;markers=icon%3Ahttps%3A%2F%2Fwww.dollargeneral.com%2Fetc.clientlibs%2Fdollargeneral%2Fclientlibs%2Fclientlib-site%2Fresources%2Fimages%2Fstatic-map-pin.png%7C33.327042%2C-83.385575&amp;key=AIzaSyDi0nb6nKeHaDJWFtAvbAIPKBrUuAc_mTY&amp;signature=1IpD-OC_B94k8uTOJTWz847k-lY="" alt=""Google map showing the dropped pin on Dollar General,205 E Sumter St,Eatonton GA 31024-1462"">",205 E Sumter St,"Eatonton, GA 31024-1462","<div class=""store-details__main-travel"" data-latitude=""33.327042"" data-longitude=""-83.385575"">
        <div class=""store-details__main-distance""></div>
        <a class=""store-details__main-directions"" href=""javascript:void(0);"" target=""_blank""></a>
    </div>",(706) 623-2580
"<img class=""store-details__map-image"" src=""https://maps.googleapis.com/maps/api/staticmap?center=Dollar+General%2C399+Pea+Ridge+Rd%2CEatonton+GA+31024&amp;zoom=15&amp;size=730x600&amp;markers=icon%3Ahttps%3A%2F%2Fwww.dollargeneral.com%2Fetc.clientlibs%2Fdollargeneral%2Fclientlibs%2Fclientlib-site%2Fresources%2Fimages%2Fstatic-map-pin.png%7C33.2717%2C-83.3017&amp;key=AIzaSyDi0nb6nKeHaDJWFtAvbAIPKBrUuAc_mTY&amp;signature=cgPrGzM8hOfkclcDrtdz3tlh6zw="" alt=""Google map showing the dropped pin on Dollar General,399 Pea Ridge Rd,Eatonton GA 31024"">",399 Pea Ridge Rd,"Eatonton, GA 31024","<div class=""store-details__main-travel"" data-latitude=""33.2717"" data-longitude=""-83.3017"" style=""display: none;"">
        <div class=""store-details__main-distance""></div>
        <a class=""store-details__main-directions"" href=""javascript:void(0);"" target=""_blank""></a>
    </div>",(706) 623-2566
"<img class=""store-details__map-image"" src=""https://maps.googleapis.com/maps/api/staticmap?center=Dollar+General%2C863+Sparta+Hwy%2CEatonton+GA+31024&amp;zoom=15&amp;size=730x600&amp;markers=icon%3Ahttps%3A%2F%2Fwww.dollargeneral.com%2Fetc.clientlibs%2Fdollargeneral%2Fclientlibs%2Fclientlib-site%2Fresources%2Fimages%2Fstatic-map-pin.png%7C33.3479%2C-83.2507&amp;key=AIzaSyDi0nb6nKeHaDJWFtAvbAIPKBrUuAc_mTY&amp;signature=1Jfuq-UZa8i-S84s4zgezx140is="" alt=""Google map showing the dropped pin on Dollar General,863 Sparta Hwy,Eatonton GA 31024"">",863 Sparta Hwy,"Eatonton, GA 31024","<div class=""store-details__main-travel"" data-latitude=""33.3479"" data-longitude=""-83.2507"">
        <div class=""store-details__main-distance""></div>
        <a class=""store-details__main-directions"" href=""javascript:void(0);"" target=""_blank""></a>
    </div>",(762) 220-3502
"<img class=""store-details__map-image"" src=""https://maps.googleapis.com/maps/api/staticmap?center=Dollar+General%2C1124+Greensboro+Hwy%2CEatonton+GA+31024-5549&amp;zoom=15&amp;size=730x600&amp;markers=icon%3Ahttps%3A%2F%2Fwww.dollargeneral.com%2Fetc.clientlibs%2Fdollargeneral%2Fclientlibs%2Fclientlib-site%2Fresources%2Fimages%2Fstatic-map-pin.png%7C33.439023%2C-83.264201&amp;key=AIzaSyDi0nb6nKeHaDJWFtAvbAIPKBrUuAc_mTY&amp;signature=6OncTomR_Glm4BLiG8xWeqSUeWE="" alt=""Google map showing the dropped pin on Dollar General,1124 Greensboro Hwy,Eatonton GA 31024-5549"">",1124 Greensboro Hwy,"Eatonton, GA 31024-5549","<div class=""store-details__main-travel"" data-latitude=""33.439023"" data-longitude=""-83.264201"">
        <div class=""store-details__main-distance""></div>
        <a class=""store-details__main-directions"" href=""javascript:void(0);"" target=""_blank""></a>
    </div>",(706) 623-2800
"<img class=""store-details__map-image"" src=""https://maps.googleapis.com/maps/api/staticmap?center=Dollar+General%2C1200+Highway+80%2CEden+GA+31307-9701&amp;zoom=15&amp;size=730x600&amp;markers=icon%3Ahttps%3A%2F%2Fwww.dollargeneral.com%2Fetc.clientlibs%2Fdollargeneral%2Fclientlibs%2Fclientlib-site%2Fresources%2Fimages%2Fstatic-map-pin.png%7C32.170992%2C-81.388917&amp;key=AIzaSyDi0nb6nKeHaDJWFtAvbAIPKBrUuAc_mTY&amp;signature=mLt10VYCjD3uazIDQu5wkcHWb6k="" alt=""Google map showing the dropped pin on Dollar General,1200 Highway 80,Eden GA 31307-9701"">",1200 Highway 80,"Eden, GA 31307-9701","<div class=""store-details__main-travel"" data-latitude=""32.170992"" data-longitude=""-81.388917"">
        <div class=""store-details__main-distance""></div>
        <a class=""store-details__main-directions"" href=""javascript:void(0);"" target=""_blank""></a>
    </div>",(912) 348-0675
"<img class=""store-details__map-image"" src=""https://maps.googleapis.com/maps/api/staticmap?center=Dollar+General%2C19030+Hartford+St%2CEdison+GA+39846&amp;zoom=15&amp;size=730x600&amp;markers=icon%3Ahttps%3A%2F%2Fwww.dollargeneral.com%2Fetc.clientlibs%2Fdollargeneral%2Fclientlibs%2Fclientlib-site%2Fresources%2Fimages%2Fstatic-map-pin.png%7C31.55986%2C-84.73165&amp;key=AIzaSyDi0nb6nKeHaDJWFtAvbAIPKBrUuAc_mTY&amp;signature=ZkPYGNxoHrmlCak_EnO0TzU34pw="" alt=""Google map showing the dropped pin on Dollar General,19030 Hartford St,Edison GA 39846"">",19030 Hartford St,"Edison, GA 39846","<div class=""store-details__main-travel"" data-latitude=""31.55986"" data-longitude=""-84.73165"" style=""display: none;"">
        <div class=""store-details__main-distance""></div>
        <a class=""store-details__main-directions"" href=""javascript:void(0);"" target=""_blank""></a>
    </div>",(706) 780-6245
"<img class=""store-details__map-image"" src=""https://maps.googleapis.com/maps/api/staticmap?center=Dollar+General%2C700+Elbert+St%2CElberton+GA+30635-2312&amp;zoom=15&amp;size=730x600&amp;markers=icon%3Ahttps%3A%2F%2Fwww.dollargeneral.com%2Fetc.clientlibs%2Fdollargeneral%2Fclientlibs%2Fclientlib-site%2Fresources%2Fimages%2Fstatic-map-pin.png%7C34.1018%2C-82.8511&amp;key=AIzaSyDi0nb6nKeHaDJWFtAvbAIPKBrUuAc_mTY&amp;signature=EzNO69VzES_BVhcjlZXPYYKZroc="" alt=""Google map showing the dropped pin on Dollar General,700 Elbert St,Elberton GA 30635-2312"">",700 Elbert St,"Elberton, GA 30635-2312","<div class=""store-details__main-travel"" data-latitude=""34.1018"" data-longitude=""-82.8511"">
        <div class=""store-details__main-distance""></div>
        <a class=""store-details__main-directions"" href=""javascript:void(0);"" target=""_blank""></a>
    </div>",(706) 408-5953
"<img class=""store-details__map-image"" src=""https://maps.googleapis.com/maps/api/staticmap?center=Dollar+General%2C4562+Us+Highway+80+E%2CEllabell+GA+31308-5704&amp;zoom=15&amp;size=730x600&amp;markers=icon%3Ahttps%3A%2F%2Fwww.dollargeneral.com%2Fetc.clientlibs%2Fdollargeneral%2Fclientlibs%2Fclientlib-site%2Fresources%2Fimages%2Fstatic-map-pin.png%7C32.1966%2C-81.4379&amp;key=AIzaSyDi0nb6nKeHaDJWFtAvbAIPKBrUuAc_mTY&amp;signature=WPQb53-tTzUjVMOvNDeHLutu32o="" alt=""Google map showing the dropped pin on Dollar General,4562 Us Highway 80 E,Ellabell GA 31308-5704"">",4562 Us Highway 80 E,"Ellabell, GA 31308-5704","<div class=""store-details__main-travel"" data-latitude=""32.1966"" data-longitude=""-81.4379"">
        <div class=""store-details__main-distance""></div>
        <a class=""store-details__main-directions"" href=""javascript:void(0);"" target=""_blank""></a>
    </div>",(912) 712-1303
"<img class=""store-details__map-image"" src=""https://maps.googleapis.com/maps/api/staticmap?center=Dollar+General%2C560+S+Broad+St%2CEllaville+GA+31806-3304&amp;zoom=15&amp;size=730x600&amp;markers=icon%3Ahttps%3A%2F%2Fwww.dollargeneral.com%2Fetc.clientlibs%2Fdollargeneral%2Fclientlibs%2Fclientlib-site%2Fresources%2Fimages%2Fstatic-map-pin.png%7C32.2389%2C-84.3093&amp;key=AIzaSyDi0nb6nKeHaDJWFtAvbAIPKBrUuAc_mTY&amp;signature=5XsMBzja6G_s3PO2fAESM2kFL3Y="" alt=""Google map showing the dropped pin on Dollar General,560 S Broad St,Ellaville GA 31806-3304"">",560 S Broad St,"Ellaville, GA 31806-3304","<div class=""store-details__main-travel"" data-latitude=""32.2389"" data-longitude=""-84.3093"">
        <div class=""store-details__main-distance""></div>
        <a class=""store-details__main-directions"" href=""javascript:void(0);"" target=""_blank""></a>
    </div>",(706) 786-6155
"<img class=""store-details__map-image"" src=""https://maps.googleapis.com/maps/api/staticmap?center=Dollar+General%2C2847+Bouldercrest+Road%2CEllenwood+GA+30294&amp;zoom=15&amp;size=730x600&amp;markers=icon%3Ahttps%3A%2F%2Fwww.dollargeneral.com%2Fetc.clientlibs%2Fdollargeneral%2Fclientlibs%2Fclientlib-site%2Fresources%2Fimages%2Fstatic-map-pin.png%7C33.677969%2C-84.308261&amp;key=AIzaSyDi0nb6nKeHaDJWFtAvbAIPKBrUuAc_mTY&amp;signature=hZ1jRJgwttddKMBvkSo-JvX5BLE="" alt=""Google map showing the dropped pin on Dollar General,2847 Bouldercrest Road,Ellenwood GA 30294"">",2847 Bouldercrest Road,"Ellenwood, GA 30294","<div class=""store-details__main-travel"" data-latitude=""33.677969"" data-longitude=""-84.308261"" style=""display: none;"">
        <div class=""store-details__main-distance""></div>
        <a class=""store-details__main-directions"" href=""javascript:void(0);"" target=""_blank""></a>
    </div>",(470) 615-0142
"<img class=""store-details__map-image"" src=""https://maps.googleapis.com/maps/api/staticmap?center=Dollar+General%2C1786+Panola+Rd%2CEllenwood+GA+30294-2856&amp;zoom=15&amp;size=730x600&amp;markers=icon%3Ahttps%3A%2F%2Fwww.dollargeneral.com%2Fetc.clientlibs%2Fdollargeneral%2Fclientlibs%2Fclientlib-site%2Fresources%2Fimages%2Fstatic-map-pin.png%7C33.6208%2C-84.2354&amp;key=AIzaSyDi0nb6nKeHaDJWFtAvbAIPKBrUuAc_mTY&amp;signature=XTrnxPJrknhdXy5CfHd9KZSMPrQ="" alt=""Google map showing the dropped pin on Dollar General,1786 Panola Rd,Ellenwood GA 30294-2856"">",1786 Panola Rd,"Ellenwood, GA 30294-2856","<div class=""store-details__main-travel"" data-latitude=""33.6208"" data-longitude=""-84.2354"">
        <div class=""store-details__main-distance""></div>
        <a class=""store-details__main-directions"" href=""javascript:void(0);"" target=""_blank""></a>
    </div>",(470) 502-0767
"<img class=""store-details__map-image"" src=""https://maps.googleapis.com/maps/api/staticmap?center=Dollar+General%2C18+Madison+Way%2CEllerslie+GA+31807-5668&amp;zoom=15&amp;size=730x600&amp;markers=icon%3Ahttps%3A%2F%2Fwww.dollargeneral.com%2Fetc.clientlibs%2Fdollargeneral%2Fclientlibs%2Fclientlib-site%2Fresources%2Fimages%2Fstatic-map-pin.png%7C32.6385%2C-84.7896&amp;key=AIzaSyDi0nb6nKeHaDJWFtAvbAIPKBrUuAc_mTY&amp;signature=8CKIB3pqubiOTwY-rM0Xmp-dLYU="" alt=""Google map showing the dropped pin on Dollar General,18 Madison Way,Ellerslie GA 31807-5668"">",18 Madison Way,"Ellerslie, GA 31807-5668","<div class=""store-details__main-travel"" data-latitude=""32.6385"" data-longitude=""-84.7896"">
        <div class=""store-details__main-distance""></div>
        <a class=""store-details__main-directions"" href=""javascript:void(0);"" target=""_blank""></a>
    </div>",(706) 786-6345
"<img class=""store-details__map-image"" src=""https://maps.googleapis.com/maps/api/staticmap?center=Dollar+General%2C30+Big+Creek+Rd%2CEllijay+GA+30540-4854&amp;zoom=15&amp;size=730x600&amp;markers=icon%3Ahttps%3A%2F%2Fwww.dollargeneral.com%2Fetc.clientlibs%2Fdollargeneral%2Fclientlibs%2Fclientlib-site%2Fresources%2Fimages%2Fstatic-map-pin.png%7C34.6522%2C-84.4089&amp;key=AIzaSyDi0nb6nKeHaDJWFtAvbAIPKBrUuAc_mTY&amp;signature=Ds-VDy7AS2J4fn9aOXGnCkRcg1M="" alt=""Google map showing the dropped pin on Dollar General,30 Big Creek Rd,Ellijay GA 30540-4854"">",30 Big Creek Rd,"Ellijay, GA 30540-4854","<div class=""store-details__main-travel"" data-latitude=""34.6522"" data-longitude=""-84.4089"">
        <div class=""store-details__main-distance""></div>
        <a class=""store-details__main-directions"" href=""javascript:void(0);"" target=""_blank""></a>
    </div>",(706) 268-9900
"<img class=""store-details__map-image"" src=""https://maps.googleapis.com/maps/api/staticmap?center=Dollar+General%2C28+Tails+Creek+Church+Rd%2CEllijay+GA+30540&amp;zoom=15&amp;size=730x600&amp;markers=icon%3Ahttps%3A%2F%2Fwww.dollargeneral.com%2Fetc.clientlibs%2Fdollargeneral%2Fclientlibs%2Fclientlib-site%2Fresources%2Fimages%2Fstatic-map-pin.png%7C34.68993%2C-84.61558&amp;key=AIzaSyDi0nb6nKeHaDJWFtAvbAIPKBrUuAc_mTY&amp;signature=CrHSko8mYf6NESquHV2Vsl4gVP0="" alt=""Google map showing the dropped pin on Dollar General,28 Tails Creek Church Rd,Ellijay GA 30540"">",28 Tails Creek Church Rd,"Ellijay, GA 30540","<div class=""store-details__main-travel"" data-latitude=""34.68993"" data-longitude=""-84.61558"">
        <div class=""store-details__main-distance""></div>
        <a class=""store-details__main-directions"" href=""javascript:void(0);"" target=""_blank""></a>
    </div>",(470) 531-4023
"<img class=""store-details__map-image"" src=""https://maps.googleapis.com/maps/api/staticmap?center=Dollar+General%2C341+Highway+382+W%2CEllijay+GA+30540-6362&amp;zoom=15&amp;size=730x600&amp;markers=icon%3Ahttps%3A%2F%2Fwww.dollargeneral.com%2Fetc.clientlibs%2Fdollargeneral%2Fclientlibs%2Fclientlib-site%2Fresources%2Fimages%2Fstatic-map-pin.png%7C34.6411%2C-84.5101&amp;key=AIzaSyDi0nb6nKeHaDJWFtAvbAIPKBrUuAc_mTY&amp;signature=y9txMnG7GrLJa08-kJnwKBsMiG8="" alt=""Google map showing the dropped pin on Dollar General,341 Highway 382 W,Ellijay GA 30540-6362"">",341 Highway 382 W,"Ellijay, GA 30540-6362","<div class=""store-details__main-travel"" data-latitude=""34.6411"" data-longitude=""-84.5101"" style=""display: none;"">
        <div class=""store-details__main-distance""></div>
        <a class=""store-details__main-directions"" href=""javascript:void(0);"" target=""_blank""></a>
    </div>",(762) 354-4533
"<img class=""store-details__map-image"" src=""https://maps.googleapis.com/maps/api/staticmap?center=Dollar+General%2C580+Maddox+Dr%2CEllijay+GA+30540-0004&amp;zoom=15&amp;size=730x600&amp;markers=icon%3Ahttps%3A%2F%2Fwww.dollargeneral.com%2Fetc.clientlibs%2Fdollargeneral%2Fclientlibs%2Fclientlib-site%2Fresources%2Fimages%2Fstatic-map-pin.png%7C34.679492%2C-84.484892&amp;key=AIzaSyDi0nb6nKeHaDJWFtAvbAIPKBrUuAc_mTY&amp;signature=oTlCkIOgBr51QW_1QZ5H8VMLjuM="" alt=""Google map showing the dropped pin on Dollar General,580 Maddox Dr,Ellijay GA 30540-0004"">",580 Maddox Dr,"Ellijay, GA 30540-0004","<div class=""store-details__main-travel"" data-latitude=""34.679492"" data-longitude=""-84.484892"">
        <div class=""store-details__main-distance""></div>
        <a class=""store-details__main-directions"" href=""javascript:void(0);"" target=""_blank""></a>
    </div>",(706) 403-1680
"<img class=""store-details__map-image"" src=""https://maps.googleapis.com/maps/api/staticmap?center=Dollar+General%2C3067+Chatsworth+Hwy%2CEllijay+GA+30540-1742&amp;zoom=15&amp;size=730x600&amp;markers=icon%3Ahttps%3A%2F%2Fwww.dollargeneral.com%2Fetc.clientlibs%2Fdollargeneral%2Fclientlibs%2Fclientlib-site%2Fresources%2Fimages%2Fstatic-map-pin.png%7C34.726682%2C-84.50913&amp;key=AIzaSyDi0nb6nKeHaDJWFtAvbAIPKBrUuAc_mTY&amp;signature=DzIllHXnCHGpO-5s8aDlIAoNYuE="" alt=""Google map showing the dropped pin on Dollar General,3067 Chatsworth Hwy,Ellijay GA 30540-1742"">",3067 Chatsworth Hwy,"Ellijay, GA 30540-1742","<div class=""store-details__main-travel"" data-latitude=""34.726682"" data-longitude=""-84.50913"">
        <div class=""store-details__main-distance""></div>
        <a class=""store-details__main-directions"" href=""javascript:void(0);"" target=""_blank""></a>
    </div>",(470) 462-3983
"<img class=""store-details__map-image"" src=""https://maps.googleapis.com/maps/api/staticmap?center=Dollar+General%2C2452+Yukon+Rd%2CEllijay+GA+30536&amp;zoom=15&amp;size=730x600&amp;markers=icon%3Ahttps%3A%2F%2Fwww.dollargeneral.com%2Fetc.clientlibs%2Fdollargeneral%2Fclientlibs%2Fclientlib-site%2Fresources%2Fimages%2Fstatic-map-pin.png%7C34.6437%2C-84.4718&amp;key=AIzaSyDi0nb6nKeHaDJWFtAvbAIPKBrUuAc_mTY&amp;signature=Mk3dPVtSyYT5H5bL5fp4zscmSyI="" alt=""Google map showing the dropped pin on Dollar General,2452 Yukon Rd,Ellijay GA 30536"">",2452 Yukon Rd,"Ellijay, GA 30536","<div class=""store-details__main-travel"" data-latitude=""34.6437"" data-longitude=""-84.4718"">
        <div class=""store-details__main-distance""></div>
        <a class=""store-details__main-directions"" href=""javascript:void(0);"" target=""_blank""></a>
    </div>",(770) 615-0815
"<img class=""store-details__map-image"" src=""https://maps.googleapis.com/maps/api/staticmap?center=Dollar+General%2C710+Highway+293%2CEmerson+GA+30137-2263&amp;zoom=15&amp;size=730x600&amp;markers=icon%3Ahttps%3A%2F%2Fwww.dollargeneral.com%2Fetc.clientlibs%2Fdollargeneral%2Fclientlibs%2Fclientlib-site%2Fresources%2Fimages%2Fstatic-map-pin.png%7C34.125541%2C-84.756267&amp;key=AIzaSyDi0nb6nKeHaDJWFtAvbAIPKBrUuAc_mTY&amp;signature=WXJVQpm289gFVaKJyb3-Ul0MgJE="" alt=""Google map showing the dropped pin on Dollar General,710 Highway 293,Emerson GA 30137-2263"">",710 Highway 293,"Emerson, GA 30137-2263","<div class=""store-details__main-travel"" data-latitude=""34.125541"" data-longitude=""-84.756267"" style=""display: none;"">
        <div class=""store-details__main-distance""></div>
        <a class=""store-details__main-directions"" href=""javascript:void(0);"" target=""_blank""></a>
    </div>",(470) 490-9164
"<img class=""store-details__map-image"" src=""https://maps.googleapis.com/maps/api/staticmap?center=Dollar+General%2C858+Main+St%2CEnigma+GA+31749-3029&amp;zoom=15&amp;size=730x600&amp;markers=icon%3Ahttps%3A%2F%2Fwww.dollargeneral.com%2Fetc.clientlibs%2Fdollargeneral%2Fclientlibs%2Fclientlib-site%2Fresources%2Fimages%2Fstatic-map-pin.png%7C31.413%2C-83.329&amp;key=AIzaSyDi0nb6nKeHaDJWFtAvbAIPKBrUuAc_mTY&amp;signature=dUq_g3VpE31R04SptvkwjOnFODU="" alt=""Google map showing the dropped pin on Dollar General,858 Main St,Enigma GA 31749-3029"">",858 Main St,"Enigma, GA 31749-3029","<div class=""store-details__main-travel"" data-latitude=""31.413"" data-longitude=""-83.329"">
        <div class=""store-details__main-distance""></div>
        <a class=""store-details__main-directions"" href=""javascript:void(0);"" target=""_blank""></a>
    </div>",(912) 387-4703
"<img class=""store-details__map-image"" src=""https://maps.googleapis.com/maps/api/staticmap?center=Dollar+General%2C40+3rd+Ave+W%2CEton+GA+30724&amp;zoom=15&amp;size=730x600&amp;markers=icon%3Ahttps%3A%2F%2Fwww.dollargeneral.com%2Fetc.clientlibs%2Fdollargeneral%2Fclientlibs%2Fclientlib-site%2Fresources%2Fimages%2Fstatic-map-pin.png%7C34.824178%2C-84.76557&amp;key=AIzaSyDi0nb6nKeHaDJWFtAvbAIPKBrUuAc_mTY&amp;signature=aLRQXJ-nv9nanYtfPurphOypgkA="" alt=""Google map showing the dropped pin on Dollar General,40 3rd Ave W,Eton GA 30724"">",40 3rd Ave W,"Eton, GA 30724","<div class=""store-details__main-travel"" data-latitude=""34.824178"" data-longitude=""-84.76557"">
        <div class=""store-details__main-distance""></div>
        <a class=""store-details__main-directions"" href=""javascript:void(0);"" target=""_blank""></a>
    </div>",(706) 623-2550
"<img class=""store-details__map-image"" src=""https://maps.googleapis.com/maps/api/staticmap?center=Dollar+General%2C915+Euharlee+Rd+Sw%2CEuharlee+GA+30120-6025&amp;zoom=15&amp;size=730x600&amp;markers=icon%3Ahttps%3A%2F%2Fwww.dollargeneral.com%2Fetc.clientlibs%2Fdollargeneral%2Fclientlibs%2Fclientlib-site%2Fresources%2Fimages%2Fstatic-map-pin.png%7C34.147288%2C-84.912772&amp;key=AIzaSyDi0nb6nKeHaDJWFtAvbAIPKBrUuAc_mTY&amp;signature=-EdHzeSaXgGMUZ9XNJifsTlpE-I="" alt=""Google map showing the dropped pin on Dollar General,915 Euharlee Rd Sw,Euharlee GA 30120-6025"">",915 Euharlee Rd Sw,"Euharlee, GA 30120-6025","<div class=""store-details__main-travel"" data-latitude=""34.147288"" data-longitude=""-84.912772"" style=""display: none;"">
        <div class=""store-details__main-distance""></div>
        <a class=""store-details__main-directions"" href=""javascript:void(0);"" target=""_blank""></a>
    </div>",(470) 490-9162
"<img class=""store-details__map-image"" src=""https://maps.googleapis.com/maps/api/staticmap?center=Dollar+General%2C4388+Washington+Rd%2CEvans+GA+30809-3938&amp;zoom=15&amp;size=730x600&amp;markers=icon%3Ahttps%3A%2F%2Fwww.dollargeneral.com%2Fetc.clientlibs%2Fdollargeneral%2Fclientlibs%2Fclientlib-site%2Fresources%2Fimages%2Fstatic-map-pin.png%7C33.54102%2C-82.134778&amp;key=AIzaSyDi0nb6nKeHaDJWFtAvbAIPKBrUuAc_mTY&amp;signature=179KMURHgR5J7uosJBMLQ3xhgvc="" alt=""Google map showing the dropped pin on Dollar General,4388 Washington Rd,Evans GA 30809-3938"">",4388 Washington Rd,"Evans, GA 30809-3938","<div class=""store-details__main-travel"" data-latitude=""33.54102"" data-longitude=""-82.134778"">
        <div class=""store-details__main-distance""></div>
        <a class=""store-details__main-directions"" href=""javascript:void(0);"" target=""_blank""></a>
    </div>",(706) 854-7201
"<img class=""store-details__map-image"" src=""https://maps.googleapis.com/maps/api/staticmap?center=Dollar+General%2C3565+Jonesboro+Rd%2CFairburn+GA+30213&amp;zoom=15&amp;size=730x600&amp;markers=icon%3Ahttps%3A%2F%2Fwww.dollargeneral.com%2Fetc.clientlibs%2Fdollargeneral%2Fclientlibs%2Fclientlib-site%2Fresources%2Fimages%2Fstatic-map-pin.png%7C33.5582%2C-84.5043&amp;key=AIzaSyDi0nb6nKeHaDJWFtAvbAIPKBrUuAc_mTY&amp;signature=HSJt2vHQjyDVY86emtNO055gKGI="" alt=""Google map showing the dropped pin on Dollar General,3565 Jonesboro Rd,Fairburn GA 30213"">",3565 Jonesboro Rd,"Fairburn, GA 30213","<div class=""store-details__main-travel"" data-latitude=""33.5582"" data-longitude=""-84.5043"" style=""display: none;"">
        <div class=""store-details__main-distance""></div>
        <a class=""store-details__main-directions"" href=""javascript:void(0);"" target=""_blank""></a>
    </div>",(470) 491-2011
"<img class=""store-details__map-image"" src=""https://maps.googleapis.com/maps/api/staticmap?center=Dollar+General%2C2255+Us+Hwy+411+Se%2CFairmount+GA+30139-2911&amp;zoom=15&amp;size=730x600&amp;markers=icon%3Ahttps%3A%2F%2Fwww.dollargeneral.com%2Fetc.clientlibs%2Fdollargeneral%2Fclientlibs%2Fclientlib-site%2Fresources%2Fimages%2Fstatic-map-pin.png%7C34.4459%2C-84.7018&amp;key=AIzaSyDi0nb6nKeHaDJWFtAvbAIPKBrUuAc_mTY&amp;signature=9hMzQ4gVCTPmpYqmoIejMSOLoSw="" alt=""Google map showing the dropped pin on Dollar General,2255 Us Hwy 411 Se,Fairmount GA 30139-2911"">",2255 Us Hwy 411 Se,"Fairmount, GA 30139-2911","<div class=""store-details__main-travel"" data-latitude=""34.4459"" data-longitude=""-84.7018"">
        <div class=""store-details__main-distance""></div>
        <a class=""store-details__main-directions"" href=""javascript:void(0);"" target=""_blank""></a>
    </div>",(706) 445-1251
"<img class=""store-details__map-image"" src=""https://maps.googleapis.com/maps/api/staticmap?center=Dollar+General%2C31+Ga+Highway+94%2CFargo+GA+31631&amp;zoom=15&amp;size=730x600&amp;markers=icon%3Ahttps%3A%2F%2Fwww.dollargeneral.com%2Fetc.clientlibs%2Fdollargeneral%2Fclientlibs%2Fclientlib-site%2Fresources%2Fimages%2Fstatic-map-pin.png%7C30.6848%2C-82.5622&amp;key=AIzaSyDi0nb6nKeHaDJWFtAvbAIPKBrUuAc_mTY&amp;signature=TNHD-SFaI3316zuA-0-qQwJWEiw="" alt=""Google map showing the dropped pin on Dollar General,31 Ga Highway 94,Fargo GA 31631"">",31 Ga Highway 94,"Fargo, GA 31631","<div class=""store-details__main-travel"" data-latitude=""30.6848"" data-longitude=""-82.5622"">
        <div class=""store-details__main-distance""></div>
        <a class=""store-details__main-directions"" href=""javascript:void(0);"" target=""_blank""></a>
    </div>",(912) 358-2912
"<img class=""store-details__map-image"" src=""https://maps.googleapis.com/maps/api/staticmap?center=Dollar+General%2C1437+Highway+92+N%2CFayetteville+GA+30214&amp;zoom=15&amp;size=730x600&amp;markers=icon%3Ahttps%3A%2F%2Fwww.dollargeneral.com%2Fetc.clientlibs%2Fdollargeneral%2Fclientlibs%2Fclientlib-site%2Fresources%2Fimages%2Fstatic-map-pin.png%7C33.5226%2C-84.5017&amp;key=AIzaSyDi0nb6nKeHaDJWFtAvbAIPKBrUuAc_mTY&amp;signature=KXuP_6SSYyxveeI7_JObroUh6f8="" alt=""Google map showing the dropped pin on Dollar General,1437 Highway 92 N,Fayetteville GA 30214"">",1437 Highway 92 N,"Fayetteville, GA 30214","<div class=""store-details__main-travel"" data-latitude=""33.5226"" data-longitude=""-84.5017"">
        <div class=""store-details__main-distance""></div>
        <a class=""store-details__main-directions"" href=""javascript:void(0);"" target=""_blank""></a>
    </div>",(470) 615-6055
"<img class=""store-details__map-image"" src=""https://maps.googleapis.com/maps/api/staticmap?center=Dollar+General%2C170+Banks+Rd%2CFayetteville+GA+30214-1319&amp;zoom=15&amp;size=730x600&amp;markers=icon%3Ahttps%3A%2F%2Fwww.dollargeneral.com%2Fetc.clientlibs%2Fdollargeneral%2Fclientlibs%2Fclientlib-site%2Fresources%2Fimages%2Fstatic-map-pin.png%7C33.46877%2C-84.444515&amp;key=AIzaSyDi0nb6nKeHaDJWFtAvbAIPKBrUuAc_mTY&amp;signature=K9UVTtbwRU2NxDRrkUQi0FRT_Fc="" alt=""Google map showing the dropped pin on Dollar General,170 Banks Rd,Fayetteville GA 30214-1319"">",170 Banks Rd,"Fayetteville, GA 30214-1319","<div class=""store-details__main-travel"" data-latitude=""33.46877"" data-longitude=""-84.444515"" style=""display: none;"">
        <div class=""store-details__main-distance""></div>
        <a class=""store-details__main-directions"" href=""javascript:void(0);"" target=""_blank""></a>
    </div>",(470) 615-0137
"<img class=""store-details__map-image"" src=""https://maps.googleapis.com/maps/api/staticmap?center=Dollar+General%2C140+Weatherly+Dr%2CFayetteville+GA+30214&amp;zoom=15&amp;size=730x600&amp;markers=icon%3Ahttps%3A%2F%2Fwww.dollargeneral.com%2Fetc.clientlibs%2Fdollargeneral%2Fclientlibs%2Fclientlib-site%2Fresources%2Fimages%2Fstatic-map-pin.png%7C33.4512%2C-84.4354&amp;key=AIzaSyDi0nb6nKeHaDJWFtAvbAIPKBrUuAc_mTY&amp;signature=s38myiDwjZMegO-6yYIHyj-vWDg="" alt=""Google map showing the dropped pin on Dollar General,140 Weatherly Dr,Fayetteville GA 30214"">",140 Weatherly Dr,"Fayetteville, GA 30214","<div class=""store-details__main-travel"" data-latitude=""33.4512"" data-longitude=""-84.4354"">
        <div class=""store-details__main-distance""></div>
        <a class=""store-details__main-directions"" href=""javascript:void(0);"" target=""_blank""></a>
    </div>",(470) 588-9825
"<img class=""store-details__map-image"" src=""https://maps.googleapis.com/maps/api/staticmap?center=Dollar+General%2C406+N+Merrimac+Dr%2CFitzgerald+GA+31750-1907&amp;zoom=15&amp;size=730x600&amp;markers=icon%3Ahttps%3A%2F%2Fwww.dollargeneral.com%2Fetc.clientlibs%2Fdollargeneral%2Fclientlibs%2Fclientlib-site%2Fresources%2Fimages%2Fstatic-map-pin.png%7C31.71813%2C-83.26528&amp;key=AIzaSyDi0nb6nKeHaDJWFtAvbAIPKBrUuAc_mTY&amp;signature=nvjWR0gNCiZoG6MnLOalasGCXa0="" alt=""Google map showing the dropped pin on Dollar General,406 N Merrimac Dr,Fitzgerald GA 31750-1907"">",406 N Merrimac Dr,"Fitzgerald, GA 31750-1907","<div class=""store-details__main-travel"" data-latitude=""31.71813"" data-longitude=""-83.26528"">
        <div class=""store-details__main-distance""></div>
        <a class=""store-details__main-directions"" href=""javascript:void(0);"" target=""_blank""></a>
    </div>",(229) 635-4469
"<img class=""store-details__map-image"" src=""https://maps.googleapis.com/maps/api/staticmap?center=Dollar+General%2C363+Dewey+Mcglamry+Road%2CFitzgerald+GA+31750-8114&amp;zoom=15&amp;size=730x600&amp;markers=icon%3Ahttps%3A%2F%2Fwww.dollargeneral.com%2Fetc.clientlibs%2Fdollargeneral%2Fclientlibs%2Fclientlib-site%2Fresources%2Fimages%2Fstatic-map-pin.png%7C31.745356%2C-83.260309&amp;key=AIzaSyDi0nb6nKeHaDJWFtAvbAIPKBrUuAc_mTY&amp;signature=cfnK5CzGDwxHFPooCnOYUHPBfz8="" alt=""Google map showing the dropped pin on Dollar General,363 Dewey Mcglamry Road,Fitzgerald GA 31750-8114"">",363 Dewey Mcglamry Road,"Fitzgerald, GA 31750-8114","<div class=""store-details__main-travel"" data-latitude=""31.745356"" data-longitude=""-83.260309"">
        <div class=""store-details__main-distance""></div>
        <a class=""store-details__main-directions"" href=""javascript:void(0);"" target=""_blank""></a>
    </div>",(478) 200-5557
"<img class=""store-details__map-image"" src=""https://maps.googleapis.com/maps/api/staticmap?center=Dollar+General%2C708+S+Grant+St%2CFitzgerald+GA+31750-3788&amp;zoom=15&amp;size=730x600&amp;markers=icon%3Ahttps%3A%2F%2Fwww.dollargeneral.com%2Fetc.clientlibs%2Fdollargeneral%2Fclientlibs%2Fclientlib-site%2Fresources%2Fimages%2Fstatic-map-pin.png%7C31.707207%2C-83.252485&amp;key=AIzaSyDi0nb6nKeHaDJWFtAvbAIPKBrUuAc_mTY&amp;signature=9uRyUd76Yp0OE4P0yTZLJiLBXUk="" alt=""Google map showing the dropped pin on Dollar General,708 S Grant St,Fitzgerald GA 31750-3788"">",708 S Grant St,"Fitzgerald, GA 31750-3788","<div class=""store-details__main-travel"" data-latitude=""31.707207"" data-longitude=""-83.252485"" style=""display: none;"">
        <div class=""store-details__main-distance""></div>
        <a class=""store-details__main-directions"" href=""javascript:void(0);"" target=""_blank""></a>
    </div>",(478) 721-4450
"<img class=""store-details__map-image"" src=""https://maps.googleapis.com/maps/api/staticmap?center=Dollar+General%2C3300+N+Coastal+Hwy%2CFleming+GA+31309&amp;zoom=15&amp;size=730x600&amp;markers=icon%3Ahttps%3A%2F%2Fwww.dollargeneral.com%2Fetc.clientlibs%2Fdollargeneral%2Fclientlibs%2Fclientlib-site%2Fresources%2Fimages%2Fstatic-map-pin.png%7C31.8421%2C-81.412&amp;key=AIzaSyDi0nb6nKeHaDJWFtAvbAIPKBrUuAc_mTY&amp;signature=VNj-71Oox1Krhh8GsHEZKGc5JPg="" alt=""Google map showing the dropped pin on Dollar General,3300 N Coastal Hwy,Fleming GA 31309"">",3300 N Coastal Hwy,"Fleming, GA 31309","<div class=""store-details__main-travel"" data-latitude=""31.8421"" data-longitude=""-81.412"">
        <div class=""store-details__main-distance""></div>
        <a class=""store-details__main-directions"" href=""javascript:void(0);"" target=""_blank""></a>
    </div>",(912) 330-1462
"<img class=""store-details__map-image"" src=""https://maps.googleapis.com/maps/api/staticmap?center=Dollar+General%2C4120+Chattanooga+Valley+R%2CFlintstone+GA+30725-2384&amp;zoom=15&amp;size=730x600&amp;markers=icon%3Ahttps%3A%2F%2Fwww.dollargeneral.com%2Fetc.clientlibs%2Fdollargeneral%2Fclientlibs%2Fclientlib-site%2Fresources%2Fimages%2Fstatic-map-pin.png%7C34.9249%2C-85.3491&amp;key=AIzaSyDi0nb6nKeHaDJWFtAvbAIPKBrUuAc_mTY&amp;signature=4cFaotMUhppDmS2pgNdTWQdugnM="" alt=""Google map showing the dropped pin on Dollar General,4120 Chattanooga Valley R,Flintstone GA 30725-2384"">",4120 Chattanooga Valley R,"Flintstone, GA 30725-2384","<div class=""store-details__main-travel"" data-latitude=""34.9249"" data-longitude=""-85.3491"">
        <div class=""store-details__main-distance""></div>
        <a class=""store-details__main-directions"" href=""javascript:void(0);"" target=""_blank""></a>
    </div>",(762) 887-4012
"<img class=""store-details__map-image"" src=""https://maps.googleapis.com/maps/api/staticmap?center=Dollar+General%2C123+Highway+87+South%2CFlovilla+GA+30216&amp;zoom=15&amp;size=730x600&amp;markers=icon%3Ahttps%3A%2F%2Fwww.dollargeneral.com%2Fetc.clientlibs%2Fdollargeneral%2Fclientlibs%2Fclientlib-site%2Fresources%2Fimages%2Fstatic-map-pin.png%7C33.264403%2C-83.908091&amp;key=AIzaSyDi0nb6nKeHaDJWFtAvbAIPKBrUuAc_mTY&amp;signature=vmk2BcH29jey8QYHeJWwBDEuwMk="" alt=""Google map showing the dropped pin on Dollar General,123 Highway 87 South,Flovilla GA 30216"">",123 Highway 87 South,"Flovilla, GA 30216","<div class=""store-details__main-travel"" data-latitude=""33.264403"" data-longitude=""-83.908091"">
        <div class=""store-details__main-distance""></div>
        <a class=""store-details__main-directions"" href=""javascript:void(0);"" target=""_blank""></a>
    </div>",(470) 928-2022
"<img class=""store-details__map-image"" src=""https://maps.googleapis.com/maps/api/staticmap?center=Dollar+General%2C3572+Atlanta+Hwy%2CFlowery+Branch+GA+30542-2921&amp;zoom=15&amp;size=730x600&amp;markers=icon%3Ahttps%3A%2F%2Fwww.dollargeneral.com%2Fetc.clientlibs%2Fdollargeneral%2Fclientlibs%2Fclientlib-site%2Fresources%2Fimages%2Fstatic-map-pin.png%7C34.2159%2C-83.8725&amp;key=AIzaSyDi0nb6nKeHaDJWFtAvbAIPKBrUuAc_mTY&amp;signature=nd783TIULVesDWp20t4TEzBvbFY="" alt=""Google map showing the dropped pin on Dollar General,3572 Atlanta Hwy,Flowery Branch GA 30542-2921"">",3572 Atlanta Hwy,"Flowery Branch, GA 30542-2921","<div class=""store-details__main-travel"" data-latitude=""34.2159"" data-longitude=""-83.8725"" style=""display: none;"">
        <div class=""store-details__main-distance""></div>
        <a class=""store-details__main-directions"" href=""javascript:void(0);"" target=""_blank""></a>
    </div>",(470) 458-1125
"<img class=""store-details__map-image"" src=""https://maps.googleapis.com/maps/api/staticmap?center=Dollar+General%2C5611+Atlanta+Hwy%2CFlowery+Branch+GA+30542-3963&amp;zoom=15&amp;size=730x600&amp;markers=icon%3Ahttps%3A%2F%2Fwww.dollargeneral.com%2Fetc.clientlibs%2Fdollargeneral%2Fclientlibs%2Fclientlib-site%2Fresources%2Fimages%2Fstatic-map-pin.png%7C34.1774%2C-83.9301&amp;key=AIzaSyDi0nb6nKeHaDJWFtAvbAIPKBrUuAc_mTY&amp;signature=bHriCZXocjNfRUJPSQsyOnodznY="" alt=""Google map showing the dropped pin on Dollar General,5611 Atlanta Hwy,Flowery Branch GA 30542-3963"">",5611 Atlanta Hwy,"Flowery Branch, GA 30542-3963","<div class=""store-details__main-travel"" data-latitude=""34.1774"" data-longitude=""-83.9301"">
        <div class=""store-details__main-distance""></div>
        <a class=""store-details__main-directions"" href=""javascript:void(0);"" target=""_blank""></a>
    </div>",(470) 458-1050
"<img class=""store-details__map-image"" src=""https://maps.googleapis.com/maps/api/staticmap?center=Dollar+General%2C3731+Second+St.+S%2CFolkston+GA+31537&amp;zoom=15&amp;size=730x600&amp;markers=icon%3Ahttps%3A%2F%2Fwww.dollargeneral.com%2Fetc.clientlibs%2Fdollargeneral%2Fclientlibs%2Fclientlib-site%2Fresources%2Fimages%2Fstatic-map-pin.png%7C30.82582%2C-82.00451&amp;key=AIzaSyDi0nb6nKeHaDJWFtAvbAIPKBrUuAc_mTY&amp;signature=jd5uzq4PiW-7J1q1sinY_XaIZLY="" alt=""Google map showing the dropped pin on Dollar General,3731 Second St. S,Folkston GA 31537"">",3731 Second St. S,"Folkston, GA 31537","<div class=""store-details__main-travel"" data-latitude=""30.82582"" data-longitude=""-82.00451"">
        <div class=""store-details__main-distance""></div>
        <a class=""store-details__main-directions"" href=""javascript:void(0);"" target=""_blank""></a>
    </div>",(912) 387-4218
"<img class=""store-details__map-image"" src=""https://maps.googleapis.com/maps/api/staticmap?center=Dollar+General%2C4783+Second+St+N%2CFolkston+GA+31537-8503&amp;zoom=15&amp;size=730x600&amp;markers=icon%3Ahttps%3A%2F%2Fwww.dollargeneral.com%2Fetc.clientlibs%2Fdollargeneral%2Fclientlibs%2Fclientlib-site%2Fresources%2Fimages%2Fstatic-map-pin.png%7C30.8407%2C-82.0073&amp;key=AIzaSyDi0nb6nKeHaDJWFtAvbAIPKBrUuAc_mTY&amp;signature=lEUygABi4J85W_j12SNYcHYZbGY="" alt=""Google map showing the dropped pin on Dollar General,4783 Second St N,Folkston GA 31537-8503"">",4783 Second St N,"Folkston, GA 31537-8503","<div class=""store-details__main-travel"" data-latitude=""30.8407"" data-longitude=""-82.0073"">
        <div class=""store-details__main-distance""></div>
        <a class=""store-details__main-directions"" href=""javascript:void(0);"" target=""_blank""></a>
    </div>",(912) 387-4535
"<img class=""store-details__map-image"" src=""https://maps.googleapis.com/maps/api/staticmap?center=Dollar+General%2C4423+Jonesboro+Rd%2CForest+Park+GA+30297-3540&amp;zoom=15&amp;size=730x600&amp;markers=icon%3Ahttps%3A%2F%2Fwww.dollargeneral.com%2Fetc.clientlibs%2Fdollargeneral%2Fclientlibs%2Fclientlib-site%2Fresources%2Fimages%2Fstatic-map-pin.png%7C33.6338%2C-84.3589&amp;key=AIzaSyDi0nb6nKeHaDJWFtAvbAIPKBrUuAc_mTY&amp;signature=BSghhTr9hnxUKcMZmMZ8t5zJ4Ao="" alt=""Google map showing the dropped pin on Dollar General,4423 Jonesboro Rd,Forest Park GA 30297-3540"">",4423 Jonesboro Rd,"Forest Park, GA 30297-3540","<div class=""store-details__main-travel"" data-latitude=""33.6338"" data-longitude=""-84.3589"" style=""display: none;"">
        <div class=""store-details__main-distance""></div>
        <a class=""store-details__main-directions"" href=""javascript:void(0);"" target=""_blank""></a>
    </div>",(470) 391-0872
"<img class=""store-details__map-image"" src=""https://maps.googleapis.com/maps/api/staticmap?center=Dollar+General%2C130+E+Main+St%2CForsyth+GA+31029-1946&amp;zoom=15&amp;size=730x600&amp;markers=icon%3Ahttps%3A%2F%2Fwww.dollargeneral.com%2Fetc.clientlibs%2Fdollargeneral%2Fclientlibs%2Fclientlib-site%2Fresources%2Fimages%2Fstatic-map-pin.png%7C33.0341%2C-83.9348&amp;key=AIzaSyDi0nb6nKeHaDJWFtAvbAIPKBrUuAc_mTY&amp;signature=CVckEN1Iu1DDJYqiykwcicDxD0g="" alt=""Google map showing the dropped pin on Dollar General,130 E Main St,Forsyth GA 31029-1946"">",130 E Main St,"Forsyth, GA 31029-1946","<div class=""store-details__main-travel"" data-latitude=""33.0341"" data-longitude=""-83.9348"">
        <div class=""store-details__main-distance""></div>
        <a class=""store-details__main-directions"" href=""javascript:void(0);"" target=""_blank""></a>
    </div>",(478) 974-5313
"<img class=""store-details__map-image"" src=""https://maps.googleapis.com/maps/api/staticmap?center=Dollar+General%2C804+Eufaula+Highway%2CFort+Gaines+GA+39851&amp;zoom=15&amp;size=730x600&amp;markers=icon%3Ahttps%3A%2F%2Fwww.dollargeneral.com%2Fetc.clientlibs%2Fdollargeneral%2Fclientlibs%2Fclientlib-site%2Fresources%2Fimages%2Fstatic-map-pin.png%7C31.61798%2C-85.04575&amp;key=AIzaSyDi0nb6nKeHaDJWFtAvbAIPKBrUuAc_mTY&amp;signature=G0epOaZhk5cyEzGrj3s_RS04Pwc="" alt=""Google map showing the dropped pin on Dollar General,804 Eufaula Highway,Fort Gaines GA 39851"">",804 Eufaula Highway,"Fort Gaines, GA 39851","<div class=""store-details__main-travel"" data-latitude=""31.61798"" data-longitude=""-85.04575"">
        <div class=""store-details__main-distance""></div>
        <a class=""store-details__main-directions"" href=""javascript:void(0);"" target=""_blank""></a>
    </div>",(706) 748-8908
"<img class=""store-details__map-image"" src=""https://maps.googleapis.com/maps/api/staticmap?center=Dollar+General%2C430+Battlefield+Pkwy%2CFort+Oglethorpe+GA+30742-3847&amp;zoom=15&amp;size=730x600&amp;markers=icon%3Ahttps%3A%2F%2Fwww.dollargeneral.com%2Fetc.clientlibs%2Fdollargeneral%2Fclientlibs%2Fclientlib-site%2Fresources%2Fimages%2Fstatic-map-pin.png%7C34.953301%2C-85.258094&amp;key=AIzaSyDi0nb6nKeHaDJWFtAvbAIPKBrUuAc_mTY&amp;signature=_GyRzN8MXjpjiy0YlzR4ovaMu0M="" alt=""Google map showing the dropped pin on Dollar General,430 Battlefield Pkwy,Fort Oglethorpe GA 30742-3847"">",430 Battlefield Pkwy,"Fort Oglethorpe, GA 30742-3847","<div class=""store-details__main-travel"" data-latitude=""34.953301"" data-longitude=""-85.258094"" style=""display: none;"">
        <div class=""store-details__main-distance""></div>
        <a class=""store-details__main-directions"" href=""javascript:void(0);"" target=""_blank""></a>
    </div>",(706) 450-9821
"<img class=""store-details__map-image"" src=""https://maps.googleapis.com/maps/api/staticmap?center=Dollar+General%2C100+North+Camelia+Blvd%2CFort+Valley+GA+31030-3078&amp;zoom=15&amp;size=730x600&amp;markers=icon%3Ahttps%3A%2F%2Fwww.dollargeneral.com%2Fetc.clientlibs%2Fdollargeneral%2Fclientlibs%2Fclientlib-site%2Fresources%2Fimages%2Fstatic-map-pin.png%7C32.554201%2C-83.885499&amp;key=AIzaSyDi0nb6nKeHaDJWFtAvbAIPKBrUuAc_mTY&amp;signature=fCI49Oxe6sOvl_5sPh0UizalQPU="" alt=""Google map showing the dropped pin on Dollar General,100 North Camelia Blvd,Fort Valley GA 31030-3078"">",100 North Camelia Blvd,"Fort Valley, GA 31030-3078","<div class=""store-details__main-travel"" data-latitude=""32.554201"" data-longitude=""-83.885499"">
        <div class=""store-details__main-distance""></div>
        <a class=""store-details__main-directions"" href=""javascript:void(0);"" target=""_blank""></a>
    </div>",(478) 721-4300
"<img class=""store-details__map-image"" src=""https://maps.googleapis.com/maps/api/staticmap?center=Dollar+General%2C25+Smyrna+Church+Rd%2CFort+Valley+GA+31030-6192&amp;zoom=15&amp;size=730x600&amp;markers=icon%3Ahttps%3A%2F%2Fwww.dollargeneral.com%2Fetc.clientlibs%2Fdollargeneral%2Fclientlibs%2Fclientlib-site%2Fresources%2Fimages%2Fstatic-map-pin.png%7C32.5463%2C-83.7289&amp;key=AIzaSyDi0nb6nKeHaDJWFtAvbAIPKBrUuAc_mTY&amp;signature=Wx9OUY5kx43FiY9KoXoVRCq5tRo="" alt=""Google map showing the dropped pin on Dollar General,25 Smyrna Church Rd,Fort Valley GA 31030-6192"">",25 Smyrna Church Rd,"Fort Valley, GA 31030-6192","<div class=""store-details__main-travel"" data-latitude=""32.5463"" data-longitude=""-83.7289"">
        <div class=""store-details__main-distance""></div>
        <a class=""store-details__main-directions"" href=""javascript:void(0);"" target=""_blank""></a>
    </div>",(478) 721-0360
"<img class=""store-details__map-image"" src=""https://maps.googleapis.com/maps/api/staticmap?center=Dollar+General%2C39+Lickskillet+Rd%2CFortson+GA+31808&amp;zoom=15&amp;size=730x600&amp;markers=icon%3Ahttps%3A%2F%2Fwww.dollargeneral.com%2Fetc.clientlibs%2Fdollargeneral%2Fclientlibs%2Fclientlib-site%2Fresources%2Fimages%2Fstatic-map-pin.png%7C32.6771%2C-85.0574&amp;key=AIzaSyDi0nb6nKeHaDJWFtAvbAIPKBrUuAc_mTY&amp;signature=EtBNMcyGAVJKJI0KdAkWeH4nXTw="" alt=""Google map showing the dropped pin on Dollar General,39 Lickskillet Rd,Fortson GA 31808"">",39 Lickskillet Rd,"Fortson, GA 31808","<div class=""store-details__main-travel"" data-latitude=""32.6771"" data-longitude=""-85.0574"">
        <div class=""store-details__main-distance""></div>
        <a class=""store-details__main-directions"" href=""javascript:void(0);"" target=""_blank""></a>
    </div>",(706) 780-6130
"<img class=""store-details__map-image"" src=""https://maps.googleapis.com/maps/api/staticmap?center=Dollar+General%2C22+Kennon+Rd%2CFortson+GA+31808-4965&amp;zoom=15&amp;size=730x600&amp;markers=icon%3Ahttps%3A%2F%2Fwww.dollargeneral.com%2Fetc.clientlibs%2Fdollargeneral%2Fclientlibs%2Fclientlib-site%2Fresources%2Fimages%2Fstatic-map-pin.png%7C32.65912%2C-84.99345&amp;key=AIzaSyDi0nb6nKeHaDJWFtAvbAIPKBrUuAc_mTY&amp;signature=yPGWgDCbz_bvefli_fCTHCEpN2o="" alt=""Google map showing the dropped pin on Dollar General,22 Kennon Rd,Fortson GA 31808-4965"">",22 Kennon Rd,"Fortson, GA 31808-4965","<div class=""store-details__main-travel"" data-latitude=""32.65912"" data-longitude=""-84.99345"" style=""display: none;"">
        <div class=""store-details__main-distance""></div>
        <a class=""store-details__main-directions"" href=""javascript:void(0);"" target=""_blank""></a>
    </div>",(706) 786-6370
"<img class=""store-details__map-image"" src=""https://maps.googleapis.com/maps/api/staticmap?center=Dollar+General%2C2040+Franklin+Pkwy%2CFranklin+GA+30217-0044&amp;zoom=15&amp;size=730x600&amp;markers=icon%3Ahttps%3A%2F%2Fwww.dollargeneral.com%2Fetc.clientlibs%2Fdollargeneral%2Fclientlibs%2Fclientlib-site%2Fresources%2Fimages%2Fstatic-map-pin.png%7C33.2788%2C-85.104&amp;key=AIzaSyDi0nb6nKeHaDJWFtAvbAIPKBrUuAc_mTY&amp;signature=BWxbVtxpTbgOPZlCGCMp_zkNZNw="" alt=""Google map showing the dropped pin on Dollar General,2040 Franklin Pkwy,Franklin GA 30217-0044"">",2040 Franklin Pkwy,"Franklin, GA 30217-0044","<div class=""store-details__main-travel"" data-latitude=""33.2788"" data-longitude=""-85.104"">
        <div class=""store-details__main-distance""></div>
        <a class=""store-details__main-directions"" href=""javascript:void(0);"" target=""_blank""></a>
    </div>",(762) 289-0015
"<img class=""store-details__map-image"" src=""https://maps.googleapis.com/maps/api/staticmap?center=Dollar+General%2C1605+Joe+Cook+Rd%2CFranklin+GA+30217&amp;zoom=15&amp;size=730x600&amp;markers=icon%3Ahttps%3A%2F%2Fwww.dollargeneral.com%2Fetc.clientlibs%2Fdollargeneral%2Fclientlibs%2Fclientlib-site%2Fresources%2Fimages%2Fstatic-map-pin.png%7C33.3817%2C-85.1096&amp;key=AIzaSyDi0nb6nKeHaDJWFtAvbAIPKBrUuAc_mTY&amp;signature=Qki_ocJHO08UIMAzIOde7jdqAEU="" alt=""Google map showing the dropped pin on Dollar General,1605 Joe Cook Rd,Franklin GA 30217"">",1605 Joe Cook Rd,"Franklin, GA 30217","<div class=""store-details__main-travel"" data-latitude=""33.3817"" data-longitude=""-85.1096"">
        <div class=""store-details__main-distance""></div>
        <a class=""store-details__main-directions"" href=""javascript:void(0);"" target=""_blank""></a>
    </div>",(706) 948-3830
"<img class=""store-details__map-image"" src=""https://maps.googleapis.com/maps/api/staticmap?center=Dollar+General%2C4450+Dawsonville+Hwy%2CGainesville+GA+30506-3818&amp;zoom=15&amp;size=730x600&amp;markers=icon%3Ahttps%3A%2F%2Fwww.dollargeneral.com%2Fetc.clientlibs%2Fdollargeneral%2Fclientlibs%2Fclientlib-site%2Fresources%2Fimages%2Fstatic-map-pin.png%7C34.308708%2C-83.963245&amp;key=AIzaSyDi0nb6nKeHaDJWFtAvbAIPKBrUuAc_mTY&amp;signature=wc8vRjrmndc7uEwMFlMn0APVihw="" alt=""Google map showing the dropped pin on Dollar General,4450 Dawsonville Hwy,Gainesville GA 30506-3818"">",4450 Dawsonville Hwy,"Gainesville, GA 30506-3818","<div class=""store-details__main-travel"" data-latitude=""34.308708"" data-longitude=""-83.963245"">
        <div class=""store-details__main-distance""></div>
        <a class=""store-details__main-directions"" href=""javascript:void(0);"" target=""_blank""></a>
    </div>",(470) 354-3090
"<img class=""store-details__map-image"" src=""https://maps.googleapis.com/maps/api/staticmap?center=Dollar+General%2C2642+Gillsville+Hwy%2CGainesville+GA+30507-7939&amp;zoom=15&amp;size=730x600&amp;markers=icon%3Ahttps%3A%2F%2Fwww.dollargeneral.com%2Fetc.clientlibs%2Fdollargeneral%2Fclientlibs%2Fclientlib-site%2Fresources%2Fimages%2Fstatic-map-pin.png%7C34.260801%2C-83.757005&amp;key=AIzaSyDi0nb6nKeHaDJWFtAvbAIPKBrUuAc_mTY&amp;signature=nTJtVuGvUdswNxh888Oc9W3BqLo="" alt=""Google map showing the dropped pin on Dollar General,2642 Gillsville Hwy,Gainesville GA 30507-7939"">",2642 Gillsville Hwy,"Gainesville, GA 30507-7939","<div class=""store-details__main-travel"" data-latitude=""34.260801"" data-longitude=""-83.757005"" style=""display: none;"">
        <div class=""store-details__main-distance""></div>
        <a class=""store-details__main-directions"" href=""javascript:void(0);"" target=""_blank""></a>
    </div>",(470) 354-3340
"<img class=""store-details__map-image"" src=""https://maps.googleapis.com/maps/api/staticmap?center=Dollar+General%2C2470+Limestone+Pkwy+Ne%2CGainesville+GA+30501-0917&amp;zoom=15&amp;size=730x600&amp;markers=icon%3Ahttps%3A%2F%2Fwww.dollargeneral.com%2Fetc.clientlibs%2Fdollargeneral%2Fclientlibs%2Fclientlib-site%2Fresources%2Fimages%2Fstatic-map-pin.png%7C34.3315%2C-83.8077&amp;key=AIzaSyDi0nb6nKeHaDJWFtAvbAIPKBrUuAc_mTY&amp;signature=hAnuCaWTWnT5oo7ttyW9plgjjJk="" alt=""Google map showing the dropped pin on Dollar General,2470 Limestone Pkwy Ne,Gainesville GA 30501-0917"">",2470 Limestone Pkwy Ne,"Gainesville, GA 30501-0917","<div class=""store-details__main-travel"" data-latitude=""34.3315"" data-longitude=""-83.8077"">
        <div class=""store-details__main-distance""></div>
        <a class=""store-details__main-directions"" href=""javascript:void(0);"" target=""_blank""></a>
    </div>",(470) 354-3292
"<img class=""store-details__map-image"" src=""https://maps.googleapis.com/maps/api/staticmap?center=Dollar+General%2C4604+Old+Cool+Springs+Rd%2CGainesville+GA+30506&amp;zoom=15&amp;size=730x600&amp;markers=icon%3Ahttps%3A%2F%2Fwww.dollargeneral.com%2Fetc.clientlibs%2Fdollargeneral%2Fclientlibs%2Fclientlib-site%2Fresources%2Fimages%2Fstatic-map-pin.png%7C34.38794%2C-83.92093&amp;key=AIzaSyDi0nb6nKeHaDJWFtAvbAIPKBrUuAc_mTY&amp;signature=l0QejwWYTBvqrTyqcOEwvUJcq54="" alt=""Google map showing the dropped pin on Dollar General,4604 Old Cool Springs Rd,Gainesville GA 30506"">",4604 Old Cool Springs Rd,"Gainesville, GA 30506","<div class=""store-details__main-travel"" data-latitude=""34.38794"" data-longitude=""-83.92093"">
        <div class=""store-details__main-distance""></div>
        <a class=""store-details__main-directions"" href=""javascript:void(0);"" target=""_blank""></a>
    </div>",(470) 681-3430
"<img class=""store-details__map-image"" src=""https://maps.googleapis.com/maps/api/staticmap?center=Dollar+General%2C8315+Browns+Bridge+Road%2CGainesville+GA+30506-4022&amp;zoom=15&amp;size=730x600&amp;markers=icon%3Ahttps%3A%2F%2Fwww.dollargeneral.com%2Fetc.clientlibs%2Fdollargeneral%2Fclientlibs%2Fclientlib-site%2Fresources%2Fimages%2Fstatic-map-pin.png%7C34.250782%2C-83.98056&amp;key=AIzaSyDi0nb6nKeHaDJWFtAvbAIPKBrUuAc_mTY&amp;signature=gmuYrItNBJoe6GnxL9WEV2WbEz4="" alt=""Google map showing the dropped pin on Dollar General,8315 Browns Bridge Road,Gainesville GA 30506-4022"">",8315 Browns Bridge Road,"Gainesville, GA 30506-4022","<div class=""store-details__main-travel"" data-latitude=""34.250782"" data-longitude=""-83.98056"">
        <div class=""store-details__main-distance""></div>
        <a class=""store-details__main-directions"" href=""javascript:void(0);"" target=""_blank""></a>
    </div>",(470) 208-1455
"<img class=""store-details__map-image"" src=""https://maps.googleapis.com/maps/api/staticmap?center=Dollar+General%2C2646+Candler+Rd%2CGainesville+GA+30507-8961&amp;zoom=15&amp;size=730x600&amp;markers=icon%3Ahttps%3A%2F%2Fwww.dollargeneral.com%2Fetc.clientlibs%2Fdollargeneral%2Fclientlibs%2Fclientlib-site%2Fresources%2Fimages%2Fstatic-map-pin.png%7C34.211387%2C-83.782576&amp;key=AIzaSyDi0nb6nKeHaDJWFtAvbAIPKBrUuAc_mTY&amp;signature=83LORlgUcqVmWKm74kzEwwGPMUc="" alt=""Google map showing the dropped pin on Dollar General,2646 Candler Rd,Gainesville GA 30507-8961"">",2646 Candler Rd,"Gainesville, GA 30507-8961","<div class=""store-details__main-travel"" data-latitude=""34.211387"" data-longitude=""-83.782576"">
        <div class=""store-details__main-distance""></div>
        <a class=""store-details__main-directions"" href=""javascript:void(0);"" target=""_blank""></a>
    </div>",(678) 696-7776
"<img class=""store-details__map-image"" src=""https://maps.googleapis.com/maps/api/staticmap?center=Dollar+General%2C2275+Browns+Bridge+Rd%2CGainesville+GA+30501-4733&amp;zoom=15&amp;size=730x600&amp;markers=icon%3Ahttps%3A%2F%2Fwww.dollargeneral.com%2Fetc.clientlibs%2Fdollargeneral%2Fclientlibs%2Fclientlib-site%2Fresources%2Fimages%2Fstatic-map-pin.png%7C34.2792%2C-83.8526&amp;key=AIzaSyDi0nb6nKeHaDJWFtAvbAIPKBrUuAc_mTY&amp;signature=SQlFZ3ek3zrrLt1BLA6l7OVYSR0="" alt=""Google map showing the dropped pin on Dollar General,2275 Browns Bridge Rd,Gainesville GA 30501-4733"">",2275 Browns Bridge Rd,"Gainesville, GA 30501-4733","<div class=""store-details__main-travel"" data-latitude=""34.2792"" data-longitude=""-83.8526"" style=""display: none;"">
        <div class=""store-details__main-distance""></div>
        <a class=""store-details__main-directions"" href=""javascript:void(0);"" target=""_blank""></a>
    </div>",(470) 354-3790
"<img class=""store-details__map-image"" src=""https://maps.googleapis.com/maps/api/staticmap?center=Dollar+General%2C2208+Lenox+Dr%2CGainesville+GA+30507-1702&amp;zoom=15&amp;size=730x600&amp;markers=icon%3Ahttps%3A%2F%2Fwww.dollargeneral.com%2Fetc.clientlibs%2Fdollargeneral%2Fclientlibs%2Fclientlib-site%2Fresources%2Fimages%2Fstatic-map-pin.png%7C34.2809%2C-83.785&amp;key=AIzaSyDi0nb6nKeHaDJWFtAvbAIPKBrUuAc_mTY&amp;signature=GBBsGIAEYaOA4mnMR_RHPCnE21Y="" alt=""Google map showing the dropped pin on Dollar General,2208 Lenox Dr,Gainesville GA 30507-1702"">",2208 Lenox Dr,"Gainesville, GA 30507-1702","<div class=""store-details__main-travel"" data-latitude=""34.2809"" data-longitude=""-83.785"">
        <div class=""store-details__main-distance""></div>
        <a class=""store-details__main-directions"" href=""javascript:void(0);"" target=""_blank""></a>
    </div>",(678) 696-7600
"<img class=""store-details__map-image"" src=""https://maps.googleapis.com/maps/api/staticmap?center=Dollar+General%2C6765+Browns+Bridge+Rd%2CGainesville+GA+30506&amp;zoom=15&amp;size=730x600&amp;markers=icon%3Ahttps%3A%2F%2Fwww.dollargeneral.com%2Fetc.clientlibs%2Fdollargeneral%2Fclientlibs%2Fclientlib-site%2Fresources%2Fimages%2Fstatic-map-pin.png%7C34.24682%2C-84.02011&amp;key=AIzaSyDi0nb6nKeHaDJWFtAvbAIPKBrUuAc_mTY&amp;signature=DhB4MDepUeIrrebAAJHY21xfv90="" alt=""Google map showing the dropped pin on Dollar General,6765 Browns Bridge Rd,Gainesville GA 30506"">",6765 Browns Bridge Rd,"Gainesville, GA 30506","<div class=""store-details__main-travel"" data-latitude=""34.24682"" data-longitude=""-84.02011"">
        <div class=""store-details__main-distance""></div>
        <a class=""store-details__main-directions"" href=""javascript:void(0);"" target=""_blank""></a>
    </div>",(470) 691-2730
"<img class=""store-details__map-image"" src=""https://maps.googleapis.com/maps/api/staticmap?center=Dollar+General%2C1210+Thompson+Bridge+Rd%2CGainesville+GA+30501-1779&amp;zoom=15&amp;size=730x600&amp;markers=icon%3Ahttps%3A%2F%2Fwww.dollargeneral.com%2Fetc.clientlibs%2Fdollargeneral%2Fclientlibs%2Fclientlib-site%2Fresources%2Fimages%2Fstatic-map-pin.png%7C34.3176%2C-83.8302&amp;key=AIzaSyDi0nb6nKeHaDJWFtAvbAIPKBrUuAc_mTY&amp;signature=a4aspzn49oHZJQRqAlpJqVnyjrw="" alt=""Google map showing the dropped pin on Dollar General,1210 Thompson Bridge Rd,Gainesville GA 30501-1779"">",1210 Thompson Bridge Rd,"Gainesville, GA 30501-1779","<div class=""store-details__main-travel"" data-latitude=""34.3176"" data-longitude=""-83.8302"">
        <div class=""store-details__main-distance""></div>
        <a class=""store-details__main-directions"" href=""javascript:void(0);"" target=""_blank""></a>
    </div>",(470) 691-2212
"<img class=""store-details__map-image"" src=""https://maps.googleapis.com/maps/api/staticmap?center=Dollar+General%2C2610+Us+Highway+80+W%2CGarden+City+GA+31408-2915&amp;zoom=15&amp;size=730x600&amp;markers=icon%3Ahttps%3A%2F%2Fwww.dollargeneral.com%2Fetc.clientlibs%2Fdollargeneral%2Fclientlibs%2Fclientlib-site%2Fresources%2Fimages%2Fstatic-map-pin.png%7C32.089%2C-81.1784&amp;key=AIzaSyDi0nb6nKeHaDJWFtAvbAIPKBrUuAc_mTY&amp;signature=50eXRj2J2IlJM5NKZWk_GO1Akzs="" alt=""Google map showing the dropped pin on Dollar General,2610 Us Highway 80 W,Garden City GA 31408-2915"">",2610 Us Highway 80 W,"Garden City, GA 31408-2915","<div class=""store-details__main-travel"" data-latitude=""32.089"" data-longitude=""-81.1784"" style=""display: none;"">
        <div class=""store-details__main-distance""></div>
        <a class=""store-details__main-directions"" href=""javascript:void(0);"" target=""_blank""></a>
    </div>",(912) 328-1350
"<img class=""store-details__map-image"" src=""https://maps.googleapis.com/maps/api/staticmap?center=Dollar+General%2C5216+Augusta+Rd%2CGarden+City+GA+31408-1606&amp;zoom=15&amp;size=730x600&amp;markers=icon%3Ahttps%3A%2F%2Fwww.dollargeneral.com%2Fetc.clientlibs%2Fdollargeneral%2Fclientlibs%2Fclientlib-site%2Fresources%2Fimages%2Fstatic-map-pin.png%7C32.118559%2C-81.165558&amp;key=AIzaSyDi0nb6nKeHaDJWFtAvbAIPKBrUuAc_mTY&amp;signature=y6B0DKd047-0YNCRhhjnF7t6HI0="" alt=""Google map showing the dropped pin on Dollar General,5216 Augusta Rd,Garden City GA 31408-1606"">",5216 Augusta Rd,"Garden City, GA 31408-1606","<div class=""store-details__main-travel"" data-latitude=""32.118559"" data-longitude=""-81.165558"">
        <div class=""store-details__main-distance""></div>
        <a class=""store-details__main-directions"" href=""javascript:void(0);"" target=""_blank""></a>
    </div>",(912) 226-0919
"<img class=""store-details__map-image"" src=""https://maps.googleapis.com/maps/api/staticmap?center=Dollar+General%2C104+Hall+St%2CGarfield+GA+30425&amp;zoom=15&amp;size=730x600&amp;markers=icon%3Ahttps%3A%2F%2Fwww.dollargeneral.com%2Fetc.clientlibs%2Fdollargeneral%2Fclientlibs%2Fclientlib-site%2Fresources%2Fimages%2Fstatic-map-pin.png%7C32.6486%2C-82.0987&amp;key=AIzaSyDi0nb6nKeHaDJWFtAvbAIPKBrUuAc_mTY&amp;signature=EFe0iTys-j7vyIKek4p0R2p8iFY="" alt=""Google map showing the dropped pin on Dollar General,104 Hall St,Garfield GA 30425"">",104 Hall St,"Garfield, GA 30425","<div class=""store-details__main-travel"" data-latitude=""32.6486"" data-longitude=""-82.0987"">
        <div class=""store-details__main-distance""></div>
        <a class=""store-details__main-directions"" href=""javascript:void(0);"" target=""_blank""></a>
    </div>",(478) 401-4190
"<img class=""store-details__map-image"" src=""https://maps.googleapis.com/maps/api/staticmap?center=Dollar+General%2C11510+Luthersville+Rd%2CGay+GA+30218&amp;zoom=15&amp;size=730x600&amp;markers=icon%3Ahttps%3A%2F%2Fwww.dollargeneral.com%2Fetc.clientlibs%2Fdollargeneral%2Fclientlibs%2Fclientlib-site%2Fresources%2Fimages%2Fstatic-map-pin.png%7C33.1139%2C-84.5954&amp;key=AIzaSyDi0nb6nKeHaDJWFtAvbAIPKBrUuAc_mTY&amp;signature=HptAwyXROlwcvGGC3fFl7RGqsjo="" alt=""Google map showing the dropped pin on Dollar General,11510 Luthersville Rd,Gay GA 30218"">",11510 Luthersville Rd,"Gay, GA 30218","<div class=""store-details__main-travel"" data-latitude=""33.1139"" data-longitude=""-84.5954"">
        <div class=""store-details__main-distance""></div>
        <a class=""store-details__main-directions"" href=""javascript:void(0);"" target=""_blank""></a>
    </div>",(706) 740-0797
"<img class=""store-details__map-image"" src=""https://maps.googleapis.com/maps/api/staticmap?center=Dollar+General%2C315+Columbus+Hwy%2CGeneva+GA+31810&amp;zoom=15&amp;size=730x600&amp;markers=icon%3Ahttps%3A%2F%2Fwww.dollargeneral.com%2Fetc.clientlibs%2Fdollargeneral%2Fclientlibs%2Fclientlib-site%2Fresources%2Fimages%2Fstatic-map-pin.png%7C32.57664%2C-84.55657&amp;key=AIzaSyDi0nb6nKeHaDJWFtAvbAIPKBrUuAc_mTY&amp;signature=az_j06AjxGfx9XSv3KnVoYCU7dk="" alt=""Google map showing the dropped pin on Dollar General,315 Columbus Hwy,Geneva GA 31810"">",315 Columbus Hwy,"Geneva, GA 31810","<div class=""store-details__main-travel"" data-latitude=""32.57664"" data-longitude=""-84.55657"" style=""display: none;"">
        <div class=""store-details__main-distance""></div>
        <a class=""store-details__main-directions"" href=""javascript:void(0);"" target=""_blank""></a>
    </div>",(706) 223-1225
"<img class=""store-details__map-image"" src=""https://maps.googleapis.com/maps/api/staticmap?center=Dollar+General%2C1096+Us+Highway+82%2CGeorgetown+GA+39854&amp;zoom=15&amp;size=730x600&amp;markers=icon%3Ahttps%3A%2F%2Fwww.dollargeneral.com%2Fetc.clientlibs%2Fdollargeneral%2Fclientlibs%2Fclientlib-site%2Fresources%2Fimages%2Fstatic-map-pin.png%7C31.88385%2C-85.0981&amp;key=AIzaSyDi0nb6nKeHaDJWFtAvbAIPKBrUuAc_mTY&amp;signature=3GDinDS8DZuMinB_kVMICgnw8iw="" alt=""Google map showing the dropped pin on Dollar General,1096 Us Highway 82,Georgetown GA 39854"">",1096 Us Highway 82,"Georgetown, GA 39854","<div class=""store-details__main-travel"" data-latitude=""31.88385"" data-longitude=""-85.0981"">
        <div class=""store-details__main-distance""></div>
        <a class=""store-details__main-directions"" href=""javascript:void(0);"" target=""_blank""></a>
    </div>",(706) 786-6140
"<img class=""store-details__map-image"" src=""https://maps.googleapis.com/maps/api/staticmap?center=Dollar+General%2C116+Warren+St%2CGibson+GA+30810-4044&amp;zoom=15&amp;size=730x600&amp;markers=icon%3Ahttps%3A%2F%2Fwww.dollargeneral.com%2Fetc.clientlibs%2Fdollargeneral%2Fclientlibs%2Fclientlib-site%2Fresources%2Fimages%2Fstatic-map-pin.png%7C33.235384%2C-82.594816&amp;key=AIzaSyDi0nb6nKeHaDJWFtAvbAIPKBrUuAc_mTY&amp;signature=i3xZYSX7sddAf2xjlyBVtmT3Wsk="" alt=""Google map showing the dropped pin on Dollar General,116 Warren St,Gibson GA 30810-4044"">",116 Warren St,"Gibson, GA 30810-4044","<div class=""store-details__main-travel"" data-latitude=""33.235384"" data-longitude=""-82.594816"" style=""display: none;"">
        <div class=""store-details__main-distance""></div>
        <a class=""store-details__main-directions"" href=""javascript:void(0);"" target=""_blank""></a>
    </div>",(706) 607-0420
"<img class=""store-details__map-image"" src=""https://maps.googleapis.com/maps/api/staticmap?center=Dollar+General%2C6264+Hwy+52%2CGillsville+GA+30543-2404&amp;zoom=15&amp;size=730x600&amp;markers=icon%3Ahttps%3A%2F%2Fwww.dollargeneral.com%2Fetc.clientlibs%2Fdollargeneral%2Fclientlibs%2Fclientlib-site%2Fresources%2Fimages%2Fstatic-map-pin.png%7C34.30822%2C-83.63491&amp;key=AIzaSyDi0nb6nKeHaDJWFtAvbAIPKBrUuAc_mTY&amp;signature=-iQXxesogWZZrPhfHk2D-e_JTkg="" alt=""Google map showing the dropped pin on Dollar General,6264 Hwy 52,Gillsville GA 30543-2404"">",6264 Hwy 52,"Gillsville, GA 30543-2404","<div class=""store-details__main-travel"" data-latitude=""34.30822"" data-longitude=""-83.63491"">
        <div class=""store-details__main-distance""></div>
        <a class=""store-details__main-directions"" href=""javascript:void(0);"" target=""_blank""></a>
    </div>",(678) 696-0990
"<img class=""store-details__map-image"" src=""https://maps.googleapis.com/maps/api/staticmap?center=Dollar+General%2C1199+S+Veterans+Blvd%2CGlennville+GA+30427&amp;zoom=15&amp;size=730x600&amp;markers=icon%3Ahttps%3A%2F%2Fwww.dollargeneral.com%2Fetc.clientlibs%2Fdollargeneral%2Fclientlibs%2Fclientlib-site%2Fresources%2Fimages%2Fstatic-map-pin.png%7C31.9194%2C-81.938&amp;key=AIzaSyDi0nb6nKeHaDJWFtAvbAIPKBrUuAc_mTY&amp;signature=agPNhrfTXv8mxBgxARYsAWCuKO0="" alt=""Google map showing the dropped pin on Dollar General,1199 S Veterans Blvd,Glennville GA 30427"">",1199 S Veterans Blvd,"Glennville, GA 30427","<div class=""store-details__main-travel"" data-latitude=""31.9194"" data-longitude=""-81.938"">
        <div class=""store-details__main-distance""></div>
        <a class=""store-details__main-directions"" href=""javascript:void(0);"" target=""_blank""></a>
    </div>",(912) 542-0674
"<img class=""store-details__map-image"" src=""https://maps.googleapis.com/maps/api/staticmap?center=Dollar+General%2C4680+Ga+Highway+196%2CGlennville+GA+30427&amp;zoom=15&amp;size=730x600&amp;markers=icon%3Ahttps%3A%2F%2Fwww.dollargeneral.com%2Fetc.clientlibs%2Fdollargeneral%2Fclientlibs%2Fclientlib-site%2Fresources%2Fimages%2Fstatic-map-pin.png%7C31.8771%2C-81.8799&amp;key=AIzaSyDi0nb6nKeHaDJWFtAvbAIPKBrUuAc_mTY&amp;signature=5xaE8vPRNsGb-zFPF7gs7sLYIic="" alt=""Google map showing the dropped pin on Dollar General,4680 Ga Highway 196,Glennville GA 30427"">",4680 Ga Highway 196,"Glennville, GA 30427","<div class=""store-details__main-travel"" data-latitude=""31.8771"" data-longitude=""-81.8799"">
        <div class=""store-details__main-distance""></div>
        <a class=""store-details__main-directions"" href=""javascript:void(0);"" target=""_blank""></a>
    </div>",(912) 290-2090
"<img class=""store-details__map-image"" src=""https://maps.googleapis.com/maps/api/staticmap?center=Dollar+General%2C404+N+Veterans+Blvd%2CGlennville+GA+30427-2054&amp;zoom=15&amp;size=730x600&amp;markers=icon%3Ahttps%3A%2F%2Fwww.dollargeneral.com%2Fetc.clientlibs%2Fdollargeneral%2Fclientlibs%2Fclientlib-site%2Fresources%2Fimages%2Fstatic-map-pin.png%7C31.94108%2C-81.927667&amp;key=AIzaSyDi0nb6nKeHaDJWFtAvbAIPKBrUuAc_mTY&amp;signature=-UXrmGE5wb-9xqOJduFoDNPAMuM="" alt=""Google map showing the dropped pin on Dollar General,404 N Veterans Blvd,Glennville GA 30427-2054"">",404 N Veterans Blvd,"Glennville, GA 30427-2054","<div class=""store-details__main-travel"" data-latitude=""31.94108"" data-longitude=""-81.927667"" style=""display: none;"">
        <div class=""store-details__main-distance""></div>
        <a class=""store-details__main-directions"" href=""javascript:void(0);"" target=""_blank""></a>
    </div>",(912) 290-6990
"<img class=""store-details__map-image"" src=""https://maps.googleapis.com/maps/api/staticmap?center=Dollar+General%2C13727+Highway+301%2CGlennville+GA+30427&amp;zoom=15&amp;size=730x600&amp;markers=icon%3Ahttps%3A%2F%2Fwww.dollargeneral.com%2Fetc.clientlibs%2Fdollargeneral%2Fclientlibs%2Fclientlib-site%2Fresources%2Fimages%2Fstatic-map-pin.png%7C32.0263%2C-81.914&amp;key=AIzaSyDi0nb6nKeHaDJWFtAvbAIPKBrUuAc_mTY&amp;signature=TlgS1N1wgJ0QLqJmX_L2cirfgIU="" alt=""Google map showing the dropped pin on Dollar General,13727 Highway 301,Glennville GA 30427"">",13727 Highway 301,"Glennville, GA 30427","<div class=""store-details__main-travel"" data-latitude=""32.0263"" data-longitude=""-81.914"">
        <div class=""store-details__main-distance""></div>
        <a class=""store-details__main-directions"" href=""javascript:void(0);"" target=""_blank""></a>
    </div>",(912) 290-2920
"<img class=""store-details__map-image"" src=""https://maps.googleapis.com/maps/api/staticmap?center=Dollar+General%2C29+W+Second+Ave%2CGlenwood+GA+30428-0275&amp;zoom=15&amp;size=730x600&amp;markers=icon%3Ahttps%3A%2F%2Fwww.dollargeneral.com%2Fetc.clientlibs%2Fdollargeneral%2Fclientlibs%2Fclientlib-site%2Fresources%2Fimages%2Fstatic-map-pin.png%7C32.1797%2C-82.6708&amp;key=AIzaSyDi0nb6nKeHaDJWFtAvbAIPKBrUuAc_mTY&amp;signature=XQzCmykSbBW0wwIanesGv9tQ5iU="" alt=""Google map showing the dropped pin on Dollar General,29 W Second Ave,Glenwood GA 30428-0275"">",29 W Second Ave,"Glenwood, GA 30428-0275","<div class=""store-details__main-travel"" data-latitude=""32.1797"" data-longitude=""-82.6708"">
        <div class=""store-details__main-distance""></div>
        <a class=""store-details__main-directions"" href=""javascript:void(0);"" target=""_blank""></a>
    </div>",(470) 531-0175
"<img class=""store-details__map-image"" src=""https://maps.googleapis.com/maps/api/staticmap?center=Dollar+General%2C101+Queens+Cemetery+Rd%2CGood+Hope+GA+30641&amp;zoom=15&amp;size=730x600&amp;markers=icon%3Ahttps%3A%2F%2Fwww.dollargeneral.com%2Fetc.clientlibs%2Fdollargeneral%2Fclientlibs%2Fclientlib-site%2Fresources%2Fimages%2Fstatic-map-pin.png%7C33.7839%2C-83.6086&amp;key=AIzaSyDi0nb6nKeHaDJWFtAvbAIPKBrUuAc_mTY&amp;signature=SiQnBR5bG0isQGx2gFKwZ1HIVGQ="" alt=""Google map showing the dropped pin on Dollar General,101 Queens Cemetery Rd,Good Hope GA 30641"">",101 Queens Cemetery Rd,"Good Hope, GA 30641","<div class=""store-details__main-travel"" data-latitude=""33.7839"" data-longitude=""-83.6086"">
        <div class=""store-details__main-distance""></div>
        <a class=""store-details__main-directions"" href=""javascript:void(0);"" target=""_blank""></a>
    </div>",(706) 352-9825
"<img class=""store-details__map-image"" src=""https://maps.googleapis.com/maps/api/staticmap?center=Dollar+General%2C101+Register+Rd%2CGordon+GA+31031-2027&amp;zoom=15&amp;size=730x600&amp;markers=icon%3Ahttps%3A%2F%2Fwww.dollargeneral.com%2Fetc.clientlibs%2Fdollargeneral%2Fclientlibs%2Fclientlib-site%2Fresources%2Fimages%2Fstatic-map-pin.png%7C32.98359%2C-83.27241&amp;key=AIzaSyDi0nb6nKeHaDJWFtAvbAIPKBrUuAc_mTY&amp;signature=EenhY4mA6W5mIHL-qBsVJYRjWq0="" alt=""Google map showing the dropped pin on Dollar General,101 Register Rd,Gordon GA 31031-2027"">",101 Register Rd,"Gordon, GA 31031-2027","<div class=""store-details__main-travel"" data-latitude=""32.98359"" data-longitude=""-83.27241"">
        <div class=""store-details__main-distance""></div>
        <a class=""store-details__main-directions"" href=""javascript:void(0);"" target=""_blank""></a>
    </div>",(762) 250-9362
"<img class=""store-details__map-image"" src=""https://maps.googleapis.com/maps/api/staticmap?center=Dollar+General%2C175+Milledgeville+Hwy%2CGordon+GA+31031-3803&amp;zoom=15&amp;size=730x600&amp;markers=icon%3Ahttps%3A%2F%2Fwww.dollargeneral.com%2Fetc.clientlibs%2Fdollargeneral%2Fclientlibs%2Fclientlib-site%2Fresources%2Fimages%2Fstatic-map-pin.png%7C32.885912%2C-83.320525&amp;key=AIzaSyDi0nb6nKeHaDJWFtAvbAIPKBrUuAc_mTY&amp;signature=YfiKNVh80jAhMsFepbHZQnkIkfM="" alt=""Google map showing the dropped pin on Dollar General,175 Milledgeville Hwy,Gordon GA 31031-3803"">",175 Milledgeville Hwy,"Gordon, GA 31031-3803","<div class=""store-details__main-travel"" data-latitude=""32.885912"" data-longitude=""-83.320525"">
        <div class=""store-details__main-distance""></div>
        <a class=""store-details__main-directions"" href=""javascript:void(0);"" target=""_blank""></a>
    </div>",(478) 250-8241
"<img class=""store-details__map-image"" src=""https://maps.googleapis.com/maps/api/staticmap?center=Dollar+General%2C21+Lagrange+St%2CGrantville+GA+30220-0718&amp;zoom=15&amp;size=730x600&amp;markers=icon%3Ahttps%3A%2F%2Fwww.dollargeneral.com%2Fetc.clientlibs%2Fdollargeneral%2Fclientlibs%2Fclientlib-site%2Fresources%2Fimages%2Fstatic-map-pin.png%7C33.234873%2C-84.837295&amp;key=AIzaSyDi0nb6nKeHaDJWFtAvbAIPKBrUuAc_mTY&amp;signature=nCnHubAQss-Zddty1YkkUUsEyr0="" alt=""Google map showing the dropped pin on Dollar General,21 Lagrange St,Grantville GA 30220-0718"">",21 Lagrange St,"Grantville, GA 30220-0718","<div class=""store-details__main-travel"" data-latitude=""33.234873"" data-longitude=""-84.837295"">
        <div class=""store-details__main-distance""></div>
        <a class=""store-details__main-directions"" href=""javascript:void(0);"" target=""_blank""></a>
    </div>",(470) 625-2499
"<img class=""store-details__map-image"" src=""https://maps.googleapis.com/maps/api/staticmap?center=Dollar+General%2C107+Homer+Roberts+Rd%2CGray+GA+31032-5019&amp;zoom=15&amp;size=730x600&amp;markers=icon%3Ahttps%3A%2F%2Fwww.dollargeneral.com%2Fetc.clientlibs%2Fdollargeneral%2Fclientlibs%2Fclientlib-site%2Fresources%2Fimages%2Fstatic-map-pin.png%7C32.9625%2C-83.5807&amp;key=AIzaSyDi0nb6nKeHaDJWFtAvbAIPKBrUuAc_mTY&amp;signature=kZhAf0axuEb9HxW0FLPHI-Zy1F4="" alt=""Google map showing the dropped pin on Dollar General,107 Homer Roberts Rd,Gray GA 31032-5019"">",107 Homer Roberts Rd,"Gray, GA 31032-5019","<div class=""store-details__main-travel"" data-latitude=""32.9625"" data-longitude=""-83.5807"">
        <div class=""store-details__main-distance""></div>
        <a class=""store-details__main-directions"" href=""javascript:void(0);"" target=""_blank""></a>
    </div>",(478) 250-1858
"<img class=""store-details__map-image"" src=""https://maps.googleapis.com/maps/api/staticmap?center=Dollar+General%2C188+W+Clinton+St%2CGray+GA+31032-1688&amp;zoom=15&amp;size=730x600&amp;markers=icon%3Ahttps%3A%2F%2Fwww.dollargeneral.com%2Fetc.clientlibs%2Fdollargeneral%2Fclientlibs%2Fclientlib-site%2Fresources%2Fimages%2Fstatic-map-pin.png%7C33.007847%2C-83.540893&amp;key=AIzaSyDi0nb6nKeHaDJWFtAvbAIPKBrUuAc_mTY&amp;signature=bzo-qkb7uCMgMVerEOyiy8zZRac="" alt=""Google map showing the dropped pin on Dollar General,188 W Clinton St,Gray GA 31032-1688"">",188 W Clinton St,"Gray, GA 31032-1688","<div class=""store-details__main-travel"" data-latitude=""33.007847"" data-longitude=""-83.540893"">
        <div class=""store-details__main-distance""></div>
        <a class=""store-details__main-directions"" href=""javascript:void(0);"" target=""_blank""></a>
    </div>",(478) 250-1883
"<img class=""store-details__map-image"" src=""https://maps.googleapis.com/maps/api/staticmap?center=Dollar+General%2C1020+Thomas+Dr%2CGreensboro+GA+30642&amp;zoom=15&amp;size=730x600&amp;markers=icon%3Ahttps%3A%2F%2Fwww.dollargeneral.com%2Fetc.clientlibs%2Fdollargeneral%2Fclientlibs%2Fclientlib-site%2Fresources%2Fimages%2Fstatic-map-pin.png%7C33.57676%2C-83.17375&amp;key=AIzaSyDi0nb6nKeHaDJWFtAvbAIPKBrUuAc_mTY&amp;signature=vK8JSk4ns-Ok2Q7HhvNCEIvVets="" alt=""Google map showing the dropped pin on Dollar General,1020 Thomas Dr,Greensboro GA 30642"">",1020 Thomas Dr,"Greensboro, GA 30642","<div class=""store-details__main-travel"" data-latitude=""33.57676"" data-longitude=""-83.17375"">
        <div class=""store-details__main-distance""></div>
        <a class=""store-details__main-directions"" href=""javascript:void(0);"" target=""_blank""></a>
    </div>",(762) 815-3921
"<img class=""store-details__map-image"" src=""https://maps.googleapis.com/maps/api/staticmap?center=Dollar+General%2C3980+Highway+77+S%2CGreensboro+GA+30642-4261&amp;zoom=15&amp;size=730x600&amp;markers=icon%3Ahttps%3A%2F%2Fwww.dollargeneral.com%2Fetc.clientlibs%2Fdollargeneral%2Fclientlibs%2Fclientlib-site%2Fresources%2Fimages%2Fstatic-map-pin.png%7C33.5377%2C-83.0806&amp;key=AIzaSyDi0nb6nKeHaDJWFtAvbAIPKBrUuAc_mTY&amp;signature=RsKdXvRTjmeOEYJCB02TG13xQKY="" alt=""Google map showing the dropped pin on Dollar General,3980 Highway 77 S,Greensboro GA 30642-4261"">",3980 Highway 77 S,"Greensboro, GA 30642-4261","<div class=""store-details__main-travel"" data-latitude=""33.5377"" data-longitude=""-83.0806"">
        <div class=""store-details__main-distance""></div>
        <a class=""store-details__main-directions"" href=""javascript:void(0);"" target=""_blank""></a>
    </div>",(706) 817-4860
"<img class=""store-details__map-image"" src=""https://maps.googleapis.com/maps/api/staticmap?center=Dollar+General%2C1021+Willow+Run+Rd%2CGreensboro+GA+30642-2777&amp;zoom=15&amp;size=730x600&amp;markers=icon%3Ahttps%3A%2F%2Fwww.dollargeneral.com%2Fetc.clientlibs%2Fdollargeneral%2Fclientlibs%2Fclientlib-site%2Fresources%2Fimages%2Fstatic-map-pin.png%7C33.5539%2C-83.198&amp;key=AIzaSyDi0nb6nKeHaDJWFtAvbAIPKBrUuAc_mTY&amp;signature=637H0Tm8wFoxD8D8yjSRJf3yitc="" alt=""Google map showing the dropped pin on Dollar General,1021 Willow Run Rd,Greensboro GA 30642-2777"">",1021 Willow Run Rd,"Greensboro, GA 30642-2777","<div class=""store-details__main-travel"" data-latitude=""33.5539"" data-longitude=""-83.198"" style=""display: none;"">
        <div class=""store-details__main-distance""></div>
        <a class=""store-details__main-directions"" href=""javascript:void(0);"" target=""_blank""></a>
    </div>",(706) 817-4722
"<img class=""store-details__map-image"" src=""https://maps.googleapis.com/maps/api/staticmap?center=Dollar+General%2C579+S+Talbotton+St%2CGreenville+GA+30222-0117&amp;zoom=15&amp;size=730x600&amp;markers=icon%3Ahttps%3A%2F%2Fwww.dollargeneral.com%2Fetc.clientlibs%2Fdollargeneral%2Fclientlibs%2Fclientlib-site%2Fresources%2Fimages%2Fstatic-map-pin.png%7C33.0258%2C-84.7119&amp;key=AIzaSyDi0nb6nKeHaDJWFtAvbAIPKBrUuAc_mTY&amp;signature=8dMOy-GzSrdR7QfduHxHTvXxuhQ="" alt=""Google map showing the dropped pin on Dollar General,579 S Talbotton St,Greenville GA 30222-0117"">",579 S Talbotton St,"Greenville, GA 30222-0117","<div class=""store-details__main-travel"" data-latitude=""33.0258"" data-longitude=""-84.7119"">
        <div class=""store-details__main-distance""></div>
        <a class=""store-details__main-directions"" href=""javascript:void(0);"" target=""_blank""></a>
    </div>",(762) 787-0080
"<img class=""store-details__map-image"" src=""https://maps.googleapis.com/maps/api/staticmap?center=Dollar+General%2C1665+W+Mcintosh+Rd%2CGriffin+GA+30223-1717&amp;zoom=15&amp;size=730x600&amp;markers=icon%3Ahttps%3A%2F%2Fwww.dollargeneral.com%2Fetc.clientlibs%2Fdollargeneral%2Fclientlibs%2Fclientlib-site%2Fresources%2Fimages%2Fstatic-map-pin.png%7C33.274252%2C-84.297776&amp;key=AIzaSyDi0nb6nKeHaDJWFtAvbAIPKBrUuAc_mTY&amp;signature=JN6MeCjP02TeSnV-xFE8Kh8ebHI="" alt=""Google map showing the dropped pin on Dollar General,1665 W Mcintosh Rd,Griffin GA 30223-1717"">",1665 W Mcintosh Rd,"Griffin, GA 30223-1717","<div class=""store-details__main-travel"" data-latitude=""33.274252"" data-longitude=""-84.297776"">
        <div class=""store-details__main-distance""></div>
        <a class=""store-details__main-directions"" href=""javascript:void(0);"" target=""_blank""></a>
    </div>",(470) 497-3304
"<img class=""store-details__map-image"" src=""https://maps.googleapis.com/maps/api/staticmap?center=Dollar+General%2C1019+Memorial+Dr%2CGriffin+GA+30224-1872&amp;zoom=15&amp;size=730x600&amp;markers=icon%3Ahttps%3A%2F%2Fwww.dollargeneral.com%2Fetc.clientlibs%2Fdollargeneral%2Fclientlibs%2Fclientlib-site%2Fresources%2Fimages%2Fstatic-map-pin.png%7C33.24014%2C-84.246187&amp;key=AIzaSyDi0nb6nKeHaDJWFtAvbAIPKBrUuAc_mTY&amp;signature=F7_Ds49Tx0W1AXcJnLFW3Geibts="" alt=""Google map showing the dropped pin on Dollar General,1019 Memorial Dr,Griffin GA 30224-1872"">",1019 Memorial Dr,"Griffin, GA 30224-1872","<div class=""store-details__main-travel"" data-latitude=""33.24014"" data-longitude=""-84.246187"">
        <div class=""store-details__main-distance""></div>
        <a class=""store-details__main-directions"" href=""javascript:void(0);"" target=""_blank""></a>
    </div>",(470) 765-6780
"<img class=""store-details__map-image"" src=""https://maps.googleapis.com/maps/api/staticmap?center=Dollar+General%2C821+W+Taylor+St%2CGriffin+GA+30223-2721&amp;zoom=15&amp;size=730x600&amp;markers=icon%3Ahttps%3A%2F%2Fwww.dollargeneral.com%2Fetc.clientlibs%2Fdollargeneral%2Fclientlibs%2Fclientlib-site%2Fresources%2Fimages%2Fstatic-map-pin.png%7C33.24755%2C-84.27623&amp;key=AIzaSyDi0nb6nKeHaDJWFtAvbAIPKBrUuAc_mTY&amp;signature=gjOBOJc7LMIbdUyPxl3upc-g-oI="" alt=""Google map showing the dropped pin on Dollar General,821 W Taylor St,Griffin GA 30223-2721"">",821 W Taylor St,"Griffin, GA 30223-2721","<div class=""store-details__main-travel"" data-latitude=""33.24755"" data-longitude=""-84.27623"" style=""display: none;"">
        <div class=""store-details__main-distance""></div>
        <a class=""store-details__main-directions"" href=""javascript:void(0);"" target=""_blank""></a>
    </div>",(470) 497-3530
"<img class=""store-details__map-image"" src=""https://maps.googleapis.com/maps/api/staticmap?center=Dollar+General%2C3430+Jackson+Rd%2CGriffin+GA+30223-6625&amp;zoom=15&amp;size=730x600&amp;markers=icon%3Ahttps%3A%2F%2Fwww.dollargeneral.com%2Fetc.clientlibs%2Fdollargeneral%2Fclientlibs%2Fclientlib-site%2Fresources%2Fimages%2Fstatic-map-pin.png%7C33.2926%2C-84.1898&amp;key=AIzaSyDi0nb6nKeHaDJWFtAvbAIPKBrUuAc_mTY&amp;signature=S5skE32R5LpBdUIyCeijDNuPxR4="" alt=""Google map showing the dropped pin on Dollar General,3430 Jackson Rd,Griffin GA 30223-6625"">",3430 Jackson Rd,"Griffin, GA 30223-6625","<div class=""store-details__main-travel"" data-latitude=""33.2926"" data-longitude=""-84.1898"">
        <div class=""store-details__main-distance""></div>
        <a class=""store-details__main-directions"" href=""javascript:void(0);"" target=""_blank""></a>
    </div>",(470) 497-3022
"<img class=""store-details__map-image"" src=""https://maps.googleapis.com/maps/api/staticmap?center=Dollar+General%2C21+Bicycle+Rd%2CGriffin+GA+30223-6104&amp;zoom=15&amp;size=730x600&amp;markers=icon%3Ahttps%3A%2F%2Fwww.dollargeneral.com%2Fetc.clientlibs%2Fdollargeneral%2Fclientlibs%2Fclientlib-site%2Fresources%2Fimages%2Fstatic-map-pin.png%7C33.3067%2C-84.3768&amp;key=AIzaSyDi0nb6nKeHaDJWFtAvbAIPKBrUuAc_mTY&amp;signature=8lAD2hC10MXD2WB_qUX0HpYm3Ps="" alt=""Google map showing the dropped pin on Dollar General,21 Bicycle Rd,Griffin GA 30223-6104"">",21 Bicycle Rd,"Griffin, GA 30223-6104","<div class=""store-details__main-travel"" data-latitude=""33.3067"" data-longitude=""-84.3768"">
        <div class=""store-details__main-distance""></div>
        <a class=""store-details__main-directions"" href=""javascript:void(0);"" target=""_blank""></a>
    </div>",(470) 497-3315
"<img class=""store-details__map-image"" src=""https://maps.googleapis.com/maps/api/staticmap?center=Dollar+General%2C2841+Shackleford+Rd%2CGriffin+GA+30224&amp;zoom=15&amp;size=730x600&amp;markers=icon%3Ahttps%3A%2F%2Fwww.dollargeneral.com%2Fetc.clientlibs%2Fdollargeneral%2Fclientlibs%2Fclientlib-site%2Fresources%2Fimages%2Fstatic-map-pin.png%7C33.17688%2C-84.26661&amp;key=AIzaSyDi0nb6nKeHaDJWFtAvbAIPKBrUuAc_mTY&amp;signature=BxCHUhpHHjspy8e9ao17uAD27vY="" alt=""Google map showing the dropped pin on Dollar General,2841 Shackleford Rd,Griffin GA 30224"">",2841 Shackleford Rd,"Griffin, GA 30224","<div class=""store-details__main-travel"" data-latitude=""33.17688"" data-longitude=""-84.26661"" style=""display: none;"">
        <div class=""store-details__main-distance""></div>
        <a class=""store-details__main-directions"" href=""javascript:void(0);"" target=""_blank""></a>
    </div>",(470) 402-2072
"<img class=""store-details__map-image"" src=""https://maps.googleapis.com/maps/api/staticmap?center=Dollar+General%2C2897+N+Expressway%2CGriffin+GA+30223&amp;zoom=15&amp;size=730x600&amp;markers=icon%3Ahttps%3A%2F%2Fwww.dollargeneral.com%2Fetc.clientlibs%2Fdollargeneral%2Fclientlibs%2Fclientlib-site%2Fresources%2Fimages%2Fstatic-map-pin.png%7C33.310964%2C-84.2917&amp;key=AIzaSyDi0nb6nKeHaDJWFtAvbAIPKBrUuAc_mTY&amp;signature=qevD7omSnUQbZy9Fp4NL3i28ub8="" alt=""Google map showing the dropped pin on Dollar General,2897 N Expressway,Griffin GA 30223"">",2897 N Expressway,"Griffin, GA 30223","<div class=""store-details__main-travel"" data-latitude=""33.310964"" data-longitude=""-84.2917"">
        <div class=""store-details__main-distance""></div>
        <a class=""store-details__main-directions"" href=""javascript:void(0);"" target=""_blank""></a>
    </div>",(470) 497-3296
"<img class=""store-details__map-image"" src=""https://maps.googleapis.com/maps/api/staticmap?center=Dollar+General%2C1523+A+Zebulon+Rd%2CGriffin+GA+30224-5153&amp;zoom=15&amp;size=730x600&amp;markers=icon%3Ahttps%3A%2F%2Fwww.dollargeneral.com%2Fetc.clientlibs%2Fdollargeneral%2Fclientlibs%2Fclientlib-site%2Fresources%2Fimages%2Fstatic-map-pin.png%7C33.204183%2C-84.282258&amp;key=AIzaSyDi0nb6nKeHaDJWFtAvbAIPKBrUuAc_mTY&amp;signature=Vhz7u5ZXLw2XNgybtG-CP3VvQwI="" alt=""Google map showing the dropped pin on Dollar General,1523 A Zebulon Rd,Griffin GA 30224-5153"">",1523 A Zebulon Rd,"Griffin, GA 30224-5153","<div class=""store-details__main-travel"" data-latitude=""33.204183"" data-longitude=""-84.282258"">
        <div class=""store-details__main-distance""></div>
        <a class=""store-details__main-directions"" href=""javascript:void(0);"" target=""_blank""></a>
    </div>",(470) 497-3313
"<img class=""store-details__map-image"" src=""https://maps.googleapis.com/maps/api/staticmap?center=Dollar+General%2C1713+Williamson+Rd%2CGriffin+GA+30224&amp;zoom=15&amp;size=730x600&amp;markers=icon%3Ahttps%3A%2F%2Fwww.dollargeneral.com%2Fetc.clientlibs%2Fdollargeneral%2Fclientlibs%2Fclientlib-site%2Fresources%2Fimages%2Fstatic-map-pin.png%7C33.2217%2C-84.3098&amp;key=AIzaSyDi0nb6nKeHaDJWFtAvbAIPKBrUuAc_mTY&amp;signature=hrFKwi5XazrgBhR3WE_aClZKkpY="" alt=""Google map showing the dropped pin on Dollar General,1713 Williamson Rd,Griffin GA 30224"">",1713 Williamson Rd,"Griffin, GA 30224","<div class=""store-details__main-travel"" data-latitude=""33.2217"" data-longitude=""-84.3098"">
        <div class=""store-details__main-distance""></div>
        <a class=""store-details__main-directions"" href=""javascript:void(0);"" target=""_blank""></a>
    </div>",(470) 771-3262
"<img class=""store-details__map-image"" src=""https://maps.googleapis.com/maps/api/staticmap?center=Dollar+General%2C5130+Wrightsboro+Rd%2CGrovetown+GA+30813-2802&amp;zoom=15&amp;size=730x600&amp;markers=icon%3Ahttps%3A%2F%2Fwww.dollargeneral.com%2Fetc.clientlibs%2Fdollargeneral%2Fclientlibs%2Fclientlib-site%2Fresources%2Fimages%2Fstatic-map-pin.png%7C33.457217%2C-82.197991&amp;key=AIzaSyDi0nb6nKeHaDJWFtAvbAIPKBrUuAc_mTY&amp;signature=olEx4ecNaTgEbffRfrl7fyNIKxU="" alt=""Google map showing the dropped pin on Dollar General,5130 Wrightsboro Rd,Grovetown GA 30813-2802"">",5130 Wrightsboro Rd,"Grovetown, GA 30813-2802","<div class=""store-details__main-travel"" data-latitude=""33.457217"" data-longitude=""-82.197991"" style=""display: none;"">
        <div class=""store-details__main-distance""></div>
        <a class=""store-details__main-directions"" href=""javascript:void(0);"" target=""_blank""></a>
    </div>",(706) 447-9410
"<img class=""store-details__map-image"" src=""https://maps.googleapis.com/maps/api/staticmap?center=Dollar+General%2C5380+Columbia+Rd%2CGrovetown+GA+30813-5117&amp;zoom=15&amp;size=730x600&amp;markers=icon%3Ahttps%3A%2F%2Fwww.dollargeneral.com%2Fetc.clientlibs%2Fdollargeneral%2Fclientlibs%2Fclientlib-site%2Fresources%2Fimages%2Fstatic-map-pin.png%7C33.511931%2C-82.219248&amp;key=AIzaSyDi0nb6nKeHaDJWFtAvbAIPKBrUuAc_mTY&amp;signature=UJDjaITznLjiAbwItSMhXm4729U="" alt=""Google map showing the dropped pin on Dollar General,5380 Columbia Rd,Grovetown GA 30813-5117"">",5380 Columbia Rd,"Grovetown, GA 30813-5117","<div class=""store-details__main-travel"" data-latitude=""33.511931"" data-longitude=""-82.219248"">
        <div class=""store-details__main-distance""></div>
        <a class=""store-details__main-directions"" href=""javascript:void(0);"" target=""_blank""></a>
    </div>",(706) 432-1450
"<img class=""store-details__map-image"" src=""https://maps.googleapis.com/maps/api/staticmap?center=Dollar+General%2C685+E+Robinson+Ave%2CGrovetown+GA+30813&amp;zoom=15&amp;size=730x600&amp;markers=icon%3Ahttps%3A%2F%2Fwww.dollargeneral.com%2Fetc.clientlibs%2Fdollargeneral%2Fclientlibs%2Fclientlib-site%2Fresources%2Fimages%2Fstatic-map-pin.png%7C33.439%2C-82.1796&amp;key=AIzaSyDi0nb6nKeHaDJWFtAvbAIPKBrUuAc_mTY&amp;signature=GaZK8gJJwPMlTyFPHPvXNumWanw="" alt=""Google map showing the dropped pin on Dollar General,685 E Robinson Ave,Grovetown GA 30813"">",685 E Robinson Ave,"Grovetown, GA 30813","<div class=""store-details__main-travel"" data-latitude=""33.439"" data-longitude=""-82.1796"">
        <div class=""store-details__main-distance""></div>
        <a class=""store-details__main-directions"" href=""javascript:void(0);"" target=""_blank""></a>
    </div>",(706) 462-3940
"<img class=""store-details__map-image"" src=""https://maps.googleapis.com/maps/api/staticmap?center=Dollar+General%2C4365+Ga+Highway+17+N%2CGuyton+GA+31312-3715&amp;zoom=15&amp;size=730x600&amp;markers=icon%3Ahttps%3A%2F%2Fwww.dollargeneral.com%2Fetc.clientlibs%2Fdollargeneral%2Fclientlibs%2Fclientlib-site%2Fresources%2Fimages%2Fstatic-map-pin.png%7C32.218039%2C-81.368299&amp;key=AIzaSyDi0nb6nKeHaDJWFtAvbAIPKBrUuAc_mTY&amp;signature=-m7xq5Gb6BZ-R5v0tDGX35yv9AY="" alt=""Google map showing the dropped pin on Dollar General,4365 Ga Highway 17 N,Guyton GA 31312-3715"">",4365 Ga Highway 17 N,"Guyton, GA 31312-3715","<div class=""store-details__main-travel"" data-latitude=""32.218039"" data-longitude=""-81.368299"">
        <div class=""store-details__main-distance""></div>
        <a class=""store-details__main-directions"" href=""javascript:void(0);"" target=""_blank""></a>
    </div>",(912) 250-4485
"<img class=""store-details__map-image"" src=""https://maps.googleapis.com/maps/api/staticmap?center=Dollar+General%2C130+Midland+Rd%2CGuyton+GA+31312&amp;zoom=15&amp;size=730x600&amp;markers=icon%3Ahttps%3A%2F%2Fwww.dollargeneral.com%2Fetc.clientlibs%2Fdollargeneral%2Fclientlibs%2Fclientlib-site%2Fresources%2Fimages%2Fstatic-map-pin.png%7C32.28454%2C-81.38961&amp;key=AIzaSyDi0nb6nKeHaDJWFtAvbAIPKBrUuAc_mTY&amp;signature=IXHJ0jp62xR8S6sKd0cqIjmftKA="" alt=""Google map showing the dropped pin on Dollar General,130 Midland Rd,Guyton GA 31312"">",130 Midland Rd,"Guyton, GA 31312","<div class=""store-details__main-travel"" data-latitude=""32.28454"" data-longitude=""-81.38961"" style=""display: none;"">
        <div class=""store-details__main-distance""></div>
        <a class=""store-details__main-directions"" href=""javascript:void(0);"" target=""_blank""></a>
    </div>",(912) 521-4131
"<img class=""store-details__map-image"" src=""https://maps.googleapis.com/maps/api/staticmap?center=Dollar+General%2C3727+Noel+C+Conway+Rd%2CGuyton+GA+31312-6511&amp;zoom=15&amp;size=730x600&amp;markers=icon%3Ahttps%3A%2F%2Fwww.dollargeneral.com%2Fetc.clientlibs%2Fdollargeneral%2Fclientlibs%2Fclientlib-site%2Fresources%2Fimages%2Fstatic-map-pin.png%7C32.196281%2C-81.257458&amp;key=AIzaSyDi0nb6nKeHaDJWFtAvbAIPKBrUuAc_mTY&amp;signature=mFTy2DPQhE7sa8V4OSP_M2C7Q6I="" alt=""Google map showing the dropped pin on Dollar General,3727 Noel C Conway Rd,Guyton GA 31312-6511"">",3727 Noel C Conway Rd,"Guyton, GA 31312-6511","<div class=""store-details__main-travel"" data-latitude=""32.196281"" data-longitude=""-81.257458"">
        <div class=""store-details__main-distance""></div>
        <a class=""store-details__main-directions"" href=""javascript:void(0);"" target=""_blank""></a>
    </div>",(470) 508-1305
"<img class=""store-details__map-image"" src=""https://maps.googleapis.com/maps/api/staticmap?center=Dollar+General%2C2+Hidden+Creek+Dr%2CGuyton+GA+31312-4545&amp;zoom=15&amp;size=730x600&amp;markers=icon%3Ahttps%3A%2F%2Fwww.dollargeneral.com%2Fetc.clientlibs%2Fdollargeneral%2Fclientlibs%2Fclientlib-site%2Fresources%2Fimages%2Fstatic-map-pin.png%7C32.3329%2C-81.3861&amp;key=AIzaSyDi0nb6nKeHaDJWFtAvbAIPKBrUuAc_mTY&amp;signature=2gq6Mbsl4Ww1fRRqggx8N_FYyTM="" alt=""Google map showing the dropped pin on Dollar General,2 Hidden Creek Dr,Guyton GA 31312-4545"">",2 Hidden Creek Dr,"Guyton, GA 31312-4545","<div class=""store-details__main-travel"" data-latitude=""32.3329"" data-longitude=""-81.3861"">
        <div class=""store-details__main-distance""></div>
        <a class=""store-details__main-directions"" href=""javascript:void(0);"" target=""_blank""></a>
    </div>",(912) 348-1695
"<img class=""store-details__map-image"" src=""https://maps.googleapis.com/maps/api/staticmap?center=Dollar+General%2C1376+Ga+Highway+22+E%2CHaddock+GA+31033-2353&amp;zoom=15&amp;size=730x600&amp;markers=icon%3Ahttps%3A%2F%2Fwww.dollargeneral.com%2Fetc.clientlibs%2Fdollargeneral%2Fclientlibs%2Fclientlib-site%2Fresources%2Fimages%2Fstatic-map-pin.png%7C33.0328%2C-83.4278&amp;key=AIzaSyDi0nb6nKeHaDJWFtAvbAIPKBrUuAc_mTY&amp;signature=vf_ur378tKiDL2HKGNnfrwm25fw="" alt=""Google map showing the dropped pin on Dollar General,1376 Ga Highway 22 E,Haddock GA 31033-2353"">",1376 Ga Highway 22 E,"Haddock, GA 31033-2353","<div class=""store-details__main-travel"" data-latitude=""33.0328"" data-longitude=""-83.4278"">
        <div class=""store-details__main-distance""></div>
        <a class=""store-details__main-directions"" href=""javascript:void(0);"" target=""_blank""></a>
    </div>",(478) 250-1811
"<img class=""store-details__map-image"" src=""https://maps.googleapis.com/maps/api/staticmap?center=Dollar+General%2C309+W+Main+St%2CHahira+GA+31632-1025&amp;zoom=15&amp;size=730x600&amp;markers=icon%3Ahttps%3A%2F%2Fwww.dollargeneral.com%2Fetc.clientlibs%2Fdollargeneral%2Fclientlibs%2Fclientlib-site%2Fresources%2Fimages%2Fstatic-map-pin.png%7C30.9904%2C-83.3758&amp;key=AIzaSyDi0nb6nKeHaDJWFtAvbAIPKBrUuAc_mTY&amp;signature=5naefgaYeOJG_MyjlaCH6W6Uc7A="" alt=""Google map showing the dropped pin on Dollar General,309 W Main St,Hahira GA 31632-1025"">",309 W Main St,"Hahira, GA 31632-1025","<div class=""store-details__main-travel"" data-latitude=""30.9904"" data-longitude=""-83.3758"" style=""display: none;"">
        <div class=""store-details__main-distance""></div>
        <a class=""store-details__main-directions"" href=""javascript:void(0);"" target=""_blank""></a>
    </div>",(470) 571-0325
"<img class=""store-details__map-image"" src=""https://maps.googleapis.com/maps/api/staticmap?center=Dollar+General%2C28+Mountain+Creek+Dr%2CHamilton+GA+31811-6069&amp;zoom=15&amp;size=730x600&amp;markers=icon%3Ahttps%3A%2F%2Fwww.dollargeneral.com%2Fetc.clientlibs%2Fdollargeneral%2Fclientlibs%2Fclientlib-site%2Fresources%2Fimages%2Fstatic-map-pin.png%7C32.756001%2C-84.890928&amp;key=AIzaSyDi0nb6nKeHaDJWFtAvbAIPKBrUuAc_mTY&amp;signature=oTTQQt7QGrfIKNfmDhw6sJoM4Kc="" alt=""Google map showing the dropped pin on Dollar General,28 Mountain Creek Dr,Hamilton GA 31811-6069"">",28 Mountain Creek Dr,"Hamilton, GA 31811-6069","<div class=""store-details__main-travel"" data-latitude=""32.756001"" data-longitude=""-84.890928"">
        <div class=""store-details__main-distance""></div>
        <a class=""store-details__main-directions"" href=""javascript:void(0);"" target=""_blank""></a>
    </div>",(706) 801-9185
"<img class=""store-details__map-image"" src=""https://maps.googleapis.com/maps/api/staticmap?center=Dollar+General%2C4201+N+Expressway%2CHampton+GA+30228&amp;zoom=15&amp;size=730x600&amp;markers=icon%3Ahttps%3A%2F%2Fwww.dollargeneral.com%2Fetc.clientlibs%2Fdollargeneral%2Fclientlibs%2Fclientlib-site%2Fresources%2Fimages%2Fstatic-map-pin.png%7C33.34826%2C-84.29632&amp;key=AIzaSyDi0nb6nKeHaDJWFtAvbAIPKBrUuAc_mTY&amp;signature=96ITOC7TcUhqSS2JwNKHQvfOqGA="" alt=""Google map showing the dropped pin on Dollar General,4201 N Expressway,Hampton GA 30228"">",4201 N Expressway,"Hampton, GA 30228","<div class=""store-details__main-travel"" data-latitude=""33.34826"" data-longitude=""-84.29632"">
        <div class=""store-details__main-distance""></div>
        <a class=""store-details__main-directions"" href=""javascript:void(0);"" target=""_blank""></a>
    </div>",(470) 317-2700
"<img class=""store-details__map-image"" src=""https://maps.googleapis.com/maps/api/staticmap?center=Dollar+General%2C572+Hwy+85%2CHaralson+GA+30229-0205&amp;zoom=15&amp;size=730x600&amp;markers=icon%3Ahttps%3A%2F%2Fwww.dollargeneral.com%2Fetc.clientlibs%2Fdollargeneral%2Fclientlibs%2Fclientlib-site%2Fresources%2Fimages%2Fstatic-map-pin.png%7C33.2385%2C-84.5664&amp;key=AIzaSyDi0nb6nKeHaDJWFtAvbAIPKBrUuAc_mTY&amp;signature=9d8V1rIKuZRwgAOrlfj-G8LB_i0="" alt=""Google map showing the dropped pin on Dollar General,572 Hwy 85,Haralson GA 30229-0205"">",572 Hwy 85,"Haralson, GA 30229-0205","<div class=""store-details__main-travel"" data-latitude=""33.2385"" data-longitude=""-84.5664"">
        <div class=""store-details__main-distance""></div>
        <a class=""store-details__main-directions"" href=""javascript:void(0);"" target=""_blank""></a>
    </div>",(470) 288-5910
"<img class=""store-details__map-image"" src=""https://maps.googleapis.com/maps/api/staticmap?center=Dollar+General%2C601+W+Milledgeville+Rd%2CHarlem+GA+30814-5086&amp;zoom=15&amp;size=730x600&amp;markers=icon%3Ahttps%3A%2F%2Fwww.dollargeneral.com%2Fetc.clientlibs%2Fdollargeneral%2Fclientlibs%2Fclientlib-site%2Fresources%2Fimages%2Fstatic-map-pin.png%7C33.417296%2C-82.324938&amp;key=AIzaSyDi0nb6nKeHaDJWFtAvbAIPKBrUuAc_mTY&amp;signature=OIzwxvPolmfPJHL8r6Q0Jq_duAU="" alt=""Google map showing the dropped pin on Dollar General,601 W Milledgeville Rd,Harlem GA 30814-5086"">",601 W Milledgeville Rd,"Harlem, GA 30814-5086","<div class=""store-details__main-travel"" data-latitude=""33.417296"" data-longitude=""-82.324938"">
        <div class=""store-details__main-distance""></div>
        <a class=""store-details__main-directions"" href=""javascript:void(0);"" target=""_blank""></a>
    </div>",(762) 675-0255
"<img class=""store-details__map-image"" src=""https://maps.googleapis.com/maps/api/staticmap?center=Dollar+General%2C863+Louisville+Rd%2CHarlem+GA+30814-4201&amp;zoom=15&amp;size=730x600&amp;markers=icon%3Ahttps%3A%2F%2Fwww.dollargeneral.com%2Fetc.clientlibs%2Fdollargeneral%2Fclientlibs%2Fclientlib-site%2Fresources%2Fimages%2Fstatic-map-pin.png%7C33.4739%2C-82.2632&amp;key=AIzaSyDi0nb6nKeHaDJWFtAvbAIPKBrUuAc_mTY&amp;signature=H1iICU_f7x8QIUN7qtttSz9jS4A="" alt=""Google map showing the dropped pin on Dollar General,863 Louisville Rd,Harlem GA 30814-4201"">",863 Louisville Rd,"Harlem, GA 30814-4201","<div class=""store-details__main-travel"" data-latitude=""33.4739"" data-longitude=""-82.2632"">
        <div class=""store-details__main-distance""></div>
        <a class=""store-details__main-directions"" href=""javascript:void(0);"" target=""_blank""></a>
    </div>",(706) 901-3144
"<img class=""store-details__map-image"" src=""https://maps.googleapis.com/maps/api/staticmap?center=Dollar+General%2C180+E+Milledgeville+Rd%2CHarlem+GA+30814-3627&amp;zoom=15&amp;size=730x600&amp;markers=icon%3Ahttps%3A%2F%2Fwww.dollargeneral.com%2Fetc.clientlibs%2Fdollargeneral%2Fclientlibs%2Fclientlib-site%2Fresources%2Fimages%2Fstatic-map-pin.png%7C33.4135%2C-82.3086&amp;key=AIzaSyDi0nb6nKeHaDJWFtAvbAIPKBrUuAc_mTY&amp;signature=y4p_PcNzVpIBepv0koQgK9RJjYg="" alt=""Google map showing the dropped pin on Dollar General,180 E Milledgeville Rd,Harlem GA 30814-3627"">",180 E Milledgeville Rd,"Harlem, GA 30814-3627","<div class=""store-details__main-travel"" data-latitude=""33.4135"" data-longitude=""-82.3086"">
        <div class=""store-details__main-distance""></div>
        <a class=""store-details__main-directions"" href=""javascript:void(0);"" target=""_blank""></a>
    </div>",(573) 258-8538
"<img class=""store-details__map-image"" src=""https://maps.googleapis.com/maps/api/staticmap?center=Dollar+General%2C2066+Main+St%2CHarrison+GA+31035&amp;zoom=15&amp;size=730x600&amp;markers=icon%3Ahttps%3A%2F%2Fwww.dollargeneral.com%2Fetc.clientlibs%2Fdollargeneral%2Fclientlibs%2Fclientlib-site%2Fresources%2Fimages%2Fstatic-map-pin.png%7C32.8242%2C-82.7272&amp;key=AIzaSyDi0nb6nKeHaDJWFtAvbAIPKBrUuAc_mTY&amp;signature=nhwvFp0FHWmC_xL82m7N87l8GwM="" alt=""Google map showing the dropped pin on Dollar General,2066 Main St,Harrison GA 31035"">",2066 Main St,"Harrison, GA 31035","<div class=""store-details__main-travel"" data-latitude=""32.8242"" data-longitude=""-82.7272"">
        <div class=""store-details__main-distance""></div>
        <a class=""store-details__main-directions"" href=""javascript:void(0);"" target=""_blank""></a>
    </div>",(478) 412-6224
"<img class=""store-details__map-image"" src=""https://maps.googleapis.com/maps/api/staticmap?center=Dollar+General%2C26+Swan+Sanders+Road%2CHartwell+GA+30643-3793&amp;zoom=15&amp;size=730x600&amp;markers=icon%3Ahttps%3A%2F%2Fwww.dollargeneral.com%2Fetc.clientlibs%2Fdollargeneral%2Fclientlibs%2Fclientlib-site%2Fresources%2Fimages%2Fstatic-map-pin.png%7C34.413382%2C-82.932523&amp;key=AIzaSyDi0nb6nKeHaDJWFtAvbAIPKBrUuAc_mTY&amp;signature=LIMec84yF-AkmJ-QoqAd38GpqKk="" alt=""Google map showing the dropped pin on Dollar General,26 Swan Sanders Road,Hartwell GA 30643-3793"">",26 Swan Sanders Road,"Hartwell, GA 30643-3793","<div class=""store-details__main-travel"" data-latitude=""34.413382"" data-longitude=""-82.932523"" style=""display: none;"">
        <div class=""store-details__main-distance""></div>
        <a class=""store-details__main-directions"" href=""javascript:void(0);"" target=""_blank""></a>
    </div>",(470) 499-2760
"<img class=""store-details__map-image"" src=""https://maps.googleapis.com/maps/api/staticmap?center=Dollar+General%2C1355+E+Franklin+St%2CHartwell+GA+30643-7132&amp;zoom=15&amp;size=730x600&amp;markers=icon%3Ahttps%3A%2F%2Fwww.dollargeneral.com%2Fetc.clientlibs%2Fdollargeneral%2Fclientlibs%2Fclientlib-site%2Fresources%2Fimages%2Fstatic-map-pin.png%7C34.353972%2C-82.905825&amp;key=AIzaSyDi0nb6nKeHaDJWFtAvbAIPKBrUuAc_mTY&amp;signature=p0HP2IZpn68G6GzJkfnfmZxtqSk="" alt=""Google map showing the dropped pin on Dollar General,1355 E Franklin St,Hartwell GA 30643-7132"">",1355 E Franklin St,"Hartwell, GA 30643-7132","<div class=""store-details__main-travel"" data-latitude=""34.353972"" data-longitude=""-82.905825"">
        <div class=""store-details__main-distance""></div>
        <a class=""store-details__main-directions"" href=""javascript:void(0);"" target=""_blank""></a>
    </div>",(762) 787-0100
"<img class=""store-details__map-image"" src=""https://maps.googleapis.com/maps/api/staticmap?center=Dollar+General%2C2183+Junction+77+Rd%2CHartwell+GA+30643&amp;zoom=15&amp;size=730x600&amp;markers=icon%3Ahttps%3A%2F%2Fwww.dollargeneral.com%2Fetc.clientlibs%2Fdollargeneral%2Fclientlibs%2Fclientlib-site%2Fresources%2Fimages%2Fstatic-map-pin.png%7C34.411%2C-83.0247&amp;key=AIzaSyDi0nb6nKeHaDJWFtAvbAIPKBrUuAc_mTY&amp;signature=IuEYs9vKpO75yhVzCE9erwjNbJY="" alt=""Google map showing the dropped pin on Dollar General,2183 Junction 77 Rd,Hartwell GA 30643"">",2183 Junction 77 Rd,"Hartwell, GA 30643","<div class=""store-details__main-travel"" data-latitude=""34.411"" data-longitude=""-83.0247"">
        <div class=""store-details__main-distance""></div>
        <a class=""store-details__main-directions"" href=""javascript:void(0);"" target=""_blank""></a>
    </div>",(478) 219-3677
"<img class=""store-details__map-image"" src=""https://maps.googleapis.com/maps/api/staticmap?center=Dollar+General%2C30+Beacon+Light+Rd%2CHartwell+GA+30643&amp;zoom=15&amp;size=730x600&amp;markers=icon%3Ahttps%3A%2F%2Fwww.dollargeneral.com%2Fetc.clientlibs%2Fdollargeneral%2Fclientlibs%2Fclientlib-site%2Fresources%2Fimages%2Fstatic-map-pin.png%7C34.3621%2C-82.9647&amp;key=AIzaSyDi0nb6nKeHaDJWFtAvbAIPKBrUuAc_mTY&amp;signature=a5TC7ZaAOZkjdNliFLjnFr2kfWI="" alt=""Google map showing the dropped pin on Dollar General,30 Beacon Light Rd,Hartwell GA 30643"">",30 Beacon Light Rd,"Hartwell, GA 30643","<div class=""store-details__main-travel"" data-latitude=""34.3621"" data-longitude=""-82.9647"" style=""display: none;"">
        <div class=""store-details__main-distance""></div>
        <a class=""store-details__main-directions"" href=""javascript:void(0);"" target=""_blank""></a>
    </div>",(943) 777-4340
"<img class=""store-details__map-image"" src=""https://maps.googleapis.com/maps/api/staticmap?center=Dollar+General%2C2925+Us+Highway+341+S%2CHawkinsville+GA+31036-9682&amp;zoom=15&amp;size=730x600&amp;markers=icon%3Ahttps%3A%2F%2Fwww.dollargeneral.com%2Fetc.clientlibs%2Fdollargeneral%2Fclientlibs%2Fclientlib-site%2Fresources%2Fimages%2Fstatic-map-pin.png%7C32.3871%2C-83.622&amp;key=AIzaSyDi0nb6nKeHaDJWFtAvbAIPKBrUuAc_mTY&amp;signature=ZvtXOJEnHs8nqwFCyJpAKGLYfjQ="" alt=""Google map showing the dropped pin on Dollar General,2925 Us Highway 341 S,Hawkinsville GA 31036-9682"">",2925 Us Highway 341 S,"Hawkinsville, GA 31036-9682","<div class=""store-details__main-travel"" data-latitude=""32.3871"" data-longitude=""-83.622"">
        <div class=""store-details__main-distance""></div>
        <a class=""store-details__main-directions"" href=""javascript:void(0);"" target=""_blank""></a>
    </div>",(478) 273-3150
"<img class=""store-details__map-image"" src=""https://maps.googleapis.com/maps/api/staticmap?center=Dollar+General%2C182+Broad+St%2CHawkinsville+GA+31036-4815&amp;zoom=15&amp;size=730x600&amp;markers=icon%3Ahttps%3A%2F%2Fwww.dollargeneral.com%2Fetc.clientlibs%2Fdollargeneral%2Fclientlibs%2Fclientlib-site%2Fresources%2Fimages%2Fstatic-map-pin.png%7C32.28241%2C-83.47555&amp;key=AIzaSyDi0nb6nKeHaDJWFtAvbAIPKBrUuAc_mTY&amp;signature=30f-lagb5w3ENCjRPynZCUEXj2s="" alt=""Google map showing the dropped pin on Dollar General,182 Broad St,Hawkinsville GA 31036-4815"">",182 Broad St,"Hawkinsville, GA 31036-4815","<div class=""store-details__main-travel"" data-latitude=""32.28241"" data-longitude=""-83.47555"">
        <div class=""store-details__main-distance""></div>
        <a class=""store-details__main-directions"" href=""javascript:void(0);"" target=""_blank""></a>
    </div>",(912) 226-4819
"<img class=""store-details__map-image"" src=""https://maps.googleapis.com/maps/api/staticmap?center=Dollar+General%2C10+Cochran+Hwy%2CHawkinsville+GA+31036-5621&amp;zoom=15&amp;size=730x600&amp;markers=icon%3Ahttps%3A%2F%2Fwww.dollargeneral.com%2Fetc.clientlibs%2Fdollargeneral%2Fclientlibs%2Fclientlib-site%2Fresources%2Fimages%2Fstatic-map-pin.png%7C32.28269%2C-83.45121&amp;key=AIzaSyDi0nb6nKeHaDJWFtAvbAIPKBrUuAc_mTY&amp;signature=dG3dRLkh_Dr4sHWt6fWe5DIUIMQ="" alt=""Google map showing the dropped pin on Dollar General,10 Cochran Hwy,Hawkinsville GA 31036-5621"">",10 Cochran Hwy,"Hawkinsville, GA 31036-5621","<div class=""store-details__main-travel"" data-latitude=""32.28269"" data-longitude=""-83.45121"">
        <div class=""store-details__main-distance""></div>
        <a class=""store-details__main-directions"" href=""javascript:void(0);"" target=""_blank""></a>
    </div>",(912) 581-4662
"<img class=""store-details__map-image"" src=""https://maps.googleapis.com/maps/api/staticmap?center=Dollar+General%2C112+S+Tallahassee+St+Ste+6%2CHazlehurst+GA+31539-6440&amp;zoom=15&amp;size=730x600&amp;markers=icon%3Ahttps%3A%2F%2Fwww.dollargeneral.com%2Fetc.clientlibs%2Fdollargeneral%2Fclientlibs%2Fclientlib-site%2Fresources%2Fimages%2Fstatic-map-pin.png%7C31.8613%2C-82.6035&amp;key=AIzaSyDi0nb6nKeHaDJWFtAvbAIPKBrUuAc_mTY&amp;signature=bhIUjB2V-QO1bt-5PdvhD_2i8LY="" alt=""Google map showing the dropped pin on Dollar General,112 S Tallahassee St Ste 6,Hazlehurst GA 31539-6440"">",112 S Tallahassee St Ste 6,"Hazlehurst, GA 31539-6440","<div class=""store-details__main-travel"" data-latitude=""31.8613"" data-longitude=""-82.6035"" style=""display: none;"">
        <div class=""store-details__main-distance""></div>
        <a class=""store-details__main-directions"" href=""javascript:void(0);"" target=""_blank""></a>
    </div>",(912) 539-6207
"<img class=""store-details__map-image"" src=""https://maps.googleapis.com/maps/api/staticmap?center=Dollar+General%2C102+W+Coffee+Street%2CHazlehurst+GA+31539-6890&amp;zoom=15&amp;size=730x600&amp;markers=icon%3Ahttps%3A%2F%2Fwww.dollargeneral.com%2Fetc.clientlibs%2Fdollargeneral%2Fclientlibs%2Fclientlib-site%2Fresources%2Fimages%2Fstatic-map-pin.png%7C31.87912%2C-82.59777&amp;key=AIzaSyDi0nb6nKeHaDJWFtAvbAIPKBrUuAc_mTY&amp;signature=CYuhNkhBZxVNDdtvpXMJqwfxHJE="" alt=""Google map showing the dropped pin on Dollar General,102 W Coffee Street,Hazlehurst GA 31539-6890"">",102 W Coffee Street,"Hazlehurst, GA 31539-6890","<div class=""store-details__main-travel"" data-latitude=""31.87912"" data-longitude=""-82.59777"">
        <div class=""store-details__main-distance""></div>
        <a class=""store-details__main-directions"" href=""javascript:void(0);"" target=""_blank""></a>
    </div>",(912) 307-9289
"<img class=""store-details__map-image"" src=""https://maps.googleapis.com/maps/api/staticmap?center=Dollar+General%2C8160+S+Main+Alpine+S%2FC+B7%2CHelen+GA+30545-0758&amp;zoom=15&amp;size=730x600&amp;markers=icon%3Ahttps%3A%2F%2Fwww.dollargeneral.com%2Fetc.clientlibs%2Fdollargeneral%2Fclientlibs%2Fclientlib-site%2Fresources%2Fimages%2Fstatic-map-pin.png%7C34.700315%2C-83.722113&amp;key=AIzaSyDi0nb6nKeHaDJWFtAvbAIPKBrUuAc_mTY&amp;signature=BUTDgp2mNk5l_H4a3-GNaL0bkNw="" alt=""Google map showing the dropped pin on Dollar General,8160 S Main Alpine S/C B7,Helen GA 30545-0758"">",8160 S Main Alpine S/C B7,"Helen, GA 30545-0758","<div class=""store-details__main-travel"" data-latitude=""34.700315"" data-longitude=""-83.722113"">
        <div class=""store-details__main-distance""></div>
        <a class=""store-details__main-directions"" href=""javascript:void(0);"" target=""_blank""></a>
    </div>",(470) 208-3778
"<img class=""store-details__map-image"" src=""https://maps.googleapis.com/maps/api/staticmap?center=Dollar+General%2C2489+Tobacco+Rd%2CHephzibah+GA+30815-5951&amp;zoom=15&amp;size=730x600&amp;markers=icon%3Ahttps%3A%2F%2Fwww.dollargeneral.com%2Fetc.clientlibs%2Fdollargeneral%2Fclientlibs%2Fclientlib-site%2Fresources%2Fimages%2Fstatic-map-pin.png%7C33.376876%2C-82.069602&amp;key=AIzaSyDi0nb6nKeHaDJWFtAvbAIPKBrUuAc_mTY&amp;signature=il5AwceTNNJHZAc5RFod4XKXDcw="" alt=""Google map showing the dropped pin on Dollar General,2489 Tobacco Rd,Hephzibah GA 30815-5951"">",2489 Tobacco Rd,"Hephzibah, GA 30815-5951","<div class=""store-details__main-travel"" data-latitude=""33.376876"" data-longitude=""-82.069602"">
        <div class=""store-details__main-distance""></div>
        <a class=""store-details__main-directions"" href=""javascript:void(0);"" target=""_blank""></a>
    </div>",(762) 221-0059
"<img class=""store-details__map-image"" src=""https://maps.googleapis.com/maps/api/staticmap?center=Dollar+General%2C1718+Brown+Rd%2CHephzibah+GA+30815-4404&amp;zoom=15&amp;size=730x600&amp;markers=icon%3Ahttps%3A%2F%2Fwww.dollargeneral.com%2Fetc.clientlibs%2Fdollargeneral%2Fclientlibs%2Fclientlib-site%2Fresources%2Fimages%2Fstatic-map-pin.png%7C33.324977%2C-82.016275&amp;key=AIzaSyDi0nb6nKeHaDJWFtAvbAIPKBrUuAc_mTY&amp;signature=dL0nC2yUzch3kt9k8NSvr6yBsSc="" alt=""Google map showing the dropped pin on Dollar General,1718 Brown Rd,Hephzibah GA 30815-4404"">",1718 Brown Rd,"Hephzibah, GA 30815-4404","<div class=""store-details__main-travel"" data-latitude=""33.324977"" data-longitude=""-82.016275"" style=""display: none;"">
        <div class=""store-details__main-distance""></div>
        <a class=""store-details__main-directions"" href=""javascript:void(0);"" target=""_blank""></a>
    </div>",(706) 751-3565
"<img class=""store-details__map-image"" src=""https://maps.googleapis.com/maps/api/staticmap?center=Dollar+General%2C2858+Tobacco+Rd%2CHephzibah+GA+30815-7004&amp;zoom=15&amp;size=730x600&amp;markers=icon%3Ahttps%3A%2F%2Fwww.dollargeneral.com%2Fetc.clientlibs%2Fdollargeneral%2Fclientlibs%2Fclientlib-site%2Fresources%2Fimages%2Fstatic-map-pin.png%7C33.3897%2C-82.1075&amp;key=AIzaSyDi0nb6nKeHaDJWFtAvbAIPKBrUuAc_mTY&amp;signature=UEdKuU0P6SpGo3GH-XLVqzPI_Tk="" alt=""Google map showing the dropped pin on Dollar General,2858 Tobacco Rd,Hephzibah GA 30815-7004"">",2858 Tobacco Rd,"Hephzibah, GA 30815-7004","<div class=""store-details__main-travel"" data-latitude=""33.3897"" data-longitude=""-82.1075"">
        <div class=""store-details__main-distance""></div>
        <a class=""store-details__main-directions"" href=""javascript:void(0);"" target=""_blank""></a>
    </div>",(706) 592-8140
"<img class=""store-details__map-image"" src=""https://maps.googleapis.com/maps/api/staticmap?center=Dollar+General%2C140+Greiner+Cir%2CHephzibah+GA+30815&amp;zoom=15&amp;size=730x600&amp;markers=icon%3Ahttps%3A%2F%2Fwww.dollargeneral.com%2Fetc.clientlibs%2Fdollargeneral%2Fclientlibs%2Fclientlib-site%2Fresources%2Fimages%2Fstatic-map-pin.png%7C33.2117%2C-82.0433&amp;key=AIzaSyDi0nb6nKeHaDJWFtAvbAIPKBrUuAc_mTY&amp;signature=Y3Grp0DDsHihyXadDRtSed4jVy8="" alt=""Google map showing the dropped pin on Dollar General,140 Greiner Cir,Hephzibah GA 30815"">",140 Greiner Cir,"Hephzibah, GA 30815","<div class=""store-details__main-travel"" data-latitude=""33.2117"" data-longitude=""-82.0433"">
        <div class=""store-details__main-distance""></div>
        <a class=""store-details__main-directions"" href=""javascript:void(0);"" target=""_blank""></a>
    </div>",(762) 212-3670
"<img class=""store-details__map-image"" src=""https://maps.googleapis.com/maps/api/staticmap?center=Dollar+General%2C2464+Ga+Highway+88%2CHephzibah+GA+30815-4628&amp;zoom=15&amp;size=730x600&amp;markers=icon%3Ahttps%3A%2F%2Fwww.dollargeneral.com%2Fetc.clientlibs%2Fdollargeneral%2Fclientlibs%2Fclientlib-site%2Fresources%2Fimages%2Fstatic-map-pin.png%7C33.315371%2C-82.089738&amp;key=AIzaSyDi0nb6nKeHaDJWFtAvbAIPKBrUuAc_mTY&amp;signature=LbKxueY8OSZBT31uh-s6QV_-CFs="" alt=""Google map showing the dropped pin on Dollar General,2464 Ga Highway 88,Hephzibah GA 30815-4628"">",2464 Ga Highway 88,"Hephzibah, GA 30815-4628","<div class=""store-details__main-travel"" data-latitude=""33.315371"" data-longitude=""-82.089738"">
        <div class=""store-details__main-distance""></div>
        <a class=""store-details__main-directions"" href=""javascript:void(0);"" target=""_blank""></a>
    </div>",(762) 221-0203
"<img class=""store-details__map-image"" src=""https://maps.googleapis.com/maps/api/staticmap?center=Dollar+General%2C4506+Windsor+Spring+Rd%2CHephzibah+GA+30815&amp;zoom=15&amp;size=730x600&amp;markers=icon%3Ahttps%3A%2F%2Fwww.dollargeneral.com%2Fetc.clientlibs%2Fdollargeneral%2Fclientlibs%2Fclientlib-site%2Fresources%2Fimages%2Fstatic-map-pin.png%7C33.341%2C-82.0835&amp;key=AIzaSyDi0nb6nKeHaDJWFtAvbAIPKBrUuAc_mTY&amp;signature=aRyfO5Wi8V9f1QrSd7UZDowyC3Q="" alt=""Google map showing the dropped pin on Dollar General,4506 Windsor Spring Rd,Hephzibah GA 30815"">",4506 Windsor Spring Rd,"Hephzibah, GA 30815","<div class=""store-details__main-travel"" data-latitude=""33.341"" data-longitude=""-82.0835"" style=""display: none;"">
        <div class=""store-details__main-distance""></div>
        <a class=""store-details__main-directions"" href=""javascript:void(0);"" target=""_blank""></a>
    </div>",(706) 804-2340
"<img class=""store-details__map-image"" src=""https://maps.googleapis.com/maps/api/staticmap?center=Dollar+General%2C1835+Sunnyside+Road%2CHiawassee+GA+30546-3978&amp;zoom=15&amp;size=730x600&amp;markers=icon%3Ahttps%3A%2F%2Fwww.dollargeneral.com%2Fetc.clientlibs%2Fdollargeneral%2Fclientlibs%2Fclientlib-site%2Fresources%2Fimages%2Fstatic-map-pin.png%7C34.92126%2C-83.7319&amp;key=AIzaSyDi0nb6nKeHaDJWFtAvbAIPKBrUuAc_mTY&amp;signature=vNbe6bGZfZKxSpoLuPQSFHPLzVU="" alt=""Google map showing the dropped pin on Dollar General,1835 Sunnyside Road,Hiawassee GA 30546-3978"">",1835 Sunnyside Road,"Hiawassee, GA 30546-3978","<div class=""store-details__main-travel"" data-latitude=""34.92126"" data-longitude=""-83.7319"">
        <div class=""store-details__main-distance""></div>
        <a class=""store-details__main-directions"" href=""javascript:void(0);"" target=""_blank""></a>
    </div>",(423) 250-3625
"<img class=""store-details__map-image"" src=""https://maps.googleapis.com/maps/api/staticmap?center=Dollar+General%2C500+N+Main+St%2CHiawassee+GA+30546-0189&amp;zoom=15&amp;size=730x600&amp;markers=icon%3Ahttps%3A%2F%2Fwww.dollargeneral.com%2Fetc.clientlibs%2Fdollargeneral%2Fclientlibs%2Fclientlib-site%2Fresources%2Fimages%2Fstatic-map-pin.png%7C34.955106%2C-83.760012&amp;key=AIzaSyDi0nb6nKeHaDJWFtAvbAIPKBrUuAc_mTY&amp;signature=pmC9S4jUEixEK6nk0ZyNHihZKtQ="" alt=""Google map showing the dropped pin on Dollar General,500 N Main St,Hiawassee GA 30546-0189"">",500 N Main St,"Hiawassee, GA 30546-0189","<div class=""store-details__main-travel"" data-latitude=""34.955106"" data-longitude=""-83.760012"">
        <div class=""store-details__main-distance""></div>
        <a class=""store-details__main-directions"" href=""javascript:void(0);"" target=""_blank""></a>
    </div>",(470) 290-1121
"<img class=""store-details__map-image"" src=""https://maps.googleapis.com/maps/api/staticmap?center=Dollar+General%2C101+6th+Ave%2CHiltonia+GA+30467-4221&amp;zoom=15&amp;size=730x600&amp;markers=icon%3Ahttps%3A%2F%2Fwww.dollargeneral.com%2Fetc.clientlibs%2Fdollargeneral%2Fclientlibs%2Fclientlib-site%2Fresources%2Fimages%2Fstatic-map-pin.png%7C32.87943%2C-81.65588&amp;key=AIzaSyDi0nb6nKeHaDJWFtAvbAIPKBrUuAc_mTY&amp;signature=tqjsqGNJcWKFYIhzbekXfPdlzgo="" alt=""Google map showing the dropped pin on Dollar General,101 6th Ave,Hiltonia GA 30467-4221"">",101 6th Ave,"Hiltonia, GA 30467-4221","<div class=""store-details__main-travel"" data-latitude=""32.87943"" data-longitude=""-81.65588"">
        <div class=""store-details__main-distance""></div>
        <a class=""store-details__main-directions"" href=""javascript:void(0);"" target=""_blank""></a>
    </div>",(912) 231-5930
"<img class=""store-details__map-image"" src=""https://maps.googleapis.com/maps/api/staticmap?center=Dollar+General%2C113+W+Hendry+St+Ste+A%2CHinesville+GA+31313-3201&amp;zoom=15&amp;size=730x600&amp;markers=icon%3Ahttps%3A%2F%2Fwww.dollargeneral.com%2Fetc.clientlibs%2Fdollargeneral%2Fclientlibs%2Fclientlib-site%2Fresources%2Fimages%2Fstatic-map-pin.png%7C31.8445%2C-81.5975&amp;key=AIzaSyDi0nb6nKeHaDJWFtAvbAIPKBrUuAc_mTY&amp;signature=d6qGWzb0ugxdQBu4qanbxZRSUCA="" alt=""Google map showing the dropped pin on Dollar General,113 W Hendry St Ste A,Hinesville GA 31313-3201"">",113 W Hendry St Ste A,"Hinesville, GA 31313-3201","<div class=""store-details__main-travel"" data-latitude=""31.8445"" data-longitude=""-81.5975"" style=""display: none;"">
        <div class=""store-details__main-distance""></div>
        <a class=""store-details__main-directions"" href=""javascript:void(0);"" target=""_blank""></a>
    </div>",(912) 231-5128
"<img class=""store-details__map-image"" src=""https://maps.googleapis.com/maps/api/staticmap?center=Dollar+General%2C4620+E+Oglethorpe+Hwy%2CHinesville+GA+31313-1432&amp;zoom=15&amp;size=730x600&amp;markers=icon%3Ahttps%3A%2F%2Fwww.dollargeneral.com%2Fetc.clientlibs%2Fdollargeneral%2Fclientlibs%2Fclientlib-site%2Fresources%2Fimages%2Fstatic-map-pin.png%7C31.8319%2C-81.5308&amp;key=AIzaSyDi0nb6nKeHaDJWFtAvbAIPKBrUuAc_mTY&amp;signature=_YbnKPspqsF7dxQbIHQjVW_SLLg="" alt=""Google map showing the dropped pin on Dollar General,4620 E Oglethorpe Hwy,Hinesville GA 31313-1432"">",4620 E Oglethorpe Hwy,"Hinesville, GA 31313-1432","<div class=""store-details__main-travel"" data-latitude=""31.8319"" data-longitude=""-81.5308"">
        <div class=""store-details__main-distance""></div>
        <a class=""store-details__main-directions"" href=""javascript:void(0);"" target=""_blank""></a>
    </div>",(912) 226-1642
"<img class=""store-details__map-image"" src=""https://maps.googleapis.com/maps/api/staticmap?center=Dollar+General%2C1112+W+Oglethorpe+Hwy+Ste%2CHinesville+GA+31313-5411&amp;zoom=15&amp;size=730x600&amp;markers=icon%3Ahttps%3A%2F%2Fwww.dollargeneral.com%2Fetc.clientlibs%2Fdollargeneral%2Fclientlibs%2Fclientlib-site%2Fresources%2Fimages%2Fstatic-map-pin.png%7C31.808968%2C-81.602679&amp;key=AIzaSyDi0nb6nKeHaDJWFtAvbAIPKBrUuAc_mTY&amp;signature=p2G6WyWCYXhTAkFxsek2R7NTel8="" alt=""Google map showing the dropped pin on Dollar General,1112 W Oglethorpe Hwy Ste,Hinesville GA 31313-5411"">",1112 W Oglethorpe Hwy Ste,"Hinesville, GA 31313-5411","<div class=""store-details__main-travel"" data-latitude=""31.808968"" data-longitude=""-81.602679"">
        <div class=""store-details__main-distance""></div>
        <a class=""store-details__main-directions"" href=""javascript:void(0);"" target=""_blank""></a>
    </div>",(912) 328-1410
"<img class=""store-details__map-image"" src=""https://maps.googleapis.com/maps/api/staticmap?center=Dollar+General%2C3463+Hwy+196+West%2CHinesville+GA+31313-7875&amp;zoom=15&amp;size=730x600&amp;markers=icon%3Ahttps%3A%2F%2Fwww.dollargeneral.com%2Fetc.clientlibs%2Fdollargeneral%2Fclientlibs%2Fclientlib-site%2Fresources%2Fimages%2Fstatic-map-pin.png%7C31.8095%2C-81.6656&amp;key=AIzaSyDi0nb6nKeHaDJWFtAvbAIPKBrUuAc_mTY&amp;signature=atAEz1GB7Gtzny9SqKmzpRFLwzM="" alt=""Google map showing the dropped pin on Dollar General,3463 Hwy 196 West,Hinesville GA 31313-7875"">",3463 Hwy 196 West,"Hinesville, GA 31313-7875","<div class=""store-details__main-travel"" data-latitude=""31.8095"" data-longitude=""-81.6656"">
        <div class=""store-details__main-distance""></div>
        <a class=""store-details__main-directions"" href=""javascript:void(0);"" target=""_blank""></a>
    </div>",(912) 330-1556
"<img class=""store-details__map-image"" src=""https://maps.googleapis.com/maps/api/staticmap?center=Dollar+General%2C1165+Ga+Highway+196+W%2CHinesville+GA+31313-8011&amp;zoom=15&amp;size=730x600&amp;markers=icon%3Ahttps%3A%2F%2Fwww.dollargeneral.com%2Fetc.clientlibs%2Fdollargeneral%2Fclientlibs%2Fclientlib-site%2Fresources%2Fimages%2Fstatic-map-pin.png%7C31.823505%2C-81.630668&amp;key=AIzaSyDi0nb6nKeHaDJWFtAvbAIPKBrUuAc_mTY&amp;signature=5egiH5QH9f0ZBOTazXd7au6cyV8="" alt=""Google map showing the dropped pin on Dollar General,1165 Ga Highway 196 W,Hinesville GA 31313-8011"">",1165 Ga Highway 196 W,"Hinesville, GA 31313-8011","<div class=""store-details__main-travel"" data-latitude=""31.823505"" data-longitude=""-81.630668"" style=""display: none;"">
        <div class=""store-details__main-distance""></div>
        <a class=""store-details__main-directions"" href=""javascript:void(0);"" target=""_blank""></a>
    </div>",(912) 244-4150
"<img class=""store-details__map-image"" src=""https://maps.googleapis.com/maps/api/staticmap?center=Dollar+General%2C1670+Hiram+Douglasville+H%2CHiram+GA+30141-3729&amp;zoom=15&amp;size=730x600&amp;markers=icon%3Ahttps%3A%2F%2Fwww.dollargeneral.com%2Fetc.clientlibs%2Fdollargeneral%2Fclientlibs%2Fclientlib-site%2Fresources%2Fimages%2Fstatic-map-pin.png%7C33.869%2C-84.7646&amp;key=AIzaSyDi0nb6nKeHaDJWFtAvbAIPKBrUuAc_mTY&amp;signature=pELvDncr3Jy1AVN930Vmc3QEa74="" alt=""Google map showing the dropped pin on Dollar General,1670 Hiram Douglasville H,Hiram GA 30141-3729"">",1670 Hiram Douglasville H,"Hiram, GA 30141-3729","<div class=""store-details__main-travel"" data-latitude=""33.869"" data-longitude=""-84.7646"">
        <div class=""store-details__main-distance""></div>
        <a class=""store-details__main-directions"" href=""javascript:void(0);"" target=""_blank""></a>
    </div>",(470) 632-4031
"<img class=""store-details__map-image"" src=""https://maps.googleapis.com/maps/api/staticmap?center=Dollar+General%2C4817+Main+St+E%2CHoboken+GA+31542-3549&amp;zoom=15&amp;size=730x600&amp;markers=icon%3Ahttps%3A%2F%2Fwww.dollargeneral.com%2Fetc.clientlibs%2Fdollargeneral%2Fclientlibs%2Fclientlib-site%2Fresources%2Fimages%2Fstatic-map-pin.png%7C31.181767%2C-82.128679&amp;key=AIzaSyDi0nb6nKeHaDJWFtAvbAIPKBrUuAc_mTY&amp;signature=vvuwoO8mwaAgOE6S6dIfjcAU7DI="" alt=""Google map showing the dropped pin on Dollar General,4817 Main St E,Hoboken GA 31542-3549"">",4817 Main St E,"Hoboken, GA 31542-3549","<div class=""store-details__main-travel"" data-latitude=""31.181767"" data-longitude=""-82.128679"" style=""display: none;"">
        <div class=""store-details__main-distance""></div>
        <a class=""store-details__main-directions"" href=""javascript:void(0);"" target=""_blank""></a>
    </div>",(912) 215-6024
"<img class=""store-details__map-image"" src=""https://maps.googleapis.com/maps/api/staticmap?center=Dollar+General%2C103+South+Hwy%2CHogansville+GA+30230-1435&amp;zoom=15&amp;size=730x600&amp;markers=icon%3Ahttps%3A%2F%2Fwww.dollargeneral.com%2Fetc.clientlibs%2Fdollargeneral%2Fclientlibs%2Fclientlib-site%2Fresources%2Fimages%2Fstatic-map-pin.png%7C33.172402%2C-84.915275&amp;key=AIzaSyDi0nb6nKeHaDJWFtAvbAIPKBrUuAc_mTY&amp;signature=rp5DVPIr2gJn2ZQ0Y3ooNDYTV2w="" alt=""Google map showing the dropped pin on Dollar General,103 South Hwy,Hogansville GA 30230-1435"">",103 South Hwy # 29,"Hogansville, GA 30230-1435","<div class=""store-details__main-travel"" data-latitude=""33.172402"" data-longitude=""-84.915275"">
        <div class=""store-details__main-distance""></div>
        <a class=""store-details__main-directions"" href=""javascript:void(0);"" target=""_blank""></a>
    </div>",(706) 452-7958
"<img class=""store-details__map-image"" src=""https://maps.googleapis.com/maps/api/staticmap?center=Dollar+General%2C2979+Coweta+Heard+Rd%2CHogansville+GA+30230-3519&amp;zoom=15&amp;size=730x600&amp;markers=icon%3Ahttps%3A%2F%2Fwww.dollargeneral.com%2Fetc.clientlibs%2Fdollargeneral%2Fclientlibs%2Fclientlib-site%2Fresources%2Fimages%2Fstatic-map-pin.png%7C33.2297%2C-84.9433&amp;key=AIzaSyDi0nb6nKeHaDJWFtAvbAIPKBrUuAc_mTY&amp;signature=G2jb4ScGg2h0YIvlnmHDYoNaUqY="" alt=""Google map showing the dropped pin on Dollar General,2979 Coweta Heard Rd,Hogansville GA 30230-3519"">",2979 Coweta Heard Rd,"Hogansville, GA 30230-3519","<div class=""store-details__main-travel"" data-latitude=""33.2297"" data-longitude=""-84.9433"">
        <div class=""store-details__main-distance""></div>
        <a class=""store-details__main-directions"" href=""javascript:void(0);"" target=""_blank""></a>
    </div>",(706) 637-3830
"<img class=""store-details__map-image"" src=""https://maps.googleapis.com/maps/api/staticmap?center=Dollar+General%2C480+Evans+St%2CHomer+GA+30547-2813&amp;zoom=15&amp;size=730x600&amp;markers=icon%3Ahttps%3A%2F%2Fwww.dollargeneral.com%2Fetc.clientlibs%2Fdollargeneral%2Fclientlibs%2Fclientlib-site%2Fresources%2Fimages%2Fstatic-map-pin.png%7C34.322726%2C-83.502717&amp;key=AIzaSyDi0nb6nKeHaDJWFtAvbAIPKBrUuAc_mTY&amp;signature=cNV6a_YMIyIPPdSUXyhh91-pAPg="" alt=""Google map showing the dropped pin on Dollar General,480 Evans St,Homer GA 30547-2813"">",480 Evans St,"Homer, GA 30547-2813","<div class=""store-details__main-travel"" data-latitude=""34.322726"" data-longitude=""-83.502717"">
        <div class=""store-details__main-distance""></div>
        <a class=""store-details__main-directions"" href=""javascript:void(0);"" target=""_blank""></a>
    </div>",(470) 465-2330
"<img class=""store-details__map-image"" src=""https://maps.googleapis.com/maps/api/staticmap?center=Dollar+General%2C2702+Sample+Scales+Rd%2CHomer+GA+30547&amp;zoom=15&amp;size=730x600&amp;markers=icon%3Ahttps%3A%2F%2Fwww.dollargeneral.com%2Fetc.clientlibs%2Fdollargeneral%2Fclientlibs%2Fclientlib-site%2Fresources%2Fimages%2Fstatic-map-pin.png%7C34.4019%2C-83.4881&amp;key=AIzaSyDi0nb6nKeHaDJWFtAvbAIPKBrUuAc_mTY&amp;signature=4ryXhPauWIKB1G7gtp4_TBUiKRc="" alt=""Google map showing the dropped pin on Dollar General,2702 Sample Scales Rd,Homer GA 30547"">",2702 Sample Scales Rd,"Homer, GA 30547","<div class=""store-details__main-travel"" data-latitude=""34.4019"" data-longitude=""-83.4881"">
        <div class=""store-details__main-distance""></div>
        <a class=""store-details__main-directions"" href=""javascript:void(0);"" target=""_blank""></a>
    </div>",(615) 855-4000
"<img class=""store-details__map-image"" src=""https://maps.googleapis.com/maps/api/staticmap?center=Dollar+General%2C471+S+Church+St%2CHomerville+GA+31634-3059&amp;zoom=15&amp;size=730x600&amp;markers=icon%3Ahttps%3A%2F%2Fwww.dollargeneral.com%2Fetc.clientlibs%2Fdollargeneral%2Fclientlibs%2Fclientlib-site%2Fresources%2Fimages%2Fstatic-map-pin.png%7C31.030496%2C-82.742717&amp;key=AIzaSyDi0nb6nKeHaDJWFtAvbAIPKBrUuAc_mTY&amp;signature=4LFRjh6X0JA4zSMLCzoa302Gsqw="" alt=""Google map showing the dropped pin on Dollar General,471 S Church St,Homerville GA 31634-3059"">",471 S Church St,"Homerville, GA 31634-3059","<div class=""store-details__main-travel"" data-latitude=""31.030496"" data-longitude=""-82.742717"" style=""display: none;"">
        <div class=""store-details__main-distance""></div>
        <a class=""store-details__main-directions"" href=""javascript:void(0);"" target=""_blank""></a>
    </div>",(912) 244-4130
"<img class=""store-details__map-image"" src=""https://maps.googleapis.com/maps/api/staticmap?center=Dollar+General%2C1071+Pearson+Hwy%2CHomerville+GA+31634-1707&amp;zoom=15&amp;size=730x600&amp;markers=icon%3Ahttps%3A%2F%2Fwww.dollargeneral.com%2Fetc.clientlibs%2Fdollargeneral%2Fclientlibs%2Fclientlib-site%2Fresources%2Fimages%2Fstatic-map-pin.png%7C31.0463%2C-82.7585&amp;key=AIzaSyDi0nb6nKeHaDJWFtAvbAIPKBrUuAc_mTY&amp;signature=B9OU5irmLFDZRD-A0OtFt_xUOhM="" alt=""Google map showing the dropped pin on Dollar General,1071 Pearson Hwy,Homerville GA 31634-1707"">",1071 Pearson Hwy,"Homerville, GA 31634-1707","<div class=""store-details__main-travel"" data-latitude=""31.0463"" data-longitude=""-82.7585"">
        <div class=""store-details__main-distance""></div>
        <a class=""store-details__main-directions"" href=""javascript:void(0);"" target=""_blank""></a>
    </div>",(229) 588-2760
"<img class=""store-details__map-image"" src=""https://maps.googleapis.com/maps/api/staticmap?center=Dollar+General%2C5206+Highway+32+W%2CHortense+GA+31543-3866&amp;zoom=15&amp;size=730x600&amp;markers=icon%3Ahttps%3A%2F%2Fwww.dollargeneral.com%2Fetc.clientlibs%2Fdollargeneral%2Fclientlibs%2Fclientlib-site%2Fresources%2Fimages%2Fstatic-map-pin.png%7C31.3345%2C-81.949&amp;key=AIzaSyDi0nb6nKeHaDJWFtAvbAIPKBrUuAc_mTY&amp;signature=kEbLEXF_FoiOn4MyzZTKkIXzqHQ="" alt=""Google map showing the dropped pin on Dollar General,5206 Highway 32 W,Hortense GA 31543-3866"">",5206 Highway 32 W,"Hortense, GA 31543-3866","<div class=""store-details__main-travel"" data-latitude=""31.3345"" data-longitude=""-81.949"">
        <div class=""store-details__main-distance""></div>
        <a class=""store-details__main-directions"" href=""javascript:void(0);"" target=""_blank""></a>
    </div>",(706) 690-8906
"<img class=""store-details__map-image"" src=""https://maps.googleapis.com/maps/api/staticmap?center=Dollar+General%2C21317+Hwy+82%2CHortense+GA+31543-3907&amp;zoom=15&amp;size=730x600&amp;markers=icon%3Ahttps%3A%2F%2Fwww.dollargeneral.com%2Fetc.clientlibs%2Fdollargeneral%2Fclientlibs%2Fclientlib-site%2Fresources%2Fimages%2Fstatic-map-pin.png%7C31.2217%2C-81.8551&amp;key=AIzaSyDi0nb6nKeHaDJWFtAvbAIPKBrUuAc_mTY&amp;signature=aizRGbMLgcc8jLruuk8KhfDOBfs="" alt=""Google map showing the dropped pin on Dollar General,21317 Hwy 82,Hortense GA 31543-3907"">",21317 Hwy 82,"Hortense, GA 31543-3907","<div class=""store-details__main-travel"" data-latitude=""31.2217"" data-longitude=""-81.8551"">
        <div class=""store-details__main-distance""></div>
        <a class=""store-details__main-directions"" href=""javascript:void(0);"" target=""_blank""></a>
    </div>",(912) 387-4404
"<img class=""store-details__map-image"" src=""https://maps.googleapis.com/maps/api/staticmap?center=Dollar+General%2C1887+Highway+211+Nw%2CHoschton+GA+30548-3524&amp;zoom=15&amp;size=730x600&amp;markers=icon%3Ahttps%3A%2F%2Fwww.dollargeneral.com%2Fetc.clientlibs%2Fdollargeneral%2Fclientlibs%2Fclientlib-site%2Fresources%2Fimages%2Fstatic-map-pin.png%7C34.0901%2C-83.8047&amp;key=AIzaSyDi0nb6nKeHaDJWFtAvbAIPKBrUuAc_mTY&amp;signature=xuzMouASzHlJjvp0uj7yMD4PfoI="" alt=""Google map showing the dropped pin on Dollar General,1887 Highway 211 Nw,Hoschton GA 30548-3524"">",1887 Highway 211 Nw,"Hoschton, GA 30548-3524","<div class=""store-details__main-travel"" data-latitude=""34.0901"" data-longitude=""-83.8047"" style=""display: none;"">
        <div class=""store-details__main-distance""></div>
        <a class=""store-details__main-directions"" href=""javascript:void(0);"" target=""_blank""></a>
    </div>",(470) 266-2370
"<img class=""store-details__map-image"" src=""https://maps.googleapis.com/maps/api/staticmap?center=Dollar+General%2C1640+Glenn+Carrie+Rd%2CHull+GA+30646-4222&amp;zoom=15&amp;size=730x600&amp;markers=icon%3Ahttps%3A%2F%2Fwww.dollargeneral.com%2Fetc.clientlibs%2Fdollargeneral%2Fclientlibs%2Fclientlib-site%2Fresources%2Fimages%2Fstatic-map-pin.png%7C34.030984%2C-83.314661&amp;key=AIzaSyDi0nb6nKeHaDJWFtAvbAIPKBrUuAc_mTY&amp;signature=pgazCnuxfI5-Fnc3iMZna_qNL4o="" alt=""Google map showing the dropped pin on Dollar General,1640 Glenn Carrie Rd,Hull GA 30646-4222"">",1640 Glenn Carrie Rd,"Hull, GA 30646-4222","<div class=""store-details__main-travel"" data-latitude=""34.030984"" data-longitude=""-83.314661"">
        <div class=""store-details__main-distance""></div>
        <a class=""store-details__main-directions"" href=""javascript:void(0);"" target=""_blank""></a>
    </div>",(762) 499-0098
"<img class=""store-details__map-image"" src=""https://maps.googleapis.com/maps/api/staticmap?center=Dollar+General%2C403+Tom+Watson+Ave%2CIdeal+GA+31041-6238&amp;zoom=15&amp;size=730x600&amp;markers=icon%3Ahttps%3A%2F%2Fwww.dollargeneral.com%2Fetc.clientlibs%2Fdollargeneral%2Fclientlibs%2Fclientlib-site%2Fresources%2Fimages%2Fstatic-map-pin.png%7C32.3738%2C-84.1888&amp;key=AIzaSyDi0nb6nKeHaDJWFtAvbAIPKBrUuAc_mTY&amp;signature=HpdeeFhC103bFNEBgGZOOWLGti0="" alt=""Google map showing the dropped pin on Dollar General,403 Tom Watson Ave,Ideal GA 31041-6238"">",403 Tom Watson Ave,"Ideal, GA 31041-6238","<div class=""store-details__main-travel"" data-latitude=""32.3738"" data-longitude=""-84.1888"">
        <div class=""store-details__main-distance""></div>
        <a class=""store-details__main-directions"" href=""javascript:void(0);"" target=""_blank""></a>
    </div>",(478) 298-4087
"<img class=""store-details__map-image"" src=""https://maps.googleapis.com/maps/api/staticmap?center=Dollar+General%2C5118+Danielsville+St%2CIla+GA+30647-0476&amp;zoom=15&amp;size=730x600&amp;markers=icon%3Ahttps%3A%2F%2Fwww.dollargeneral.com%2Fetc.clientlibs%2Fdollargeneral%2Fclientlibs%2Fclientlib-site%2Fresources%2Fimages%2Fstatic-map-pin.png%7C34.1715%2C-83.2898&amp;key=AIzaSyDi0nb6nKeHaDJWFtAvbAIPKBrUuAc_mTY&amp;signature=xNuOwLf7wUytvPCO0RKk1AqDM9M="" alt=""Google map showing the dropped pin on Dollar General,5118 Danielsville St,Ila GA 30647-0476"">",5118 Danielsville St,"Ila, GA 30647-0476","<div class=""store-details__main-travel"" data-latitude=""34.1715"" data-longitude=""-83.2898"" style=""display: none;"">
        <div class=""store-details__main-distance""></div>
        <a class=""store-details__main-directions"" href=""javascript:void(0);"" target=""_blank""></a>
    </div>",(706) 363-3441
"<img class=""store-details__map-image"" src=""https://maps.googleapis.com/maps/api/staticmap?center=Dollar+General%2C267+Dunham+St+Se%2CIron+City+GA+39859-3730&amp;zoom=15&amp;size=730x600&amp;markers=icon%3Ahttps%3A%2F%2Fwww.dollargeneral.com%2Fetc.clientlibs%2Fdollargeneral%2Fclientlibs%2Fclientlib-site%2Fresources%2Fimages%2Fstatic-map-pin.png%7C31.009%2C-84.8032&amp;key=AIzaSyDi0nb6nKeHaDJWFtAvbAIPKBrUuAc_mTY&amp;signature=u162RDYFTjTMwX0J5xRPgEMaRC8="" alt=""Google map showing the dropped pin on Dollar General,267 Dunham St Se,Iron City GA 39859-3730"">",267 Dunham St Se,"Iron City, GA 39859-3730","<div class=""store-details__main-travel"" data-latitude=""31.009"" data-longitude=""-84.8032"">
        <div class=""store-details__main-distance""></div>
        <a class=""store-details__main-directions"" href=""javascript:void(0);"" target=""_blank""></a>
    </div>",(470) 231-0409
"<img class=""store-details__map-image"" src=""https://maps.googleapis.com/maps/api/staticmap?center=Dollar+General%2C120+Main+Street%2CIrwinton+GA+31042-2602&amp;zoom=15&amp;size=730x600&amp;markers=icon%3Ahttps%3A%2F%2Fwww.dollargeneral.com%2Fetc.clientlibs%2Fdollargeneral%2Fclientlibs%2Fclientlib-site%2Fresources%2Fimages%2Fstatic-map-pin.png%7C32.812593%2C-83.176887&amp;key=AIzaSyDi0nb6nKeHaDJWFtAvbAIPKBrUuAc_mTY&amp;signature=U3u5iQnOrmG0xvIsHrAc2pKPObc="" alt=""Google map showing the dropped pin on Dollar General,120 Main Street,Irwinton GA 31042-2602"">",120 Main Street,"Irwinton, GA 31042-2602","<div class=""store-details__main-travel"" data-latitude=""32.812593"" data-longitude=""-83.176887"">
        <div class=""store-details__main-distance""></div>
        <a class=""store-details__main-directions"" href=""javascript:void(0);"" target=""_blank""></a>
    </div>",(470) 462-3976
"<img class=""store-details__map-image"" src=""https://maps.googleapis.com/maps/api/staticmap?center=Dollar+General%2C15+Towaliga+River+Dr%2CJackson+GA+30233-6647&amp;zoom=15&amp;size=730x600&amp;markers=icon%3Ahttps%3A%2F%2Fwww.dollargeneral.com%2Fetc.clientlibs%2Fdollargeneral%2Fclientlibs%2Fclientlib-site%2Fresources%2Fimages%2Fstatic-map-pin.png%7C33.1767%2C-84.0199&amp;key=AIzaSyDi0nb6nKeHaDJWFtAvbAIPKBrUuAc_mTY&amp;signature=yLEnvGoZn-OtwlUyQomIOb30w24="" alt=""Google map showing the dropped pin on Dollar General,15 Towaliga River Dr,Jackson GA 30233-6647"">",15 Towaliga River Dr,"Jackson, GA 30233-6647","<div class=""store-details__main-travel"" data-latitude=""33.1767"" data-longitude=""-84.0199"">
        <div class=""store-details__main-distance""></div>
        <a class=""store-details__main-directions"" href=""javascript:void(0);"" target=""_blank""></a>
    </div>",(470) 928-2142
"<img class=""store-details__map-image"" src=""https://maps.googleapis.com/maps/api/staticmap?center=Dollar+General%2C6+E+Dogwood+Dr%2CJacksonville+GA+31544-1753&amp;zoom=15&amp;size=730x600&amp;markers=icon%3Ahttps%3A%2F%2Fwww.dollargeneral.com%2Fetc.clientlibs%2Fdollargeneral%2Fclientlibs%2Fclientlib-site%2Fresources%2Fimages%2Fstatic-map-pin.png%7C31.8125%2C-82.9789&amp;key=AIzaSyDi0nb6nKeHaDJWFtAvbAIPKBrUuAc_mTY&amp;signature=BgYwBRydpW3S5myKEuAYYpaqgf8="" alt=""Google map showing the dropped pin on Dollar General,6 E Dogwood Dr,Jacksonville GA 31544-1753"">",6 E Dogwood Dr,"Jacksonville, GA 31544-1753","<div class=""store-details__main-travel"" data-latitude=""31.8125"" data-longitude=""-82.9789"">
        <div class=""store-details__main-distance""></div>
        <a class=""store-details__main-directions"" href=""javascript:void(0);"" target=""_blank""></a>
    </div>",(706) 309-7778
"<img class=""store-details__map-image"" src=""https://maps.googleapis.com/maps/api/staticmap?center=Dollar+General%2C1197+Jq+Harvey+Rd%2CJakin+GA+39861-5743&amp;zoom=15&amp;size=730x600&amp;markers=icon%3Ahttps%3A%2F%2Fwww.dollargeneral.com%2Fetc.clientlibs%2Fdollargeneral%2Fclientlibs%2Fclientlib-site%2Fresources%2Fimages%2Fstatic-map-pin.png%7C31.0916%2C-84.9965&amp;key=AIzaSyDi0nb6nKeHaDJWFtAvbAIPKBrUuAc_mTY&amp;signature=tLFF81XY1Hnu11NFFRWxJ38NCqk="" alt=""Google map showing the dropped pin on Dollar General,1197 Jq Harvey Rd,Jakin GA 39861-5743"">",1197 Jq Harvey Rd,"Jakin, GA 39861-5743","<div class=""store-details__main-travel"" data-latitude=""31.0916"" data-longitude=""-84.9965"">
        <div class=""store-details__main-distance""></div>
        <a class=""store-details__main-directions"" href=""javascript:void(0);"" target=""_blank""></a>
    </div>",(470) 601-6180
"<img class=""store-details__map-image"" src=""https://maps.googleapis.com/maps/api/staticmap?center=Dollar+General%2C890+W+Church+St%2CJasper+GA+30143-1488&amp;zoom=15&amp;size=730x600&amp;markers=icon%3Ahttps%3A%2F%2Fwww.dollargeneral.com%2Fetc.clientlibs%2Fdollargeneral%2Fclientlibs%2Fclientlib-site%2Fresources%2Fimages%2Fstatic-map-pin.png%7C34.4656%2C-84.4445&amp;key=AIzaSyDi0nb6nKeHaDJWFtAvbAIPKBrUuAc_mTY&amp;signature=q8pK5JgmUIgmD3Vht6pa5ZamdCU="" alt=""Google map showing the dropped pin on Dollar General,890 W Church St,Jasper GA 30143-1488"">",890 W Church St,"Jasper, GA 30143-1488","<div class=""store-details__main-travel"" data-latitude=""34.4656"" data-longitude=""-84.4445"">
        <div class=""store-details__main-distance""></div>
        <a class=""store-details__main-directions"" href=""javascript:void(0);"" target=""_blank""></a>
    </div>",(470) 601-6569
"<img class=""store-details__map-image"" src=""https://maps.googleapis.com/maps/api/staticmap?center=Dollar+General%2C115+Interstate+Drive+South%2CJasper+GA+30143&amp;zoom=15&amp;size=730x600&amp;markers=icon%3Ahttps%3A%2F%2Fwww.dollargeneral.com%2Fetc.clientlibs%2Fdollargeneral%2Fclientlibs%2Fclientlib-site%2Fresources%2Fimages%2Fstatic-map-pin.png%7C34.399416%2C-84.415918&amp;key=AIzaSyDi0nb6nKeHaDJWFtAvbAIPKBrUuAc_mTY&amp;signature=bsnU9DqLXOKUxVnQTxQjeSoEqi4="" alt=""Google map showing the dropped pin on Dollar General,115 Interstate Drive South,Jasper GA 30143"">",115 Interstate Drive South,"Jasper, GA 30143","<div class=""store-details__main-travel"" data-latitude=""34.399416"" data-longitude=""-84.415918"" style=""display: none;"">
        <div class=""store-details__main-distance""></div>
        <a class=""store-details__main-directions"" href=""javascript:void(0);"" target=""_blank""></a>
    </div>",(470) 869-2802
"<img class=""store-details__map-image"" src=""https://maps.googleapis.com/maps/api/staticmap?center=Dollar+General%2C2351+Cove+Rd%2CJasper+GA+30143&amp;zoom=15&amp;size=730x600&amp;markers=icon%3Ahttps%3A%2F%2Fwww.dollargeneral.com%2Fetc.clientlibs%2Fdollargeneral%2Fclientlibs%2Fclientlib-site%2Fresources%2Fimages%2Fstatic-map-pin.png%7C34.4663%2C-84.3878&amp;key=AIzaSyDi0nb6nKeHaDJWFtAvbAIPKBrUuAc_mTY&amp;signature=AJmBwcHgCqPc0foVRMworCIuNSU="" alt=""Google map showing the dropped pin on Dollar General,2351 Cove Rd,Jasper GA 30143"">",2351 Cove Rd,"Jasper, GA 30143","<div class=""store-details__main-travel"" data-latitude=""34.4663"" data-longitude=""-84.3878"">
        <div class=""store-details__main-distance""></div>
        <a class=""store-details__main-directions"" href=""javascript:void(0);"" target=""_blank""></a>
    </div>",(470) 722-0400
"<img class=""store-details__map-image"" src=""https://maps.googleapis.com/maps/api/staticmap?center=Dollar+General%2C79+Waleska+Hwy+108%2CJasper+GA+30143&amp;zoom=15&amp;size=730x600&amp;markers=icon%3Ahttps%3A%2F%2Fwww.dollargeneral.com%2Fetc.clientlibs%2Fdollargeneral%2Fclientlibs%2Fclientlib-site%2Fresources%2Fimages%2Fstatic-map-pin.png%7C34.4125%2C-84.3906&amp;key=AIzaSyDi0nb6nKeHaDJWFtAvbAIPKBrUuAc_mTY&amp;signature=LRk3l8itQSafcvShsuIh0mlEP5k="" alt=""Google map showing the dropped pin on Dollar General,79 Waleska Hwy 108,Jasper GA 30143"">",79 Waleska Hwy 108,"Jasper, GA 30143","<div class=""store-details__main-travel"" data-latitude=""34.4125"" data-longitude=""-84.3906"">
        <div class=""store-details__main-distance""></div>
        <a class=""store-details__main-directions"" href=""javascript:void(0);"" target=""_blank""></a>
    </div>",(615) 855-4000
"<img class=""store-details__map-image"" src=""https://maps.googleapis.com/maps/api/staticmap?center=Dollar+General%2C397+Highway+82+S%2CJefferson+GA+30549-5724&amp;zoom=15&amp;size=730x600&amp;markers=icon%3Ahttps%3A%2F%2Fwww.dollargeneral.com%2Fetc.clientlibs%2Fdollargeneral%2Fclientlibs%2Fclientlib-site%2Fresources%2Fimages%2Fstatic-map-pin.png%7C34.073054%2C-83.565563&amp;key=AIzaSyDi0nb6nKeHaDJWFtAvbAIPKBrUuAc_mTY&amp;signature=CSehOlOJM3vGRfjSh3J0srbyQyM="" alt=""Google map showing the dropped pin on Dollar General,397 Highway 82 S,Jefferson GA 30549-5724"">",397 Highway 82 S,"Jefferson, GA 30549-5724","<div class=""store-details__main-travel"" data-latitude=""34.073054"" data-longitude=""-83.565563"" style=""display: none;"">
        <div class=""store-details__main-distance""></div>
        <a class=""store-details__main-directions"" href=""javascript:void(0);"" target=""_blank""></a>
    </div>",(762) 499-6770
"<img class=""store-details__map-image"" src=""https://maps.googleapis.com/maps/api/staticmap?center=Dollar+General%2C669+Lee+St%2CJefferson+GA+30549-1357&amp;zoom=15&amp;size=730x600&amp;markers=icon%3Ahttps%3A%2F%2Fwww.dollargeneral.com%2Fetc.clientlibs%2Fdollargeneral%2Fclientlibs%2Fclientlib-site%2Fresources%2Fimages%2Fstatic-map-pin.png%7C34.1139%2C-83.5837&amp;key=AIzaSyDi0nb6nKeHaDJWFtAvbAIPKBrUuAc_mTY&amp;signature=KmwkTPmhTDtnWxFYp3YoIWKdLJ8="" alt=""Google map showing the dropped pin on Dollar General,669 Lee St,Jefferson GA 30549-1357"">",669 Lee St,"Jefferson, GA 30549-1357","<div class=""store-details__main-travel"" data-latitude=""34.1139"" data-longitude=""-83.5837"">
        <div class=""store-details__main-distance""></div>
        <a class=""store-details__main-directions"" href=""javascript:void(0);"" target=""_blank""></a>
    </div>",(706) 389-8552
"<img class=""store-details__map-image"" src=""https://maps.googleapis.com/maps/api/staticmap?center=Dollar+General%2C80+Hwy+124+West%2CJefferson+GA+30549&amp;zoom=15&amp;size=730x600&amp;markers=icon%3Ahttps%3A%2F%2Fwww.dollargeneral.com%2Fetc.clientlibs%2Fdollargeneral%2Fclientlibs%2Fclientlib-site%2Fresources%2Fimages%2Fstatic-map-pin.png%7C34.0921%2C-83.6156&amp;key=AIzaSyDi0nb6nKeHaDJWFtAvbAIPKBrUuAc_mTY&amp;signature=Nic8wMmvdafGGSNIpDa2lJeTJAU="" alt=""Google map showing the dropped pin on Dollar General,80 Hwy 124 West,Jefferson GA 30549"">",80 Hwy 124 West,"Jefferson, GA 30549","<div class=""store-details__main-travel"" data-latitude=""34.0921"" data-longitude=""-83.6156"">
        <div class=""store-details__main-distance""></div>
        <a class=""store-details__main-directions"" href=""javascript:void(0);"" target=""_blank""></a>
    </div>",(762) 499-0087
"<img class=""store-details__map-image"" src=""https://maps.googleapis.com/maps/api/staticmap?center=Dollar+General%2C21+Banks+Rd%2CJefferson+GA+30549-2742&amp;zoom=15&amp;size=730x600&amp;markers=icon%3Ahttps%3A%2F%2Fwww.dollargeneral.com%2Fetc.clientlibs%2Fdollargeneral%2Fclientlibs%2Fclientlib-site%2Fresources%2Fimages%2Fstatic-map-pin.png%7C34.1339%2C-83.5956&amp;key=AIzaSyDi0nb6nKeHaDJWFtAvbAIPKBrUuAc_mTY&amp;signature=FORjFZxekhO98TPKvMgtmxtAF-A="" alt=""Google map showing the dropped pin on Dollar General,21 Banks Rd,Jefferson GA 30549-2742"">",21 Banks Rd,"Jefferson, GA 30549-2742","<div class=""store-details__main-travel"" data-latitude=""34.1339"" data-longitude=""-83.5956"">
        <div class=""store-details__main-distance""></div>
        <a class=""store-details__main-directions"" href=""javascript:void(0);"" target=""_blank""></a>
    </div>",(470) 499-3645
"<img class=""store-details__map-image"" src=""https://maps.googleapis.com/maps/api/staticmap?center=Dollar+General%2C13304+Us+Hwy+80%2CJeffersonville+GA+31044-0131&amp;zoom=15&amp;size=730x600&amp;markers=icon%3Ahttps%3A%2F%2Fwww.dollargeneral.com%2Fetc.clientlibs%2Fdollargeneral%2Fclientlibs%2Fclientlib-site%2Fresources%2Fimages%2Fstatic-map-pin.png%7C32.688722%2C-83.351012&amp;key=AIzaSyDi0nb6nKeHaDJWFtAvbAIPKBrUuAc_mTY&amp;signature=1yikGTYwuRXJKbcmBeV_Le__lx8="" alt=""Google map showing the dropped pin on Dollar General,13304 Us Hwy 80,Jeffersonville GA 31044-0131"">",13304 Us Hwy 80,"Jeffersonville, GA 31044-0131","<div class=""store-details__main-travel"" data-latitude=""32.688722"" data-longitude=""-83.351012"" style=""display: none;"">
        <div class=""store-details__main-distance""></div>
        <a class=""store-details__main-directions"" href=""javascript:void(0);"" target=""_blank""></a>
    </div>",(478) 324-0887
"<img class=""store-details__map-image"" src=""https://maps.googleapis.com/maps/api/staticmap?center=Dollar+General%2C2310+Highway+42+N%2CJenkinsburg+GA+30234-2466&amp;zoom=15&amp;size=730x600&amp;markers=icon%3Ahttps%3A%2F%2Fwww.dollargeneral.com%2Fetc.clientlibs%2Fdollargeneral%2Fclientlibs%2Fclientlib-site%2Fresources%2Fimages%2Fstatic-map-pin.png%7C33.3223%2C-84.0427&amp;key=AIzaSyDi0nb6nKeHaDJWFtAvbAIPKBrUuAc_mTY&amp;signature=YgeDyZ5A1Wal-aECR6Sby-xGDFc="" alt=""Google map showing the dropped pin on Dollar General,2310 Highway 42 N,Jenkinsburg GA 30234-2466"">",2310 Highway 42 N,"Jenkinsburg, GA 30234-2466","<div class=""store-details__main-travel"" data-latitude=""33.3223"" data-longitude=""-84.0427"">
        <div class=""store-details__main-distance""></div>
        <a class=""store-details__main-directions"" href=""javascript:void(0);"" target=""_blank""></a>
    </div>",(470) 251-4363
"<img class=""store-details__map-image"" src=""https://maps.googleapis.com/maps/api/staticmap?center=Dollar+General%2C1452+Rayonier+Rd%2CJesup+GA+31545-8431&amp;zoom=15&amp;size=730x600&amp;markers=icon%3Ahttps%3A%2F%2Fwww.dollargeneral.com%2Fetc.clientlibs%2Fdollargeneral%2Fclientlibs%2Fclientlib-site%2Fresources%2Fimages%2Fstatic-map-pin.png%7C31.657848%2C-81.889873&amp;key=AIzaSyDi0nb6nKeHaDJWFtAvbAIPKBrUuAc_mTY&amp;signature=7vge1w8U1GZxxIuu7Y3AGG0pabQ="" alt=""Google map showing the dropped pin on Dollar General,1452 Rayonier Rd,Jesup GA 31545-8431"">",1452 Rayonier Rd,"Jesup, GA 31545-8431","<div class=""store-details__main-travel"" data-latitude=""31.657848"" data-longitude=""-81.889873"">
        <div class=""store-details__main-distance""></div>
        <a class=""store-details__main-directions"" href=""javascript:void(0);"" target=""_blank""></a>
    </div>",(912) 715-4071
"<img class=""store-details__map-image"" src=""https://maps.googleapis.com/maps/api/staticmap?center=Dollar+General%2C868+South+First+Street%2CJesup+GA+31545-0331&amp;zoom=15&amp;size=730x600&amp;markers=icon%3Ahttps%3A%2F%2Fwww.dollargeneral.com%2Fetc.clientlibs%2Fdollargeneral%2Fclientlibs%2Fclientlib-site%2Fresources%2Fimages%2Fstatic-map-pin.png%7C31.6031%2C-81.8982&amp;key=AIzaSyDi0nb6nKeHaDJWFtAvbAIPKBrUuAc_mTY&amp;signature=Tbn7Dod1ssEV-IDRIHNS1Kyl2_w="" alt=""Google map showing the dropped pin on Dollar General,868 South First Street,Jesup GA 31545-0331"">",868 South First Street,"Jesup, GA 31545-0331","<div class=""store-details__main-travel"" data-latitude=""31.6031"" data-longitude=""-81.8982"">
        <div class=""store-details__main-distance""></div>
        <a class=""store-details__main-directions"" href=""javascript:void(0);"" target=""_blank""></a>
    </div>",(912) 559-1408
"<img class=""store-details__map-image"" src=""https://maps.googleapis.com/maps/api/staticmap?center=Dollar+General%2C995+E+Cherry+St%2CJesup+GA+31546-4017&amp;zoom=15&amp;size=730x600&amp;markers=icon%3Ahttps%3A%2F%2Fwww.dollargeneral.com%2Fetc.clientlibs%2Fdollargeneral%2Fclientlibs%2Fclientlib-site%2Fresources%2Fimages%2Fstatic-map-pin.png%7C31.59643%2C-81.871552&amp;key=AIzaSyDi0nb6nKeHaDJWFtAvbAIPKBrUuAc_mTY&amp;signature=8AIdwly5CkEEyLzaXiXoOvXhTGI="" alt=""Google map showing the dropped pin on Dollar General,995 E Cherry St,Jesup GA 31546-4017"">",995 E Cherry St,"Jesup, GA 31546-4017","<div class=""store-details__main-travel"" data-latitude=""31.59643"" data-longitude=""-81.871552"" style=""display: none;"">
        <div class=""store-details__main-distance""></div>
        <a class=""store-details__main-directions"" href=""javascript:void(0);"" target=""_blank""></a>
    </div>",(912) 385-0815
"<img class=""store-details__map-image"" src=""https://maps.googleapis.com/maps/api/staticmap?center=Dollar+General%2C101+Empire+Rd%2CJesup+GA+31545-3122&amp;zoom=15&amp;size=730x600&amp;markers=icon%3Ahttps%3A%2F%2Fwww.dollargeneral.com%2Fetc.clientlibs%2Fdollargeneral%2Fclientlibs%2Fclientlib-site%2Fresources%2Fimages%2Fstatic-map-pin.png%7C31.58962%2C-81.95344&amp;key=AIzaSyDi0nb6nKeHaDJWFtAvbAIPKBrUuAc_mTY&amp;signature=nPOnLuCKbO2wM2MfjMLc-Q4jnas="" alt=""Google map showing the dropped pin on Dollar General,101 Empire Rd,Jesup GA 31545-3122"">",101 Empire Rd,"Jesup, GA 31545-3122","<div class=""store-details__main-travel"" data-latitude=""31.58962"" data-longitude=""-81.95344"">
        <div class=""store-details__main-distance""></div>
        <a class=""store-details__main-directions"" href=""javascript:void(0);"" target=""_blank""></a>
    </div>",(912) 514-1150
"<img class=""store-details__map-image"" src=""https://maps.googleapis.com/maps/api/staticmap?center=Dollar+General%2C1520+W+Cherry+St%2CJesup+GA+31545&amp;zoom=15&amp;size=730x600&amp;markers=icon%3Ahttps%3A%2F%2Fwww.dollargeneral.com%2Fetc.clientlibs%2Fdollargeneral%2Fclientlibs%2Fclientlib-site%2Fresources%2Fimages%2Fstatic-map-pin.png%7C31.6212%2C-81.9026&amp;key=AIzaSyDi0nb6nKeHaDJWFtAvbAIPKBrUuAc_mTY&amp;signature=_vsiWjKJ05ntaFPJwwzL76Qbrqk="" alt=""Google map showing the dropped pin on Dollar General,1520 W Cherry St,Jesup GA 31545"">",1520 W Cherry St,"Jesup, GA 31545","<div class=""store-details__main-travel"" data-latitude=""31.6212"" data-longitude=""-81.9026"">
        <div class=""store-details__main-distance""></div>
        <a class=""store-details__main-directions"" href=""javascript:void(0);"" target=""_blank""></a>
    </div>",(912) 427-8992
"<img class=""store-details__map-image"" src=""https://maps.googleapis.com/maps/api/staticmap?center=Dollar+General%2C10291+Tara+Blvd%2CJonesboro+GA+30236-6555&amp;zoom=15&amp;size=730x600&amp;markers=icon%3Ahttps%3A%2F%2Fwww.dollargeneral.com%2Fetc.clientlibs%2Fdollargeneral%2Fclientlibs%2Fclientlib-site%2Fresources%2Fimages%2Fstatic-map-pin.png%7C33.474681%2C-84.337924&amp;key=AIzaSyDi0nb6nKeHaDJWFtAvbAIPKBrUuAc_mTY&amp;signature=oV_heYNUbXU9DL6CqYBfAZb-Zsg="" alt=""Google map showing the dropped pin on Dollar General,10291 Tara Blvd,Jonesboro GA 30236-6555"">",10291 Tara Blvd,"Jonesboro, GA 30236-6555","<div class=""store-details__main-travel"" data-latitude=""33.474681"" data-longitude=""-84.337924"">
        <div class=""store-details__main-distance""></div>
        <a class=""store-details__main-directions"" href=""javascript:void(0);"" target=""_blank""></a>
    </div>",(470) 491-2058
"<img class=""store-details__map-image"" src=""https://maps.googleapis.com/maps/api/staticmap?center=Dollar+General%2C7941+Tara+Blvd%2CJonesboro+GA+30236-2205&amp;zoom=15&amp;size=730x600&amp;markers=icon%3Ahttps%3A%2F%2Fwww.dollargeneral.com%2Fetc.clientlibs%2Fdollargeneral%2Fclientlibs%2Fclientlib-site%2Fresources%2Fimages%2Fstatic-map-pin.png%7C33.5371%2C-84.3656&amp;key=AIzaSyDi0nb6nKeHaDJWFtAvbAIPKBrUuAc_mTY&amp;signature=6A5cfOQm-qSWjH5bGc8bXvg3sqc="" alt=""Google map showing the dropped pin on Dollar General,7941 Tara Blvd,Jonesboro GA 30236-2205"">",7941 Tara Blvd,"Jonesboro, GA 30236-2205","<div class=""store-details__main-travel"" data-latitude=""33.5371"" data-longitude=""-84.3656"" style=""display: none;"">
        <div class=""store-details__main-distance""></div>
        <a class=""store-details__main-directions"" href=""javascript:void(0);"" target=""_blank""></a>
    </div>",(470) 571-1710
"<img class=""store-details__map-image"" src=""https://maps.googleapis.com/maps/api/staticmap?center=Dollar+General%2C6489+Tara+Blvd%2CJonesboro+GA+30236-1232&amp;zoom=15&amp;size=730x600&amp;markers=icon%3Ahttps%3A%2F%2Fwww.dollargeneral.com%2Fetc.clientlibs%2Fdollargeneral%2Fclientlibs%2Fclientlib-site%2Fresources%2Fimages%2Fstatic-map-pin.png%7C33.577368%2C-84.373752&amp;key=AIzaSyDi0nb6nKeHaDJWFtAvbAIPKBrUuAc_mTY&amp;signature=-QmTeEnp-HWUfx8Uuu_K7awiYMc="" alt=""Google map showing the dropped pin on Dollar General,6489 Tara Blvd,Jonesboro GA 30236-1232"">",6489 Tara Blvd,"Jonesboro, GA 30236-1232","<div class=""store-details__main-travel"" data-latitude=""33.577368"" data-longitude=""-84.373752"">
        <div class=""store-details__main-distance""></div>
        <a class=""store-details__main-directions"" href=""javascript:void(0);"" target=""_blank""></a>
    </div>",(470) 615-0146
"<img class=""store-details__map-image"" src=""https://maps.googleapis.com/maps/api/staticmap?center=Dollar+General%2C8446+Highway+85%2CJonesboro+GA+30238-4306&amp;zoom=15&amp;size=730x600&amp;markers=icon%3Ahttps%3A%2F%2Fwww.dollargeneral.com%2Fetc.clientlibs%2Fdollargeneral%2Fclientlibs%2Fclientlib-site%2Fresources%2Fimages%2Fstatic-map-pin.png%7C33.524844%2C-84.422197&amp;key=AIzaSyDi0nb6nKeHaDJWFtAvbAIPKBrUuAc_mTY&amp;signature=L_yD15Krv3x-07YjhfzGFqUgvxo="" alt=""Google map showing the dropped pin on Dollar General,8446 Highway 85,Jonesboro GA 30238-4306"">",8446 Highway 85,"Jonesboro, GA 30238-4306","<div class=""store-details__main-travel"" data-latitude=""33.524844"" data-longitude=""-84.422197"">
        <div class=""store-details__main-distance""></div>
        <a class=""store-details__main-directions"" href=""javascript:void(0);"" target=""_blank""></a>
    </div>",(470) 491-2060
"<img class=""store-details__map-image"" src=""https://maps.googleapis.com/maps/api/staticmap?center=Dollar+General%2C1575+Battlecreek+Road%2CJonesboro+GA+30236-7980&amp;zoom=15&amp;size=730x600&amp;markers=icon%3Ahttps%3A%2F%2Fwww.dollargeneral.com%2Fetc.clientlibs%2Fdollargeneral%2Fclientlibs%2Fclientlib-site%2Fresources%2Fimages%2Fstatic-map-pin.png%7C33.55221%2C-84.339456&amp;key=AIzaSyDi0nb6nKeHaDJWFtAvbAIPKBrUuAc_mTY&amp;signature=vE0Cf-fwq1mzb7vQKQ7qil9h-J8="" alt=""Google map showing the dropped pin on Dollar General,1575 Battlecreek Road,Jonesboro GA 30236-7980"">",1575 Battlecreek Road,"Jonesboro, GA 30236-7980","<div class=""store-details__main-travel"" data-latitude=""33.55221"" data-longitude=""-84.339456"">
        <div class=""store-details__main-distance""></div>
        <a class=""store-details__main-directions"" href=""javascript:void(0);"" target=""_blank""></a>
    </div>",(470) 491-2016
"<img class=""store-details__map-image"" src=""https://maps.googleapis.com/maps/api/staticmap?center=Dollar+General%2C8657+Tara+Blvd%2CJonesboro+GA+30236-3444&amp;zoom=15&amp;size=730x600&amp;markers=icon%3Ahttps%3A%2F%2Fwww.dollargeneral.com%2Fetc.clientlibs%2Fdollargeneral%2Fclientlibs%2Fclientlib-site%2Fresources%2Fimages%2Fstatic-map-pin.png%7C33.519027%2C-84.365127&amp;key=AIzaSyDi0nb6nKeHaDJWFtAvbAIPKBrUuAc_mTY&amp;signature=PJv_2SFDs6WiElxTBhusa2rcnC4="" alt=""Google map showing the dropped pin on Dollar General,8657 Tara Blvd,Jonesboro GA 30236-3444"">",8657 Tara Blvd,"Jonesboro, GA 30236-3444","<div class=""store-details__main-travel"" data-latitude=""33.519027"" data-longitude=""-84.365127"" style=""display: none;"">
        <div class=""store-details__main-distance""></div>
        <a class=""store-details__main-directions"" href=""javascript:void(0);"" target=""_blank""></a>
    </div>",(470) 615-6050
"<img class=""store-details__map-image"" src=""https://maps.googleapis.com/maps/api/staticmap?center=Dollar+General%2C8720+Ga+Highway+87%2CJuliette+GA+31046&amp;zoom=15&amp;size=730x600&amp;markers=icon%3Ahttps%3A%2F%2Fwww.dollargeneral.com%2Fetc.clientlibs%2Fdollargeneral%2Fclientlibs%2Fclientlib-site%2Fresources%2Fimages%2Fstatic-map-pin.png%7C33.024%2C-83.7453&amp;key=AIzaSyDi0nb6nKeHaDJWFtAvbAIPKBrUuAc_mTY&amp;signature=WHkP4hLjNiCCtn2cLvbB915kIlk="" alt=""Google map showing the dropped pin on Dollar General,8720 Ga Highway 87,Juliette GA 31046"">",8720 Ga Highway 87,"Juliette, GA 31046","<div class=""store-details__main-travel"" data-latitude=""33.024"" data-longitude=""-83.7453"">
        <div class=""store-details__main-distance""></div>
        <a class=""store-details__main-directions"" href=""javascript:void(0);"" target=""_blank""></a>
    </div>",(478) 394-4757
"<img class=""store-details__map-image"" src=""https://maps.googleapis.com/maps/api/staticmap?center=Dollar+General%2C12253+Hwy+87%2CJuliette+GA+31046-4539&amp;zoom=15&amp;size=730x600&amp;markers=icon%3Ahttps%3A%2F%2Fwww.dollargeneral.com%2Fetc.clientlibs%2Fdollargeneral%2Fclientlibs%2Fclientlib-site%2Fresources%2Fimages%2Fstatic-map-pin.png%7C33.10312%2C-83.80954&amp;key=AIzaSyDi0nb6nKeHaDJWFtAvbAIPKBrUuAc_mTY&amp;signature=n4wjcKNLKWHeVZkO_fZcc2LhETM="" alt=""Google map showing the dropped pin on Dollar General,12253 Hwy 87,Juliette GA 31046-4539"">",12253 Hwy 87,"Juliette, GA 31046-4539","<div class=""store-details__main-travel"" data-latitude=""33.10312"" data-longitude=""-83.80954"">
        <div class=""store-details__main-distance""></div>
        <a class=""store-details__main-directions"" href=""javascript:void(0);"" target=""_blank""></a>
    </div>",(478) 974-5850
"<img class=""store-details__map-image"" src=""https://maps.googleapis.com/maps/api/staticmap?center=Dollar+General%2C1100+Hwy+247%2CKathleen+GA+31047-2301&amp;zoom=15&amp;size=730x600&amp;markers=icon%3Ahttps%3A%2F%2Fwww.dollargeneral.com%2Fetc.clientlibs%2Fdollargeneral%2Fclientlibs%2Fclientlib-site%2Fresources%2Fimages%2Fstatic-map-pin.png%7C32.4955%2C-83.6079&amp;key=AIzaSyDi0nb6nKeHaDJWFtAvbAIPKBrUuAc_mTY&amp;signature=glHYrQBe-q6bit9ApmgEKKngUUg="" alt=""Google map showing the dropped pin on Dollar General,1100 Hwy 247,Kathleen GA 31047-2301"">",1100 Hwy 247,"Kathleen, GA 31047-2301","<div class=""store-details__main-travel"" data-latitude=""32.4955"" data-longitude=""-83.6079"" style=""display: none;"">
        <div class=""store-details__main-distance""></div>
        <a class=""store-details__main-directions"" href=""javascript:void(0);"" target=""_blank""></a>
    </div>",(478) 997-8006
"<img class=""store-details__map-image"" src=""https://maps.googleapis.com/maps/api/staticmap?center=Dollar+General%2C2400+Ga+Highway+127%2CKathleen+GA+31047-2820&amp;zoom=15&amp;size=730x600&amp;markers=icon%3Ahttps%3A%2F%2Fwww.dollargeneral.com%2Fetc.clientlibs%2Fdollargeneral%2Fclientlibs%2Fclientlib-site%2Fresources%2Fimages%2Fstatic-map-pin.png%7C32.506%2C-83.6615&amp;key=AIzaSyDi0nb6nKeHaDJWFtAvbAIPKBrUuAc_mTY&amp;signature=oaou26XrziiwJiNjzdSdbfHLejE="" alt=""Google map showing the dropped pin on Dollar General,2400 Ga Highway 127,Kathleen GA 31047-2820"">",2400 Ga Highway 127,"Kathleen, GA 31047-2820","<div class=""store-details__main-travel"" data-latitude=""32.506"" data-longitude=""-83.6615"">
        <div class=""store-details__main-distance""></div>
        <a class=""store-details__main-directions"" href=""javascript:void(0);"" target=""_blank""></a>
    </div>",(478) 273-3354
"<img class=""store-details__map-image"" src=""https://maps.googleapis.com/maps/api/staticmap?center=Dollar+General%2C925+Shiloh+Rd+Nw%2CKennesaw+GA+30144&amp;zoom=15&amp;size=730x600&amp;markers=icon%3Ahttps%3A%2F%2Fwww.dollargeneral.com%2Fetc.clientlibs%2Fdollargeneral%2Fclientlibs%2Fclientlib-site%2Fresources%2Fimages%2Fstatic-map-pin.png%7C34.0507%2C-84.5798&amp;key=AIzaSyDi0nb6nKeHaDJWFtAvbAIPKBrUuAc_mTY&amp;signature=Y5aMBkb3osbbWOv6Ru1PJCBeWhc="" alt=""Google map showing the dropped pin on Dollar General,925 Shiloh Rd Nw,Kennesaw GA 30144"">",925 Shiloh Rd Nw,"Kennesaw, GA 30144","<div class=""store-details__main-travel"" data-latitude=""34.0507"" data-longitude=""-84.5798"">
        <div class=""store-details__main-distance""></div>
        <a class=""store-details__main-directions"" href=""javascript:void(0);"" target=""_blank""></a>
    </div>",(470) 632-7060
"<img class=""store-details__map-image"" src=""https://maps.googleapis.com/maps/api/staticmap?center=Dollar+General%2C691+E+King+Ave%2CKingsland+GA+31548-6323&amp;zoom=15&amp;size=730x600&amp;markers=icon%3Ahttps%3A%2F%2Fwww.dollargeneral.com%2Fetc.clientlibs%2Fdollargeneral%2Fclientlibs%2Fclientlib-site%2Fresources%2Fimages%2Fstatic-map-pin.png%7C30.8015%2C-81.6826&amp;key=AIzaSyDi0nb6nKeHaDJWFtAvbAIPKBrUuAc_mTY&amp;signature=lZ0n6QTfXWxNUKWuZukqiUsU_Fo="" alt=""Google map showing the dropped pin on Dollar General,691 E King Ave,Kingsland GA 31548-6323"">",691 E King Ave,"Kingsland, GA 31548-6323","<div class=""store-details__main-travel"" data-latitude=""30.8015"" data-longitude=""-81.6826"" style=""display: none;"">
        <div class=""store-details__main-distance""></div>
        <a class=""store-details__main-directions"" href=""javascript:void(0);"" target=""_blank""></a>
    </div>",(912) 226-0194
"<img class=""store-details__map-image"" src=""https://maps.googleapis.com/maps/api/staticmap?center=Dollar+General%2C6576+Laurel+Island+Pkwy%2CKingsland+GA+31548&amp;zoom=15&amp;size=730x600&amp;markers=icon%3Ahttps%3A%2F%2Fwww.dollargeneral.com%2Fetc.clientlibs%2Fdollargeneral%2Fclientlibs%2Fclientlib-site%2Fresources%2Fimages%2Fstatic-map-pin.png%7C30.819335%2C-81.642907&amp;key=AIzaSyDi0nb6nKeHaDJWFtAvbAIPKBrUuAc_mTY&amp;signature=73WqCtW6994n3RZFOkY_wP_1NFQ="" alt=""Google map showing the dropped pin on Dollar General,6576 Laurel Island Pkwy,Kingsland GA 31548"">",6576 Laurel Island Pkwy,"Kingsland, GA 31548","<div class=""store-details__main-travel"" data-latitude=""30.819335"" data-longitude=""-81.642907"">
        <div class=""store-details__main-distance""></div>
        <a class=""store-details__main-directions"" href=""javascript:void(0);"" target=""_blank""></a>
    </div>",(912) 254-7135
"<img class=""store-details__map-image"" src=""https://maps.googleapis.com/maps/api/staticmap?center=Dollar+General%2C1934+Harrietts+Bluff+Rd%2CKingsland+GA+31548&amp;zoom=15&amp;size=730x600&amp;markers=icon%3Ahttps%3A%2F%2Fwww.dollargeneral.com%2Fetc.clientlibs%2Fdollargeneral%2Fclientlibs%2Fclientlib-site%2Fresources%2Fimages%2Fstatic-map-pin.png%7C30.84877%2C-81.66775&amp;key=AIzaSyDi0nb6nKeHaDJWFtAvbAIPKBrUuAc_mTY&amp;signature=JFv9G0o_j9cXnM9nLey8GG4lfOg="" alt=""Google map showing the dropped pin on Dollar General,1934 Harrietts Bluff Rd,Kingsland GA 31548"">",1934 Harrietts Bluff Rd,"Kingsland, GA 31548","<div class=""store-details__main-travel"" data-latitude=""30.84877"" data-longitude=""-81.66775"">
        <div class=""store-details__main-distance""></div>
        <a class=""store-details__main-directions"" href=""javascript:void(0);"" target=""_blank""></a>
    </div>",(912) 510-6804
"<img class=""store-details__map-image"" src=""https://maps.googleapis.com/maps/api/staticmap?center=Dollar+General%2C500+W+King+Ave+Ste+A%2CKingsland+GA+31548-3225&amp;zoom=15&amp;size=730x600&amp;markers=icon%3Ahttps%3A%2F%2Fwww.dollargeneral.com%2Fetc.clientlibs%2Fdollargeneral%2Fclientlibs%2Fclientlib-site%2Fresources%2Fimages%2Fstatic-map-pin.png%7C30.799687%2C-81.702404&amp;key=AIzaSyDi0nb6nKeHaDJWFtAvbAIPKBrUuAc_mTY&amp;signature=_njyEzz3pv_d37I076aKRweyX3A="" alt=""Google map showing the dropped pin on Dollar General,500 W King Ave Ste A,Kingsland GA 31548-3225"">",500 W King Ave Ste A,"Kingsland, GA 31548-3225","<div class=""store-details__main-travel"" data-latitude=""30.799687"" data-longitude=""-81.702404"" style=""display: none;"">
        <div class=""store-details__main-distance""></div>
        <a class=""store-details__main-directions"" href=""javascript:void(0);"" target=""_blank""></a>
    </div>",(912) 200-5030
"<img class=""store-details__map-image"" src=""https://maps.googleapis.com/maps/api/staticmap?center=Dollar+General%2C32+Cochran+St%2CKingston+GA+30145-2412&amp;zoom=15&amp;size=730x600&amp;markers=icon%3Ahttps%3A%2F%2Fwww.dollargeneral.com%2Fetc.clientlibs%2Fdollargeneral%2Fclientlibs%2Fclientlib-site%2Fresources%2Fimages%2Fstatic-map-pin.png%7C34.238182%2C-84.946009&amp;key=AIzaSyDi0nb6nKeHaDJWFtAvbAIPKBrUuAc_mTY&amp;signature=v6-4red2EGh_55iM-F5MTYAGx4s="" alt=""Google map showing the dropped pin on Dollar General,32 Cochran St,Kingston GA 30145-2412"">",32 Cochran St,"Kingston, GA 30145-2412","<div class=""store-details__main-travel"" data-latitude=""34.238182"" data-longitude=""-84.946009"">
        <div class=""store-details__main-distance""></div>
        <a class=""store-details__main-directions"" href=""javascript:void(0);"" target=""_blank""></a>
    </div>",(470) 339-6050
"<img class=""store-details__map-image"" src=""https://maps.googleapis.com/maps/api/staticmap?center=Dollar+General%2C544+Kight+St%2CKite+GA+31049&amp;zoom=15&amp;size=730x600&amp;markers=icon%3Ahttps%3A%2F%2Fwww.dollargeneral.com%2Fetc.clientlibs%2Fdollargeneral%2Fclientlibs%2Fclientlib-site%2Fresources%2Fimages%2Fstatic-map-pin.png%7C32.6924%2C-82.5135&amp;key=AIzaSyDi0nb6nKeHaDJWFtAvbAIPKBrUuAc_mTY&amp;signature=Lh-AhRFG3Jcv_ZxZWmbNxeTrGdA="" alt=""Google map showing the dropped pin on Dollar General,544 Kight St,Kite GA 31049"">",544 Kight St,"Kite, GA 31049","<div class=""store-details__main-travel"" data-latitude=""32.6924"" data-longitude=""-82.5135"">
        <div class=""store-details__main-distance""></div>
        <a class=""store-details__main-directions"" href=""javascript:void(0);"" target=""_blank""></a>
    </div>",(478) 268-3182
"<img class=""store-details__map-image"" src=""https://maps.googleapis.com/maps/api/staticmap?center=Dollar+General%2C1907+E+Highway+136%2CLa+Fayette+GA+30728-4862&amp;zoom=15&amp;size=730x600&amp;markers=icon%3Ahttps%3A%2F%2Fwww.dollargeneral.com%2Fetc.clientlibs%2Fdollargeneral%2Fclientlibs%2Fclientlib-site%2Fresources%2Fimages%2Fstatic-map-pin.png%7C34.6969%2C-85.2482&amp;key=AIzaSyDi0nb6nKeHaDJWFtAvbAIPKBrUuAc_mTY&amp;signature=6qIyCxEZEWtjmjdhzWYy1MQ_PpA="" alt=""Google map showing the dropped pin on Dollar General,1907 E Highway 136,La Fayette GA 30728-4862"">",1907 E Highway 136,"La Fayette, GA 30728-4862","<div class=""store-details__main-travel"" data-latitude=""34.6969"" data-longitude=""-85.2482"">
        <div class=""store-details__main-distance""></div>
        <a class=""store-details__main-directions"" href=""javascript:void(0);"" target=""_blank""></a>
    </div>",(706) 620-0165
"<img class=""store-details__map-image"" src=""https://maps.googleapis.com/maps/api/staticmap?center=Dollar+General%2C12035+E+Hwy+136%2CLa+Fayette+GA+30728&amp;zoom=15&amp;size=730x600&amp;markers=icon%3Ahttps%3A%2F%2Fwww.dollargeneral.com%2Fetc.clientlibs%2Fdollargeneral%2Fclientlibs%2Fclientlib-site%2Fresources%2Fimages%2Fstatic-map-pin.png%7C34.6744%2C-85.1178&amp;key=AIzaSyDi0nb6nKeHaDJWFtAvbAIPKBrUuAc_mTY&amp;signature=lTgRuQRFTfplcUwNomY6-P00rVk="" alt=""Google map showing the dropped pin on Dollar General,12035 E Hwy 136,La Fayette GA 30728"">",12035 E Hwy 136,"La Fayette, GA 30728","<div class=""store-details__main-travel"" data-latitude=""34.6744"" data-longitude=""-85.1178"" style=""display: none;"">
        <div class=""store-details__main-distance""></div>
        <a class=""store-details__main-directions"" href=""javascript:void(0);"" target=""_blank""></a>
    </div>",(706) 620-0150
"<img class=""store-details__map-image"" src=""https://maps.googleapis.com/maps/api/staticmap?center=Dollar+General%2C29+Hwy+151%2CLafayette+GA+30728-5914&amp;zoom=15&amp;size=730x600&amp;markers=icon%3Ahttps%3A%2F%2Fwww.dollargeneral.com%2Fetc.clientlibs%2Fdollargeneral%2Fclientlibs%2Fclientlib-site%2Fresources%2Fimages%2Fstatic-map-pin.png%7C34.7677%2C-85.153&amp;key=AIzaSyDi0nb6nKeHaDJWFtAvbAIPKBrUuAc_mTY&amp;signature=L26XtCGlCrizO1MxQxGv2orZVeA="" alt=""Google map showing the dropped pin on Dollar General,29 Hwy 151,Lafayette GA 30728-5914"">",29 Hwy 151,"Lafayette, GA 30728-5914","<div class=""store-details__main-travel"" data-latitude=""34.7677"" data-longitude=""-85.153"">
        <div class=""store-details__main-distance""></div>
        <a class=""store-details__main-directions"" href=""javascript:void(0);"" target=""_blank""></a>
    </div>",(423) 822-8160
"<img class=""store-details__map-image"" src=""https://maps.googleapis.com/maps/api/staticmap?center=Dollar+General%2C200+Colquitt+St%2CLagrange+GA+30241-5526&amp;zoom=15&amp;size=730x600&amp;markers=icon%3Ahttps%3A%2F%2Fwww.dollargeneral.com%2Fetc.clientlibs%2Fdollargeneral%2Fclientlibs%2Fclientlib-site%2Fresources%2Fimages%2Fstatic-map-pin.png%7C33.0284%2C-85.0236&amp;key=AIzaSyDi0nb6nKeHaDJWFtAvbAIPKBrUuAc_mTY&amp;signature=QB_TeZu2BV1z_TJH2StGubWi99k="" alt=""Google map showing the dropped pin on Dollar General,200 Colquitt St,Lagrange GA 30241-5526"">",200 Colquitt St,"Lagrange, GA 30241-5526","<div class=""store-details__main-travel"" data-latitude=""33.0284"" data-longitude=""-85.0236"">
        <div class=""store-details__main-distance""></div>
        <a class=""store-details__main-directions"" href=""javascript:void(0);"" target=""_blank""></a>
    </div>",(706) 756-6193
"<img class=""store-details__map-image"" src=""https://maps.googleapis.com/maps/api/staticmap?center=Dollar+General%2C214+Commerce+Ave%2CLagrange+GA+30241-2340&amp;zoom=15&amp;size=730x600&amp;markers=icon%3Ahttps%3A%2F%2Fwww.dollargeneral.com%2Fetc.clientlibs%2Fdollargeneral%2Fclientlibs%2Fclientlib-site%2Fresources%2Fimages%2Fstatic-map-pin.png%7C33.0493%2C-85.0221&amp;key=AIzaSyDi0nb6nKeHaDJWFtAvbAIPKBrUuAc_mTY&amp;signature=fq3uuxHpbm6vYJuGeqhhyjXm_pE="" alt=""Google map showing the dropped pin on Dollar General,214 Commerce Ave,Lagrange GA 30241-2340"">",214 Commerce Ave,"Lagrange, GA 30241-2340","<div class=""store-details__main-travel"" data-latitude=""33.0493"" data-longitude=""-85.0221"">
        <div class=""store-details__main-distance""></div>
        <a class=""store-details__main-directions"" href=""javascript:void(0);"" target=""_blank""></a>
    </div>",(706) 756-5701
"<img class=""store-details__map-image"" src=""https://maps.googleapis.com/maps/api/staticmap?center=Dollar+General%2C2956+Hamilton+Road%2CLagrange+GA+30241&amp;zoom=15&amp;size=730x600&amp;markers=icon%3Ahttps%3A%2F%2Fwww.dollargeneral.com%2Fetc.clientlibs%2Fdollargeneral%2Fclientlibs%2Fclientlib-site%2Fresources%2Fimages%2Fstatic-map-pin.png%7C32.979918%2C-84.992941&amp;key=AIzaSyDi0nb6nKeHaDJWFtAvbAIPKBrUuAc_mTY&amp;signature=snUBb0oSgNiSnuHBuRK9malVU2Y="" alt=""Google map showing the dropped pin on Dollar General,2956 Hamilton Road,Lagrange GA 30241"">",2956 Hamilton Road,"Lagrange, GA 30241","<div class=""store-details__main-travel"" data-latitude=""32.979918"" data-longitude=""-84.992941"" style=""display: none;"">
        <div class=""store-details__main-distance""></div>
        <a class=""store-details__main-directions"" href=""javascript:void(0);"" target=""_blank""></a>
    </div>",(706) 756-5805
"<img class=""store-details__map-image"" src=""https://maps.googleapis.com/maps/api/staticmap?center=Dollar+General%2C2829+West+Point+Road%2CLagrange+GA+30240-6427&amp;zoom=15&amp;size=730x600&amp;markers=icon%3Ahttps%3A%2F%2Fwww.dollargeneral.com%2Fetc.clientlibs%2Fdollargeneral%2Fclientlibs%2Fclientlib-site%2Fresources%2Fimages%2Fstatic-map-pin.png%7C33.0166%2C-85.097&amp;key=AIzaSyDi0nb6nKeHaDJWFtAvbAIPKBrUuAc_mTY&amp;signature=QTtE9Ma5vq7anBI6Ib6U1X4Tzf4="" alt=""Google map showing the dropped pin on Dollar General,2829 West Point Road,Lagrange GA 30240-6427"">",2829 West Point Road,"Lagrange, GA 30240-6427","<div class=""store-details__main-travel"" data-latitude=""33.0166"" data-longitude=""-85.097"">
        <div class=""store-details__main-distance""></div>
        <a class=""store-details__main-directions"" href=""javascript:void(0);"" target=""_blank""></a>
    </div>",(706) 350-4158
"<img class=""store-details__map-image"" src=""https://maps.googleapis.com/maps/api/staticmap?center=Dollar+General%2C24+Pyne+Rd%2CLagrange+GA+30240-8756&amp;zoom=15&amp;size=730x600&amp;markers=icon%3Ahttps%3A%2F%2Fwww.dollargeneral.com%2Fetc.clientlibs%2Fdollargeneral%2Fclientlibs%2Fclientlib-site%2Fresources%2Fimages%2Fstatic-map-pin.png%7C33.0332%2C-85.1472&amp;key=AIzaSyDi0nb6nKeHaDJWFtAvbAIPKBrUuAc_mTY&amp;signature=Q54W6daO7ciJ2hVjjf5Nrh-6EnI="" alt=""Google map showing the dropped pin on Dollar General,24 Pyne Rd,Lagrange GA 30240-8756"">",24 Pyne Rd,"Lagrange, GA 30240-8756","<div class=""store-details__main-travel"" data-latitude=""33.0332"" data-longitude=""-85.1472"">
        <div class=""store-details__main-distance""></div>
        <a class=""store-details__main-directions"" href=""javascript:void(0);"" target=""_blank""></a>
    </div>",(706) 668-4968
"<img class=""store-details__map-image"" src=""https://maps.googleapis.com/maps/api/staticmap?center=Dollar+General%2C604+S.+Greenwood+Street%2CLagrange+GA+30240-3128&amp;zoom=15&amp;size=730x600&amp;markers=icon%3Ahttps%3A%2F%2Fwww.dollargeneral.com%2Fetc.clientlibs%2Fdollargeneral%2Fclientlibs%2Fclientlib-site%2Fresources%2Fimages%2Fstatic-map-pin.png%7C33.03266%2C-85.03586&amp;key=AIzaSyDi0nb6nKeHaDJWFtAvbAIPKBrUuAc_mTY&amp;signature=5UxP6fPbg-d365Gbl98jgKfMbJk="" alt=""Google map showing the dropped pin on Dollar General,604 S. Greenwood Street,Lagrange GA 30240-3128"">",604 S. Greenwood Street,"Lagrange, GA 30240-3128","<div class=""store-details__main-travel"" data-latitude=""33.03266"" data-longitude=""-85.03586"">
        <div class=""store-details__main-distance""></div>
        <a class=""store-details__main-directions"" href=""javascript:void(0);"" target=""_blank""></a>
    </div>",(762) 323-1283
"<img class=""store-details__map-image"" src=""https://maps.googleapis.com/maps/api/staticmap?center=Dollar+General%2C125+S+Davis+Rd%2CLagrange+GA+30241&amp;zoom=15&amp;size=730x600&amp;markers=icon%3Ahttps%3A%2F%2Fwww.dollargeneral.com%2Fetc.clientlibs%2Fdollargeneral%2Fclientlibs%2Fclientlib-site%2Fresources%2Fimages%2Fstatic-map-pin.png%7C33.05536%2C-84.98603&amp;key=AIzaSyDi0nb6nKeHaDJWFtAvbAIPKBrUuAc_mTY&amp;signature=PXw9fVsCGgq8ZZVeP0NCvgkLuUo="" alt=""Google map showing the dropped pin on Dollar General,125 S Davis Rd,Lagrange GA 30241"">",125 S Davis Rd,"Lagrange, GA 30241","<div class=""store-details__main-travel"" data-latitude=""33.05536"" data-longitude=""-84.98603"" style=""display: none;"">
        <div class=""store-details__main-distance""></div>
        <a class=""store-details__main-directions"" href=""javascript:void(0);"" target=""_blank""></a>
    </div>",(706) 883-5340
"<img class=""store-details__map-image"" src=""https://maps.googleapis.com/maps/api/staticmap?center=Dollar+General%2C3836+Greenville+Rd%2CLagrange+GA+30241-5211&amp;zoom=15&amp;size=730x600&amp;markers=icon%3Ahttps%3A%2F%2Fwww.dollargeneral.com%2Fetc.clientlibs%2Fdollargeneral%2Fclientlibs%2Fclientlib-site%2Fresources%2Fimages%2Fstatic-map-pin.png%7C33.037885%2C-84.90027&amp;key=AIzaSyDi0nb6nKeHaDJWFtAvbAIPKBrUuAc_mTY&amp;signature=260l1It2Rb7IbfJlqF324GPtDv4="" alt=""Google map showing the dropped pin on Dollar General,3836 Greenville Rd,Lagrange GA 30241-5211"">",3836 Greenville Rd,"Lagrange, GA 30241-5211","<div class=""store-details__main-travel"" data-latitude=""33.037885"" data-longitude=""-84.90027"">
        <div class=""store-details__main-distance""></div>
        <a class=""store-details__main-directions"" href=""javascript:void(0);"" target=""_blank""></a>
    </div>",(706) 756-5893
"<img class=""store-details__map-image"" src=""https://maps.googleapis.com/maps/api/staticmap?center=Dollar+General%2C1811+Vernon+Rd%2CLagrange+GA+30240-4041&amp;zoom=15&amp;size=730x600&amp;markers=icon%3Ahttps%3A%2F%2Fwww.dollargeneral.com%2Fetc.clientlibs%2Fdollargeneral%2Fclientlibs%2Fclientlib-site%2Fresources%2Fimages%2Fstatic-map-pin.png%7C33.028658%2C-85.069492&amp;key=AIzaSyDi0nb6nKeHaDJWFtAvbAIPKBrUuAc_mTY&amp;signature=JOjGv9qsdCqw9ZkWrIOmbOk3NPs="" alt=""Google map showing the dropped pin on Dollar General,1811 Vernon Rd,Lagrange GA 30240-4041"">",1811 Vernon Rd,"Lagrange, GA 30240-4041","<div class=""store-details__main-travel"" data-latitude=""33.028658"" data-longitude=""-85.069492"">
        <div class=""store-details__main-distance""></div>
        <a class=""store-details__main-directions"" href=""javascript:void(0);"" target=""_blank""></a>
    </div>",(762) 323-1270
"<img class=""store-details__map-image"" src=""https://maps.googleapis.com/maps/api/staticmap?center=Dollar+General%2C112+Wares+Cross+Road%2CLagrange+GA+30240-8237&amp;zoom=15&amp;size=730x600&amp;markers=icon%3Ahttps%3A%2F%2Fwww.dollargeneral.com%2Fetc.clientlibs%2Fdollargeneral%2Fclientlibs%2Fclientlib-site%2Fresources%2Fimages%2Fstatic-map-pin.png%7C33.1244%2C-85.0446&amp;key=AIzaSyDi0nb6nKeHaDJWFtAvbAIPKBrUuAc_mTY&amp;signature=SIUR63i1HetTDUAElVxA_kEd7Ro="" alt=""Google map showing the dropped pin on Dollar General,112 Wares Cross Road,Lagrange GA 30240-8237"">",112 Wares Cross Road,"Lagrange, GA 30240-8237","<div class=""store-details__main-travel"" data-latitude=""33.1244"" data-longitude=""-85.0446"" style=""display: none;"">
        <div class=""store-details__main-distance""></div>
        <a class=""store-details__main-directions"" href=""javascript:void(0);"" target=""_blank""></a>
    </div>",(706) 880-6194
"<img class=""store-details__map-image"" src=""https://maps.googleapis.com/maps/api/staticmap?center=Dollar+General%2C3803+Whitesville+Rd%2CLagrange+GA+30240-7200&amp;zoom=15&amp;size=730x600&amp;markers=icon%3Ahttps%3A%2F%2Fwww.dollargeneral.com%2Fetc.clientlibs%2Fdollargeneral%2Fclientlibs%2Fclientlib-site%2Fresources%2Fimages%2Fstatic-map-pin.png%7C32.9539%2C-85.0186&amp;key=AIzaSyDi0nb6nKeHaDJWFtAvbAIPKBrUuAc_mTY&amp;signature=iBcR0W55hbAGV_Rfd_uVOUHEYiQ="" alt=""Google map showing the dropped pin on Dollar General,3803 Whitesville Rd,Lagrange GA 30240-7200"">",3803 Whitesville Rd,"Lagrange, GA 30240-7200","<div class=""store-details__main-travel"" data-latitude=""32.9539"" data-longitude=""-85.0186"">
        <div class=""store-details__main-distance""></div>
        <a class=""store-details__main-directions"" href=""javascript:void(0);"" target=""_blank""></a>
    </div>",(762) 362-8356
"<img class=""store-details__map-image"" src=""https://maps.googleapis.com/maps/api/staticmap?center=Dollar+General%2C5745+Joneboro+Rd%2CLake+City+GA+30260&amp;zoom=15&amp;size=730x600&amp;markers=icon%3Ahttps%3A%2F%2Fwww.dollargeneral.com%2Fetc.clientlibs%2Fdollargeneral%2Fclientlibs%2Fclientlib-site%2Fresources%2Fimages%2Fstatic-map-pin.png%7C33.598335%2C-84.339152&amp;key=AIzaSyDi0nb6nKeHaDJWFtAvbAIPKBrUuAc_mTY&amp;signature=m5ThDHnZdytYgHN5qJYU7fXxxfg="" alt=""Google map showing the dropped pin on Dollar General,5745 Joneboro Rd,Lake City GA 30260"">",5745 Joneboro Rd,"Lake City, GA 30260","<div class=""store-details__main-travel"" data-latitude=""33.598335"" data-longitude=""-84.339152"">
        <div class=""store-details__main-distance""></div>
        <a class=""store-details__main-directions"" href=""javascript:void(0);"" target=""_blank""></a>
    </div>",(470) 369-5715
"<img class=""store-details__map-image"" src=""https://maps.googleapis.com/maps/api/staticmap?center=Dollar+General%2C365+Lakes+Rd%2CLake+Park+GA+31636-5083&amp;zoom=15&amp;size=730x600&amp;markers=icon%3Ahttps%3A%2F%2Fwww.dollargeneral.com%2Fetc.clientlibs%2Fdollargeneral%2Fclientlibs%2Fclientlib-site%2Fresources%2Fimages%2Fstatic-map-pin.png%7C30.68568%2C-83.20494&amp;key=AIzaSyDi0nb6nKeHaDJWFtAvbAIPKBrUuAc_mTY&amp;signature=erGewjDjSHpEtdIQDqyvjv2wl7s="" alt=""Google map showing the dropped pin on Dollar General,365 Lakes Rd,Lake Park GA 31636-5083"">",365 Lakes Rd,"Lake Park, GA 31636-5083","<div class=""store-details__main-travel"" data-latitude=""30.68568"" data-longitude=""-83.20494"">
        <div class=""store-details__main-distance""></div>
        <a class=""store-details__main-directions"" href=""javascript:void(0);"" target=""_blank""></a>
    </div>",(470) 781-2988
"<img class=""store-details__map-image"" src=""https://maps.googleapis.com/maps/api/staticmap?center=Dollar+General%2C7095+Lakes+Blvd%2CLake+Park+GA+31636&amp;zoom=15&amp;size=730x600&amp;markers=icon%3Ahttps%3A%2F%2Fwww.dollargeneral.com%2Fetc.clientlibs%2Fdollargeneral%2Fclientlibs%2Fclientlib-site%2Fresources%2Fimages%2Fstatic-map-pin.png%7C30.68%2C-83.2294&amp;key=AIzaSyDi0nb6nKeHaDJWFtAvbAIPKBrUuAc_mTY&amp;signature=p8JkggayviVmaEmORapaxizgzEk="" alt=""Google map showing the dropped pin on Dollar General,7095 Lakes Blvd,Lake Park GA 31636"">",7095 Lakes Blvd,"Lake Park, GA 31636","<div class=""store-details__main-travel"" data-latitude=""30.68"" data-longitude=""-83.2294"" style=""display: none;"">
        <div class=""store-details__main-distance""></div>
        <a class=""store-details__main-directions"" href=""javascript:void(0);"" target=""_blank""></a>
    </div>",(229) 474-3015
"<img class=""store-details__map-image"" src=""https://maps.googleapis.com/maps/api/staticmap?center=Dollar+General%2C142+S+Valdosta+Rd%2CLakeland+GA+31635-6835&amp;zoom=15&amp;size=730x600&amp;markers=icon%3Ahttps%3A%2F%2Fwww.dollargeneral.com%2Fetc.clientlibs%2Fdollargeneral%2Fclientlibs%2Fclientlib-site%2Fresources%2Fimages%2Fstatic-map-pin.png%7C31.030664%2C-83.072583&amp;key=AIzaSyDi0nb6nKeHaDJWFtAvbAIPKBrUuAc_mTY&amp;signature=GjZ96ULSBTequpuintKXTT1w5fM="" alt=""Google map showing the dropped pin on Dollar General,142 S Valdosta Rd,Lakeland GA 31635-6835"">",142 S Valdosta Rd,"Lakeland, GA 31635-6835","<div class=""store-details__main-travel"" data-latitude=""31.030664"" data-longitude=""-83.072583"">
        <div class=""store-details__main-distance""></div>
        <a class=""store-details__main-directions"" href=""javascript:void(0);"" target=""_blank""></a>
    </div>",(470) 766-0143
"<img class=""store-details__map-image"" src=""https://maps.googleapis.com/maps/api/staticmap?center=Dollar+General%2C60+Poplar+Springs+Rd%2CLavonia+GA+30553-2032&amp;zoom=15&amp;size=730x600&amp;markers=icon%3Ahttps%3A%2F%2Fwww.dollargeneral.com%2Fetc.clientlibs%2Fdollargeneral%2Fclientlibs%2Fclientlib-site%2Fresources%2Fimages%2Fstatic-map-pin.png%7C34.5055%2C-83.1054&amp;key=AIzaSyDi0nb6nKeHaDJWFtAvbAIPKBrUuAc_mTY&amp;signature=SOrhnDsqJ7telJ6HXMEIRFntDr4="" alt=""Google map showing the dropped pin on Dollar General,60 Poplar Springs Rd,Lavonia GA 30553-2032"">",60 Poplar Springs Rd,"Lavonia, GA 30553-2032","<div class=""store-details__main-travel"" data-latitude=""34.5055"" data-longitude=""-83.1054"">
        <div class=""store-details__main-distance""></div>
        <a class=""store-details__main-directions"" href=""javascript:void(0);"" target=""_blank""></a>
    </div>",(762) 499-2870
"<img class=""store-details__map-image"" src=""https://maps.googleapis.com/maps/api/staticmap?center=Dollar+General%2C11747+Augusta+Rd%2CLavonia+GA+30553-1284&amp;zoom=15&amp;size=730x600&amp;markers=icon%3Ahttps%3A%2F%2Fwww.dollargeneral.com%2Fetc.clientlibs%2Fdollargeneral%2Fclientlibs%2Fclientlib-site%2Fresources%2Fimages%2Fstatic-map-pin.png%7C34.4222%2C-83.1033&amp;key=AIzaSyDi0nb6nKeHaDJWFtAvbAIPKBrUuAc_mTY&amp;signature=gkTs7T1sBro8UF2qBkgHjE7wlIs="" alt=""Google map showing the dropped pin on Dollar General,11747 Augusta Rd,Lavonia GA 30553-1284"">",11747 Augusta Rd,"Lavonia, GA 30553-1284","<div class=""store-details__main-travel"" data-latitude=""34.4222"" data-longitude=""-83.1033"">
        <div class=""store-details__main-distance""></div>
        <a class=""store-details__main-directions"" href=""javascript:void(0);"" target=""_blank""></a>
    </div>",(470) 524-0407
"<img class=""store-details__map-image"" src=""https://maps.googleapis.com/maps/api/staticmap?center=Dollar+General%2C13177+Jones+St%2CLavonia+GA+30553-1161&amp;zoom=15&amp;size=730x600&amp;markers=icon%3Ahttps%3A%2F%2Fwww.dollargeneral.com%2Fetc.clientlibs%2Fdollargeneral%2Fclientlibs%2Fclientlib-site%2Fresources%2Fimages%2Fstatic-map-pin.png%7C34.440782%2C-83.111779&amp;key=AIzaSyDi0nb6nKeHaDJWFtAvbAIPKBrUuAc_mTY&amp;signature=nz7r9maxJf2tWdOgtB9XELTIPRY="" alt=""Google map showing the dropped pin on Dollar General,13177 Jones St,Lavonia GA 30553-1161"">",13177 Jones St,"Lavonia, GA 30553-1161","<div class=""store-details__main-travel"" data-latitude=""34.440782"" data-longitude=""-83.111779"" style=""display: none;"">
        <div class=""store-details__main-distance""></div>
        <a class=""store-details__main-directions"" href=""javascript:void(0);"" target=""_blank""></a>
    </div>",(470) 648-0910
"<img class=""store-details__map-image"" src=""https://maps.googleapis.com/maps/api/staticmap?center=Dollar+General%2C31+Shirley+Rd%2CLavonia+GA+30553&amp;zoom=15&amp;size=730x600&amp;markers=icon%3Ahttps%3A%2F%2Fwww.dollargeneral.com%2Fetc.clientlibs%2Fdollargeneral%2Fclientlibs%2Fclientlib-site%2Fresources%2Fimages%2Fstatic-map-pin.png%7C34.4572%2C-83.0523&amp;key=AIzaSyDi0nb6nKeHaDJWFtAvbAIPKBrUuAc_mTY&amp;signature=HfqhJ6-XJO_c4re--1O-qSonEhA="" alt=""Google map showing the dropped pin on Dollar General,31 Shirley Rd,Lavonia GA 30553"">",31 Shirley Rd,"Lavonia, GA 30553","<div class=""store-details__main-travel"" data-latitude=""34.4572"" data-longitude=""-83.0523"">
        <div class=""store-details__main-distance""></div>
        <a class=""store-details__main-directions"" href=""javascript:void(0);"" target=""_blank""></a>
    </div>",(762) 425-0035
"<img class=""store-details__map-image"" src=""https://maps.googleapis.com/maps/api/staticmap?center=Dollar+General%2C134+S+Clayton+St+Ste+15b%2CLawrenceville+GA+30046-5753&amp;zoom=15&amp;size=730x600&amp;markers=icon%3Ahttps%3A%2F%2Fwww.dollargeneral.com%2Fetc.clientlibs%2Fdollargeneral%2Fclientlibs%2Fclientlib-site%2Fresources%2Fimages%2Fstatic-map-pin.png%7C33.949384%2C-83.985807&amp;key=AIzaSyDi0nb6nKeHaDJWFtAvbAIPKBrUuAc_mTY&amp;signature=NttUxl_5cvSYs5332XpU2tVichA="" alt=""Google map showing the dropped pin on Dollar General,134 S Clayton St Ste 15b,Lawrenceville GA 30046-5753"">",134 S Clayton St Ste 15b,"Lawrenceville, GA 30046-5753","<div class=""store-details__main-travel"" data-latitude=""33.949384"" data-longitude=""-83.985807"">
        <div class=""store-details__main-distance""></div>
        <a class=""store-details__main-directions"" href=""javascript:void(0);"" target=""_blank""></a>
    </div>",(470) 509-5437
"<img class=""store-details__map-image"" src=""https://maps.googleapis.com/maps/api/staticmap?center=Dollar+General%2C106+Branch+View+St%2CLeesburg+GA+31763&amp;zoom=15&amp;size=730x600&amp;markers=icon%3Ahttps%3A%2F%2Fwww.dollargeneral.com%2Fetc.clientlibs%2Fdollargeneral%2Fclientlibs%2Fclientlib-site%2Fresources%2Fimages%2Fstatic-map-pin.png%7C31.6467%2C-84.1744&amp;key=AIzaSyDi0nb6nKeHaDJWFtAvbAIPKBrUuAc_mTY&amp;signature=HpBL-5pjBpdkCLscer9mnboBj1Y="" alt=""Google map showing the dropped pin on Dollar General,106 Branch View St,Leesburg GA 31763"">",106 Branch View St,"Leesburg, GA 31763","<div class=""store-details__main-travel"" data-latitude=""31.6467"" data-longitude=""-84.1744"">
        <div class=""store-details__main-distance""></div>
        <a class=""store-details__main-directions"" href=""javascript:void(0);"" target=""_blank""></a>
    </div>",(571) 491-4340
"<img class=""store-details__map-image"" src=""https://maps.googleapis.com/maps/api/staticmap?center=Dollar+General%2C144+Robert+B+Lee+Drive%2CLeesburg+GA+31763&amp;zoom=15&amp;size=730x600&amp;markers=icon%3Ahttps%3A%2F%2Fwww.dollargeneral.com%2Fetc.clientlibs%2Fdollargeneral%2Fclientlibs%2Fclientlib-site%2Fresources%2Fimages%2Fstatic-map-pin.png%7C31.719237%2C-84.168827&amp;key=AIzaSyDi0nb6nKeHaDJWFtAvbAIPKBrUuAc_mTY&amp;signature=5UGbfIFheZ66AUJeWVaHTJQXKC4="" alt=""Google map showing the dropped pin on Dollar General,144 Robert B Lee Drive,Leesburg GA 31763"">",144 Robert B Lee Drive,"Leesburg, GA 31763","<div class=""store-details__main-travel"" data-latitude=""31.719237"" data-longitude=""-84.168827"" style=""display: none;"">
        <div class=""store-details__main-distance""></div>
        <a class=""store-details__main-directions"" href=""javascript:void(0);"" target=""_blank""></a>
    </div>",(762) 354-4427
"<img class=""store-details__map-image"" src=""https://maps.googleapis.com/maps/api/staticmap?center=Dollar+General%2C1162+Highway+82%2CLeesburg+GA+31763-5394&amp;zoom=15&amp;size=730x600&amp;markers=icon%3Ahttps%3A%2F%2Fwww.dollargeneral.com%2Fetc.clientlibs%2Fdollargeneral%2Fclientlibs%2Fclientlib-site%2Fresources%2Fimages%2Fstatic-map-pin.png%7C31.639925%2C-84.252525&amp;key=AIzaSyDi0nb6nKeHaDJWFtAvbAIPKBrUuAc_mTY&amp;signature=7IId07zeh2C2uUWPRrswcOqlgI8="" alt=""Google map showing the dropped pin on Dollar General,1162 Highway 82,Leesburg GA 31763-5394"">",1162 Highway 82,"Leesburg, GA 31763-5394","<div class=""store-details__main-travel"" data-latitude=""31.639925"" data-longitude=""-84.252525"">
        <div class=""store-details__main-distance""></div>
        <a class=""store-details__main-directions"" href=""javascript:void(0);"" target=""_blank""></a>
    </div>",(470) 571-0390
"<img class=""store-details__map-image"" src=""https://maps.googleapis.com/maps/api/staticmap?center=Dollar+General%2C42+S+Robinson+St%2CLenox+GA+31637-7100&amp;zoom=15&amp;size=730x600&amp;markers=icon%3Ahttps%3A%2F%2Fwww.dollargeneral.com%2Fetc.clientlibs%2Fdollargeneral%2Fclientlibs%2Fclientlib-site%2Fresources%2Fimages%2Fstatic-map-pin.png%7C31.271064%2C-83.465484&amp;key=AIzaSyDi0nb6nKeHaDJWFtAvbAIPKBrUuAc_mTY&amp;signature=jdNtTOxyGOZDh5lAy2K_t9Zo8sU="" alt=""Google map showing the dropped pin on Dollar General,42 S Robinson St,Lenox GA 31637-7100"">",42 S Robinson St,"Lenox, GA 31637-7100","<div class=""store-details__main-travel"" data-latitude=""31.271064"" data-longitude=""-83.465484"">
        <div class=""store-details__main-distance""></div>
        <a class=""store-details__main-directions"" href=""javascript:void(0);"" target=""_blank""></a>
    </div>",(912) 387-4312
"<img class=""store-details__map-image"" src=""https://maps.googleapis.com/maps/api/staticmap?center=Dollar+General%2C125+Seaboard+St%2CLeslie+GA+31764-2681&amp;zoom=15&amp;size=730x600&amp;markers=icon%3Ahttps%3A%2F%2Fwww.dollargeneral.com%2Fetc.clientlibs%2Fdollargeneral%2Fclientlibs%2Fclientlib-site%2Fresources%2Fimages%2Fstatic-map-pin.png%7C31.955574%2C-84.084473&amp;key=AIzaSyDi0nb6nKeHaDJWFtAvbAIPKBrUuAc_mTY&amp;signature=xuugTbKLh9elW3HvLrJSIIXtxys="" alt=""Google map showing the dropped pin on Dollar General,125 Seaboard St,Leslie GA 31764-2681"">",125 Seaboard St,"Leslie, GA 31764-2681","<div class=""store-details__main-travel"" data-latitude=""31.955574"" data-longitude=""-84.084473"">
        <div class=""store-details__main-distance""></div>
        <a class=""store-details__main-directions"" href=""javascript:void(0);"" target=""_blank""></a>
    </div>",(229) 466-2520
"<img class=""store-details__map-image"" src=""https://maps.googleapis.com/maps/api/staticmap?center=Dollar+General%2C5570+Lawrenceville+Hwy+Nw%2CLilburn+GA+30047-6046&amp;zoom=15&amp;size=730x600&amp;markers=icon%3Ahttps%3A%2F%2Fwww.dollargeneral.com%2Fetc.clientlibs%2Fdollargeneral%2Fclientlibs%2Fclientlib-site%2Fresources%2Fimages%2Fstatic-map-pin.png%7C33.880791%2C-84.163274&amp;key=AIzaSyDi0nb6nKeHaDJWFtAvbAIPKBrUuAc_mTY&amp;signature=eKHOcDK_GHPeLorEw3_MD0222sY="" alt=""Google map showing the dropped pin on Dollar General,5570 Lawrenceville Hwy Nw,Lilburn GA 30047-6046"">",5570 Lawrenceville Hwy Nw,"Lilburn, GA 30047-6046","<div class=""store-details__main-travel"" data-latitude=""33.880791"" data-longitude=""-84.163274"" style=""display: none;"">
        <div class=""store-details__main-distance""></div>
        <a class=""store-details__main-directions"" href=""javascript:void(0);"" target=""_blank""></a>
    </div>",(470) 462-3930
"<img class=""store-details__map-image"" src=""https://maps.googleapis.com/maps/api/staticmap?center=Dollar+General%2C2688+Stone+Dr+Sw%2CLilburn+GA+30047-7709&amp;zoom=15&amp;size=730x600&amp;markers=icon%3Ahttps%3A%2F%2Fwww.dollargeneral.com%2Fetc.clientlibs%2Fdollargeneral%2Fclientlibs%2Fclientlib-site%2Fresources%2Fimages%2Fstatic-map-pin.png%7C33.8115%2C-84.0984&amp;key=AIzaSyDi0nb6nKeHaDJWFtAvbAIPKBrUuAc_mTY&amp;signature=3RUuRsw1JdXe32vaDPTAirFuTP8="" alt=""Google map showing the dropped pin on Dollar General,2688 Stone Dr Sw,Lilburn GA 30047-7709"">",2688 Stone Dr Sw,"Lilburn, GA 30047-7709","<div class=""store-details__main-travel"" data-latitude=""33.8115"" data-longitude=""-84.0984"">
        <div class=""store-details__main-distance""></div>
        <a class=""store-details__main-directions"" href=""javascript:void(0);"" target=""_blank""></a>
    </div>",(470) 226-5203
"<img class=""store-details__map-image"" src=""https://maps.googleapis.com/maps/api/staticmap?center=Dollar+General%2C620+Indian+Trail+Lilburn+Rd+Nw%2CLilburn+GA+30047&amp;zoom=15&amp;size=730x600&amp;markers=icon%3Ahttps%3A%2F%2Fwww.dollargeneral.com%2Fetc.clientlibs%2Fdollargeneral%2Fclientlibs%2Fclientlib-site%2Fresources%2Fimages%2Fstatic-map-pin.png%7C33.9009%2C-84.1461&amp;key=AIzaSyDi0nb6nKeHaDJWFtAvbAIPKBrUuAc_mTY&amp;signature=ETnWdbn6WFwhLWFEymCXKMxpQ64="" alt=""Google map showing the dropped pin on Dollar General,620 Indian Trail Lilburn Rd Nw,Lilburn GA 30047"">",620 Indian Trail Lilburn Rd Nw,"Lilburn, GA 30047","<div class=""store-details__main-travel"" data-latitude=""33.9009"" data-longitude=""-84.1461"">
        <div class=""store-details__main-distance""></div>
        <a class=""store-details__main-directions"" href=""javascript:void(0);"" target=""_blank""></a>
    </div>",(470) 396-0400
"<img class=""store-details__map-image"" src=""https://maps.googleapis.com/maps/api/staticmap?center=Dollar+General%2C675+Elm+St%2CLincolnton+GA+30817-4217&amp;zoom=15&amp;size=730x600&amp;markers=icon%3Ahttps%3A%2F%2Fwww.dollargeneral.com%2Fetc.clientlibs%2Fdollargeneral%2Fclientlibs%2Fclientlib-site%2Fresources%2Fimages%2Fstatic-map-pin.png%7C33.7884%2C-82.4623&amp;key=AIzaSyDi0nb6nKeHaDJWFtAvbAIPKBrUuAc_mTY&amp;signature=ukyVDg_OakvcpEESzJ_G_d24x-Q="" alt=""Google map showing the dropped pin on Dollar General,675 Elm St,Lincolnton GA 30817-4217"">",675 Elm St,"Lincolnton, GA 30817-4217","<div class=""store-details__main-travel"" data-latitude=""33.7884"" data-longitude=""-82.4623"">
        <div class=""store-details__main-distance""></div>
        <a class=""store-details__main-directions"" href=""javascript:void(0);"" target=""_blank""></a>
    </div>",(706) 481-2462
"<img class=""store-details__map-image"" src=""https://maps.googleapis.com/maps/api/staticmap?center=Dollar+General%2C3870+Augusta+Hwy%2CLincolnton+GA+30817&amp;zoom=15&amp;size=730x600&amp;markers=icon%3Ahttps%3A%2F%2Fwww.dollargeneral.com%2Fetc.clientlibs%2Fdollargeneral%2Fclientlibs%2Fclientlib-site%2Fresources%2Fimages%2Fstatic-map-pin.png%7C33.7492%2C-82.3905&amp;key=AIzaSyDi0nb6nKeHaDJWFtAvbAIPKBrUuAc_mTY&amp;signature=JEOm3BgqvrdF-SCYC4CKvznrECs="" alt=""Google map showing the dropped pin on Dollar General,3870 Augusta Hwy,Lincolnton GA 30817"">",3870 Augusta Hwy,"Lincolnton, GA 30817","<div class=""store-details__main-travel"" data-latitude=""33.7492"" data-longitude=""-82.3905"" style=""display: none;"">
        <div class=""store-details__main-distance""></div>
        <a class=""store-details__main-directions"" href=""javascript:void(0);"" target=""_blank""></a>
    </div>",(706) 901-7725
"<img class=""store-details__map-image"" src=""https://maps.googleapis.com/maps/api/staticmap?center=Dollar+General%2C1+N+4th+St+Se%2CLindale+GA+30147-1037&amp;zoom=15&amp;size=730x600&amp;markers=icon%3Ahttps%3A%2F%2Fwww.dollargeneral.com%2Fetc.clientlibs%2Fdollargeneral%2Fclientlibs%2Fclientlib-site%2Fresources%2Fimages%2Fstatic-map-pin.png%7C34.195311%2C-85.173692&amp;key=AIzaSyDi0nb6nKeHaDJWFtAvbAIPKBrUuAc_mTY&amp;signature=TbTBPQdaAUVOIA9wff-yU8iaLd8="" alt=""Google map showing the dropped pin on Dollar General,1 N 4th St Se,Lindale GA 30147-1037"">",1 N 4th St Se,"Lindale, GA 30147-1037","<div class=""store-details__main-travel"" data-latitude=""34.195311"" data-longitude=""-85.173692"">
        <div class=""store-details__main-distance""></div>
        <a class=""store-details__main-directions"" href=""javascript:void(0);"" target=""_blank""></a>
    </div>",(706) 413-8570
"<img class=""store-details__map-image"" src=""https://maps.googleapis.com/maps/api/staticmap?center=Dollar+General%2C6660+South+Sweetwater+Road%2CLithia+Springs+GA+30122-2860&amp;zoom=15&amp;size=730x600&amp;markers=icon%3Ahttps%3A%2F%2Fwww.dollargeneral.com%2Fetc.clientlibs%2Fdollargeneral%2Fclientlibs%2Fclientlib-site%2Fresources%2Fimages%2Fstatic-map-pin.png%7C33.793102%2C-84.659805&amp;key=AIzaSyDi0nb6nKeHaDJWFtAvbAIPKBrUuAc_mTY&amp;signature=nY_qkCsGIf-JBYIDYBNjav--5OQ="" alt=""Google map showing the dropped pin on Dollar General,6660 South Sweetwater Road,Lithia Springs GA 30122-2860"">",6660 South Sweetwater Road,"Lithia Springs, GA 30122-2860","<div class=""store-details__main-travel"" data-latitude=""33.793102"" data-longitude=""-84.659805"" style=""display: none;"">
        <div class=""store-details__main-distance""></div>
        <a class=""store-details__main-directions"" href=""javascript:void(0);"" target=""_blank""></a>
    </div>",(470) 531-0422
"<img class=""store-details__map-image"" src=""https://maps.googleapis.com/maps/api/staticmap?center=Dollar+General%2C900+Thornton+Rd+Ste+F%2CLithia+Springs+GA+30122-2641&amp;zoom=15&amp;size=730x600&amp;markers=icon%3Ahttps%3A%2F%2Fwww.dollargeneral.com%2Fetc.clientlibs%2Fdollargeneral%2Fclientlibs%2Fclientlib-site%2Fresources%2Fimages%2Fstatic-map-pin.png%7C33.780188%2C-84.605881&amp;key=AIzaSyDi0nb6nKeHaDJWFtAvbAIPKBrUuAc_mTY&amp;signature=qhNgwC3kt97Ysz5Ri2SmmloTu80="" alt=""Google map showing the dropped pin on Dollar General,900 Thornton Rd Ste F,Lithia Springs GA 30122-2641"">",900 Thornton Rd Ste F,"Lithia Springs, GA 30122-2641","<div class=""store-details__main-travel"" data-latitude=""33.780188"" data-longitude=""-84.605881"">
        <div class=""store-details__main-distance""></div>
        <a class=""store-details__main-directions"" href=""javascript:void(0);"" target=""_blank""></a>
    </div>",(470) 632-5388
"<img class=""store-details__map-image"" src=""https://maps.googleapis.com/maps/api/staticmap?center=Dollar+General%2C1977+S+Deshon+Rd%2CLithonia+GA+30058&amp;zoom=15&amp;size=730x600&amp;markers=icon%3Ahttps%3A%2F%2Fwww.dollargeneral.com%2Fetc.clientlibs%2Fdollargeneral%2Fclientlibs%2Fclientlib-site%2Fresources%2Fimages%2Fstatic-map-pin.png%7C33.7447%2C-84.1323&amp;key=AIzaSyDi0nb6nKeHaDJWFtAvbAIPKBrUuAc_mTY&amp;signature=yfCCebZ-V5jnLBUN3uo_h04iRx8="" alt=""Google map showing the dropped pin on Dollar General,1977 S Deshon Rd,Lithonia GA 30058"">",1977 S Deshon Rd,"Lithonia, GA 30058","<div class=""store-details__main-travel"" data-latitude=""33.7447"" data-longitude=""-84.1323"">
        <div class=""store-details__main-distance""></div>
        <a class=""store-details__main-directions"" href=""javascript:void(0);"" target=""_blank""></a>
    </div>",(470) 336-3228
"<img class=""store-details__map-image"" src=""https://maps.googleapis.com/maps/api/staticmap?center=Dollar+General%2C2922+Evans+Mill+Rd%2CLithonia+GA+30038-2415&amp;zoom=15&amp;size=730x600&amp;markers=icon%3Ahttps%3A%2F%2Fwww.dollargeneral.com%2Fetc.clientlibs%2Fdollargeneral%2Fclientlibs%2Fclientlib-site%2Fresources%2Fimages%2Fstatic-map-pin.png%7C33.698016%2C-84.119255&amp;key=AIzaSyDi0nb6nKeHaDJWFtAvbAIPKBrUuAc_mTY&amp;signature=mM6bPRx4yqWVwRS4asdt6wtn3kE="" alt=""Google map showing the dropped pin on Dollar General,2922 Evans Mill Rd,Lithonia GA 30038-2415"">",2922 Evans Mill Rd,"Lithonia, GA 30038-2415","<div class=""store-details__main-travel"" data-latitude=""33.698016"" data-longitude=""-84.119255"">
        <div class=""store-details__main-distance""></div>
        <a class=""store-details__main-directions"" href=""javascript:void(0);"" target=""_blank""></a>
    </div>",(470) 387-0284
"<img class=""store-details__map-image"" src=""https://maps.googleapis.com/maps/api/staticmap?center=Dollar+General%2C2245+Rock+Chapel+Rd%2CLithonia+GA+30058-5132&amp;zoom=15&amp;size=730x600&amp;markers=icon%3Ahttps%3A%2F%2Fwww.dollargeneral.com%2Fetc.clientlibs%2Fdollargeneral%2Fclientlibs%2Fclientlib-site%2Fresources%2Fimages%2Fstatic-map-pin.png%7C33.7253%2C-84.0937&amp;key=AIzaSyDi0nb6nKeHaDJWFtAvbAIPKBrUuAc_mTY&amp;signature=QCUqOhtQwIw7ePVVJF9yE0OJHQ4="" alt=""Google map showing the dropped pin on Dollar General,2245 Rock Chapel Rd,Lithonia GA 30058-5132"">",2245 Rock Chapel Rd,"Lithonia, GA 30058-5132","<div class=""store-details__main-travel"" data-latitude=""33.7253"" data-longitude=""-84.0937"">
        <div class=""store-details__main-distance""></div>
        <a class=""store-details__main-directions"" href=""javascript:void(0);"" target=""_blank""></a>
    </div>",(470) 462-4064
"<img class=""store-details__map-image"" src=""https://maps.googleapis.com/maps/api/staticmap?center=Dollar+General%2C6633+Covington+Hwy%2CLithonia+GA+30058-4813&amp;zoom=15&amp;size=730x600&amp;markers=icon%3Ahttps%3A%2F%2Fwww.dollargeneral.com%2Fetc.clientlibs%2Fdollargeneral%2Fclientlibs%2Fclientlib-site%2Fresources%2Fimages%2Fstatic-map-pin.png%7C33.717249%2C-84.147343&amp;key=AIzaSyDi0nb6nKeHaDJWFtAvbAIPKBrUuAc_mTY&amp;signature=0BoBxjq9wZ6H9Y3j7j7cKd4kV_w="" alt=""Google map showing the dropped pin on Dollar General,6633 Covington Hwy,Lithonia GA 30058-4813"">",6633 Covington Hwy,"Lithonia, GA 30058-4813","<div class=""store-details__main-travel"" data-latitude=""33.717249"" data-longitude=""-84.147343"">
        <div class=""store-details__main-distance""></div>
        <a class=""store-details__main-directions"" href=""javascript:void(0);"" target=""_blank""></a>
    </div>",(470) 508-8261
"<img class=""store-details__map-image"" src=""https://maps.googleapis.com/maps/api/staticmap?center=Dollar+General%2C4570+Klondike+Rd%2CLithonia+GA+30038-4644&amp;zoom=15&amp;size=730x600&amp;markers=icon%3Ahttps%3A%2F%2Fwww.dollargeneral.com%2Fetc.clientlibs%2Fdollargeneral%2Fclientlibs%2Fclientlib-site%2Fresources%2Fimages%2Fstatic-map-pin.png%7C33.646795%2C-84.125956&amp;key=AIzaSyDi0nb6nKeHaDJWFtAvbAIPKBrUuAc_mTY&amp;signature=r5va0QGlaNDJBgmXiRThcfm_rek="" alt=""Google map showing the dropped pin on Dollar General,4570 Klondike Rd,Lithonia GA 30038-4644"">",4570 Klondike Rd,"Lithonia, GA 30038-4644","<div class=""store-details__main-travel"" data-latitude=""33.646795"" data-longitude=""-84.125956"" style=""display: none;"">
        <div class=""store-details__main-distance""></div>
        <a class=""store-details__main-directions"" href=""javascript:void(0);"" target=""_blank""></a>
    </div>",(470) 394-0306
"<img class=""store-details__map-image"" src=""https://maps.googleapis.com/maps/api/staticmap?center=Dollar+General%2C6541+Marshall+Mill+Rd%2CLizella+GA+31052-7305&amp;zoom=15&amp;size=730x600&amp;markers=icon%3Ahttps%3A%2F%2Fwww.dollargeneral.com%2Fetc.clientlibs%2Fdollargeneral%2Fclientlibs%2Fclientlib-site%2Fresources%2Fimages%2Fstatic-map-pin.png%7C32.7611%2C-83.8458&amp;key=AIzaSyDi0nb6nKeHaDJWFtAvbAIPKBrUuAc_mTY&amp;signature=paESfXOzA7qg5aBj2ARkBGpa6EQ="" alt=""Google map showing the dropped pin on Dollar General,6541 Marshall Mill Rd,Lizella GA 31052-7305"">",6541 Marshall Mill Rd,"Lizella, GA 31052-7305","<div class=""store-details__main-travel"" data-latitude=""32.7611"" data-longitude=""-83.8458"">
        <div class=""store-details__main-distance""></div>
        <a class=""store-details__main-directions"" href=""javascript:void(0);"" target=""_blank""></a>
    </div>",(762) 354-0029
"<img class=""store-details__map-image"" src=""https://maps.googleapis.com/maps/api/staticmap?center=Dollar+General%2C3307+Holley+Rd%2CLizella+GA+31052-3412&amp;zoom=15&amp;size=730x600&amp;markers=icon%3Ahttps%3A%2F%2Fwww.dollargeneral.com%2Fetc.clientlibs%2Fdollargeneral%2Fclientlibs%2Fclientlib-site%2Fresources%2Fimages%2Fstatic-map-pin.png%7C32.802134%2C-83.802374&amp;key=AIzaSyDi0nb6nKeHaDJWFtAvbAIPKBrUuAc_mTY&amp;signature=BJyuzJ7jL30ZaKZh5dNn0sHBayc="" alt=""Google map showing the dropped pin on Dollar General,3307 Holley Rd,Lizella GA 31052-3412"">",3307 Holley Rd,"Lizella, GA 31052-3412","<div class=""store-details__main-travel"" data-latitude=""32.802134"" data-longitude=""-83.802374"">
        <div class=""store-details__main-distance""></div>
        <a class=""store-details__main-directions"" href=""javascript:void(0);"" target=""_blank""></a>
    </div>",(470) 893-1981
"<img class=""store-details__map-image"" src=""https://maps.googleapis.com/maps/api/staticmap?center=Dollar+General%2C2805+Tanger+Blvd%2CLocust+Grove+GA+30248&amp;zoom=15&amp;size=730x600&amp;markers=icon%3Ahttps%3A%2F%2Fwww.dollargeneral.com%2Fetc.clientlibs%2Fdollargeneral%2Fclientlibs%2Fclientlib-site%2Fresources%2Fimages%2Fstatic-map-pin.png%7C33.33536%2C-84.10791&amp;key=AIzaSyDi0nb6nKeHaDJWFtAvbAIPKBrUuAc_mTY&amp;signature=tlJ-F4_WFgUH_hdjuXudVCdahKc="" alt=""Google map showing the dropped pin on Dollar General,2805 Tanger Blvd,Locust Grove GA 30248"">",2805 Tanger Blvd,"Locust Grove, GA 30248","<div class=""store-details__main-travel"" data-latitude=""33.33536"" data-longitude=""-84.10791"">
        <div class=""store-details__main-distance""></div>
        <a class=""store-details__main-directions"" href=""javascript:void(0);"" target=""_blank""></a>
    </div>",(470) 317-2476
"<img class=""store-details__map-image"" src=""https://maps.googleapis.com/maps/api/staticmap?center=Dollar+General%2C3230+Hwy+155+S%2CLocust+Grove+GA+30248-3512&amp;zoom=15&amp;size=730x600&amp;markers=icon%3Ahttps%3A%2F%2Fwww.dollargeneral.com%2Fetc.clientlibs%2Fdollargeneral%2Fclientlibs%2Fclientlib-site%2Fresources%2Fimages%2Fstatic-map-pin.png%7C33.350987%2C-84.17998&amp;key=AIzaSyDi0nb6nKeHaDJWFtAvbAIPKBrUuAc_mTY&amp;signature=P8zAYCjti4MCFHNoBbjagianSEw="" alt=""Google map showing the dropped pin on Dollar General,3230 Hwy 155 S,Locust Grove GA 30248-3512"">",3230 Hwy 155 S,"Locust Grove, GA 30248-3512","<div class=""store-details__main-travel"" data-latitude=""33.350987"" data-longitude=""-84.17998"">
        <div class=""store-details__main-distance""></div>
        <a class=""store-details__main-directions"" href=""javascript:void(0);"" target=""_blank""></a>
    </div>",(470) 615-0162
"<img class=""store-details__map-image"" src=""https://maps.googleapis.com/maps/api/staticmap?center=Dollar+General%2C620+Peeksville+Rd%2CLocust+Grove+GA+30248-3131&amp;zoom=15&amp;size=730x600&amp;markers=icon%3Ahttps%3A%2F%2Fwww.dollargeneral.com%2Fetc.clientlibs%2Fdollargeneral%2Fclientlibs%2Fclientlib-site%2Fresources%2Fimages%2Fstatic-map-pin.png%7C33.351029%2C-84.091085&amp;key=AIzaSyDi0nb6nKeHaDJWFtAvbAIPKBrUuAc_mTY&amp;signature=iHwOObSp2Gme8HXCKHMd81v_N0s="" alt=""Google map showing the dropped pin on Dollar General,620 Peeksville Rd,Locust Grove GA 30248-3131"">",620 Peeksville Rd,"Locust Grove, GA 30248-3131","<div class=""store-details__main-travel"" data-latitude=""33.351029"" data-longitude=""-84.091085"">
        <div class=""store-details__main-distance""></div>
        <a class=""store-details__main-directions"" href=""javascript:void(0);"" target=""_blank""></a>
    </div>",(762) 435-3160
"<img class=""store-details__map-image"" src=""https://maps.googleapis.com/maps/api/staticmap?center=Dollar+General%2C3637+Miller+Bottom+Rd%2CLoganville+GA+30052-3020&amp;zoom=15&amp;size=730x600&amp;markers=icon%3Ahttps%3A%2F%2Fwww.dollargeneral.com%2Fetc.clientlibs%2Fdollargeneral%2Fclientlibs%2Fclientlib-site%2Fresources%2Fimages%2Fstatic-map-pin.png%7C33.7871%2C-83.9573&amp;key=AIzaSyDi0nb6nKeHaDJWFtAvbAIPKBrUuAc_mTY&amp;signature=LOhEU717URt9Q6B0B6cs8f92hMg="" alt=""Google map showing the dropped pin on Dollar General,3637 Miller Bottom Rd,Loganville GA 30052-3020"">",3637 Miller Bottom Rd,"Loganville, GA 30052-3020","<div class=""store-details__main-travel"" data-latitude=""33.7871"" data-longitude=""-83.9573"">
        <div class=""store-details__main-distance""></div>
        <a class=""store-details__main-directions"" href=""javascript:void(0);"" target=""_blank""></a>
    </div>",(470) 336-3212
"<img class=""store-details__map-image"" src=""https://maps.googleapis.com/maps/api/staticmap?center=Dollar+General%2C17+Hinkle+Dr%2CLookout+Mountain+GA+30750&amp;zoom=15&amp;size=730x600&amp;markers=icon%3Ahttps%3A%2F%2Fwww.dollargeneral.com%2Fetc.clientlibs%2Fdollargeneral%2Fclientlibs%2Fclientlib-site%2Fresources%2Fimages%2Fstatic-map-pin.png%7C34.90848%2C-85.39394&amp;key=AIzaSyDi0nb6nKeHaDJWFtAvbAIPKBrUuAc_mTY&amp;signature=HxeXqIA66fEY_yNqZa2i-aSrhTI="" alt=""Google map showing the dropped pin on Dollar General,17 Hinkle Dr,Lookout Mountain GA 30750"">",17 Hinkle Dr,"Lookout Mountain, GA 30750","<div class=""store-details__main-travel"" data-latitude=""34.90848"" data-longitude=""-85.39394"">
        <div class=""store-details__main-distance""></div>
        <a class=""store-details__main-directions"" href=""javascript:void(0);"" target=""_blank""></a>
    </div>",(706) 842-9458
"<img class=""store-details__map-image"" src=""https://maps.googleapis.com/maps/api/staticmap?center=Dollar+General%2C1162+Walnut+St%2CLouisville+GA+30434&amp;zoom=15&amp;size=730x600&amp;markers=icon%3Ahttps%3A%2F%2Fwww.dollargeneral.com%2Fetc.clientlibs%2Fdollargeneral%2Fclientlibs%2Fclientlib-site%2Fresources%2Fimages%2Fstatic-map-pin.png%7C33.0101%2C-82.3981&amp;key=AIzaSyDi0nb6nKeHaDJWFtAvbAIPKBrUuAc_mTY&amp;signature=9B2SBRxb6UTE3X5UxevN26lNyo4="" alt=""Google map showing the dropped pin on Dollar General,1162 Walnut St,Louisville GA 30434"">",1162 Walnut St,"Louisville, GA 30434","<div class=""store-details__main-travel"" data-latitude=""33.0101"" data-longitude=""-82.3981"">
        <div class=""store-details__main-distance""></div>
        <a class=""store-details__main-directions"" href=""javascript:void(0);"" target=""_blank""></a>
    </div>",(478) 241-0720
"<img class=""store-details__map-image"" src=""https://maps.googleapis.com/maps/api/staticmap?center=Dollar+General%2C%234-6a+N+Macon+St%2CLudowici+GA+31316-0610&amp;zoom=15&amp;size=730x600&amp;markers=icon%3Ahttps%3A%2F%2Fwww.dollargeneral.com%2Fetc.clientlibs%2Fdollargeneral%2Fclientlibs%2Fclientlib-site%2Fresources%2Fimages%2Fstatic-map-pin.png%7C31.7143%2C-81.7436&amp;key=AIzaSyDi0nb6nKeHaDJWFtAvbAIPKBrUuAc_mTY&amp;signature=hjqqlwPqRP3MR0z1yUuVTpkZT4s="" alt=""Google map showing the dropped pin on Dollar General,#4-6a N Macon St,Ludowici GA 31316-0610"">",#4-6a N Macon St,"Ludowici, GA 31316-0610","<div class=""store-details__main-travel"" data-latitude=""31.7143"" data-longitude=""-81.7436"" style=""display: none;"">
        <div class=""store-details__main-distance""></div>
        <a class=""store-details__main-directions"" href=""javascript:void(0);"" target=""_blank""></a>
    </div>",(912) 226-6531
"<img class=""store-details__map-image"" src=""https://maps.googleapis.com/maps/api/staticmap?center=Dollar+General%2C6117+Lula+Rd%2CLula+GA+30554-2330&amp;zoom=15&amp;size=730x600&amp;markers=icon%3Ahttps%3A%2F%2Fwww.dollargeneral.com%2Fetc.clientlibs%2Fdollargeneral%2Fclientlibs%2Fclientlib-site%2Fresources%2Fimages%2Fstatic-map-pin.png%7C34.395514%2C-83.692558&amp;key=AIzaSyDi0nb6nKeHaDJWFtAvbAIPKBrUuAc_mTY&amp;signature=JR2b4Wt11cXq-bye0xWErOes9Ts="" alt=""Google map showing the dropped pin on Dollar General,6117 Lula Rd,Lula GA 30554-2330"">",6117 Lula Rd,"Lula, GA 30554-2330","<div class=""store-details__main-travel"" data-latitude=""34.395514"" data-longitude=""-83.692558"">
        <div class=""store-details__main-distance""></div>
        <a class=""store-details__main-directions"" href=""javascript:void(0);"" target=""_blank""></a>
    </div>",(470) 472-4005
"<img class=""store-details__map-image"" src=""https://maps.googleapis.com/maps/api/staticmap?center=Dollar+General%2C205+Us+Highway+341%2CLumber+City+GA+31549-0266&amp;zoom=15&amp;size=730x600&amp;markers=icon%3Ahttps%3A%2F%2Fwww.dollargeneral.com%2Fetc.clientlibs%2Fdollargeneral%2Fclientlibs%2Fclientlib-site%2Fresources%2Fimages%2Fstatic-map-pin.png%7C31.933948%2C-82.682311&amp;key=AIzaSyDi0nb6nKeHaDJWFtAvbAIPKBrUuAc_mTY&amp;signature=APb-U2rB7OOU2CbA-MDNu1iVwV0="" alt=""Google map showing the dropped pin on Dollar General,205 Us Highway 341,Lumber City GA 31549-0266"">",205 Us Highway 341,"Lumber City, GA 31549-0266","<div class=""store-details__main-travel"" data-latitude=""31.933948"" data-longitude=""-82.682311"">
        <div class=""store-details__main-distance""></div>
        <a class=""store-details__main-directions"" href=""javascript:void(0);"" target=""_blank""></a>
    </div>",(912) 304-0018
"<img class=""store-details__map-image"" src=""https://maps.googleapis.com/maps/api/staticmap?center=Dollar+General%2C205+Us+Highway+341%2CLumber+City+GA+31549-0266&amp;zoom=15&amp;size=730x600&amp;markers=icon%3Ahttps%3A%2F%2Fwww.dollargeneral.com%2Fetc.clientlibs%2Fdollargeneral%2Fclientlibs%2Fclientlib-site%2Fresources%2Fimages%2Fstatic-map-pin.png%7C31.9339%2C-82.6823&amp;key=AIzaSyDi0nb6nKeHaDJWFtAvbAIPKBrUuAc_mTY&amp;signature=_We_8NVuCEhjfvCKFZJcpL-N6BA="" alt=""Google map showing the dropped pin on Dollar General,205 Us Highway 341,Lumber City GA 31549-0266"">",205 Us Highway 341,"Lumber City, GA 31549-0266","<div class=""store-details__main-travel"" data-latitude=""31.9339"" data-longitude=""-82.6823"">
        <div class=""store-details__main-distance""></div>
        <a class=""store-details__main-directions"" href=""javascript:void(0);"" target=""_blank""></a>
    </div>",(912) 304-0018
"<img class=""store-details__map-image"" src=""https://maps.googleapis.com/maps/api/staticmap?center=Dollar+General%2C1913+Broad+Street%2CLumpkin+GA+31815&amp;zoom=15&amp;size=730x600&amp;markers=icon%3Ahttps%3A%2F%2Fwww.dollargeneral.com%2Fetc.clientlibs%2Fdollargeneral%2Fclientlibs%2Fclientlib-site%2Fresources%2Fimages%2Fstatic-map-pin.png%7C32.05112%2C-84.79215&amp;key=AIzaSyDi0nb6nKeHaDJWFtAvbAIPKBrUuAc_mTY&amp;signature=XwIQhGkGLM7QJn0dOq_6iz8aRYo="" alt=""Google map showing the dropped pin on Dollar General,1913 Broad Street,Lumpkin GA 31815"">",1913 Broad Street,"Lumpkin, GA 31815","<div class=""store-details__main-travel"" data-latitude=""32.05112"" data-longitude=""-84.79215"" style=""display: none;"">
        <div class=""store-details__main-distance""></div>
        <a class=""store-details__main-directions"" href=""javascript:void(0);"" target=""_blank""></a>
    </div>",(470) 394-0565
"<img class=""store-details__map-image"" src=""https://maps.googleapis.com/maps/api/staticmap?center=Dollar+General%2C164+S+Main+St%2CLuthersville+GA+30251-1810&amp;zoom=15&amp;size=730x600&amp;markers=icon%3Ahttps%3A%2F%2Fwww.dollargeneral.com%2Fetc.clientlibs%2Fdollargeneral%2Fclientlibs%2Fclientlib-site%2Fresources%2Fimages%2Fstatic-map-pin.png%7C33.199715%2C-84.741595&amp;key=AIzaSyDi0nb6nKeHaDJWFtAvbAIPKBrUuAc_mTY&amp;signature=9uxC6bRRSzPvPrJ8mNzjq8PVyPg="" alt=""Google map showing the dropped pin on Dollar General,164 S Main St,Luthersville GA 30251-1810"">",164 S Main St,"Luthersville, GA 30251-1810","<div class=""store-details__main-travel"" data-latitude=""33.199715"" data-longitude=""-84.741595"">
        <div class=""store-details__main-distance""></div>
        <a class=""store-details__main-directions"" href=""javascript:void(0);"" target=""_blank""></a>
    </div>",(470) 635-0440
"<img class=""store-details__map-image"" src=""https://maps.googleapis.com/maps/api/staticmap?center=Dollar+General%2C6190+Hwy+114%2CLyerly+GA+30730-3049&amp;zoom=15&amp;size=730x600&amp;markers=icon%3Ahttps%3A%2F%2Fwww.dollargeneral.com%2Fetc.clientlibs%2Fdollargeneral%2Fclientlibs%2Fclientlib-site%2Fresources%2Fimages%2Fstatic-map-pin.png%7C34.40442%2C-85.407044&amp;key=AIzaSyDi0nb6nKeHaDJWFtAvbAIPKBrUuAc_mTY&amp;signature=qztypPrDTgFGxhhrieeu2IXDBeI="" alt=""Google map showing the dropped pin on Dollar General,6190 Hwy 114,Lyerly GA 30730-3049"">",6190 Hwy 114,"Lyerly, GA 30730-3049","<div class=""store-details__main-travel"" data-latitude=""34.40442"" data-longitude=""-85.407044"" style=""display: none;"">
        <div class=""store-details__main-distance""></div>
        <a class=""store-details__main-directions"" href=""javascript:void(0);"" target=""_blank""></a>
    </div>",(706) 591-8107
"<img class=""store-details__map-image"" src=""https://maps.googleapis.com/maps/api/staticmap?center=Dollar+General%2C37+Pendleton+Springs+Dr%2CLyons+GA+30436&amp;zoom=15&amp;size=730x600&amp;markers=icon%3Ahttps%3A%2F%2Fwww.dollargeneral.com%2Fetc.clientlibs%2Fdollargeneral%2Fclientlibs%2Fclientlib-site%2Fresources%2Fimages%2Fstatic-map-pin.png%7C32.3608%2C-82.3222&amp;key=AIzaSyDi0nb6nKeHaDJWFtAvbAIPKBrUuAc_mTY&amp;signature=hHy12YBonmsnPANnMncZPJrKubk="" alt=""Google map showing the dropped pin on Dollar General,37 Pendleton Springs Dr,Lyons GA 30436"">",37 Pendleton Springs Dr,"Lyons, GA 30436","<div class=""store-details__main-travel"" data-latitude=""32.3608"" data-longitude=""-82.3222"">
        <div class=""store-details__main-distance""></div>
        <a class=""store-details__main-directions"" href=""javascript:void(0);"" target=""_blank""></a>
    </div>",(912) 216-0131
"<img class=""store-details__map-image"" src=""https://maps.googleapis.com/maps/api/staticmap?center=Dollar+General%2C160+North+State+Street%2CLyons+GA+30436&amp;zoom=15&amp;size=730x600&amp;markers=icon%3Ahttps%3A%2F%2Fwww.dollargeneral.com%2Fetc.clientlibs%2Fdollargeneral%2Fclientlibs%2Fclientlib-site%2Fresources%2Fimages%2Fstatic-map-pin.png%7C32.205221%2C-82.320872&amp;key=AIzaSyDi0nb6nKeHaDJWFtAvbAIPKBrUuAc_mTY&amp;signature=Y_5DjN1JfgT_Cs9cnZgYl31_SXs="" alt=""Google map showing the dropped pin on Dollar General,160 North State Street,Lyons GA 30436"">",160 North State Street,"Lyons, GA 30436","<div class=""store-details__main-travel"" data-latitude=""32.205221"" data-longitude=""-82.320872"">
        <div class=""store-details__main-distance""></div>
        <a class=""store-details__main-directions"" href=""javascript:void(0);"" target=""_blank""></a>
    </div>",(912) 388-1100
"<img class=""store-details__map-image"" src=""https://maps.googleapis.com/maps/api/staticmap?center=Dollar+General%2C6+Candy+Cane+St%2CLyons+GA+30436&amp;zoom=15&amp;size=730x600&amp;markers=icon%3Ahttps%3A%2F%2Fwww.dollargeneral.com%2Fetc.clientlibs%2Fdollargeneral%2Fclientlibs%2Fclientlib-site%2Fresources%2Fimages%2Fstatic-map-pin.png%7C32.1705%2C-82.3344&amp;key=AIzaSyDi0nb6nKeHaDJWFtAvbAIPKBrUuAc_mTY&amp;signature=W6sugbjnKYP4P_h6n7V2JW6qI0U="" alt=""Google map showing the dropped pin on Dollar General,6 Candy Cane St,Lyons GA 30436"">",6 Candy Cane St,"Lyons, GA 30436","<div class=""store-details__main-travel"" data-latitude=""32.1705"" data-longitude=""-82.3344"">
        <div class=""store-details__main-distance""></div>
        <a class=""store-details__main-directions"" href=""javascript:void(0);"" target=""_blank""></a>
    </div>",(912) 274-0100
"<img class=""store-details__map-image"" src=""https://maps.googleapis.com/maps/api/staticmap?center=Dollar+General%2C6905+Mableton+Pkwy%2CMableton+GA+30126&amp;zoom=15&amp;size=730x600&amp;markers=icon%3Ahttps%3A%2F%2Fwww.dollargeneral.com%2Fetc.clientlibs%2Fdollargeneral%2Fclientlibs%2Fclientlib-site%2Fresources%2Fimages%2Fstatic-map-pin.png%7C33.7848%2C-84.5421&amp;key=AIzaSyDi0nb6nKeHaDJWFtAvbAIPKBrUuAc_mTY&amp;signature=fl3dKuexEkxbBSqIQAZcB24NOMA="" alt=""Google map showing the dropped pin on Dollar General,6905 Mableton Pkwy,Mableton GA 30126"">",6905 Mableton Pkwy,"Mableton, GA 30126","<div class=""store-details__main-travel"" data-latitude=""33.7848"" data-longitude=""-84.5421"">
        <div class=""store-details__main-distance""></div>
        <a class=""store-details__main-directions"" href=""javascript:void(0);"" target=""_blank""></a>
    </div>",(470) 632-2680
"<img class=""store-details__map-image"" src=""https://maps.googleapis.com/maps/api/staticmap?center=Dollar+General%2C1391+Veterans+Mem+Pkwy+Sw%2CMableton+GA+30126-3153&amp;zoom=15&amp;size=730x600&amp;markers=icon%3Ahttps%3A%2F%2Fwww.dollargeneral.com%2Fetc.clientlibs%2Fdollargeneral%2Fclientlibs%2Fclientlib-site%2Fresources%2Fimages%2Fstatic-map-pin.png%7C33.814621%2C-84.594468&amp;key=AIzaSyDi0nb6nKeHaDJWFtAvbAIPKBrUuAc_mTY&amp;signature=yu4LGVFBATCMtA6Bx6CTO-BYoCM="" alt=""Google map showing the dropped pin on Dollar General,1391 Veterans Mem Pkwy Sw,Mableton GA 30126-3153"">",1391 Veterans Mem Pkwy Sw,"Mableton, GA 30126-3153","<div class=""store-details__main-travel"" data-latitude=""33.814621"" data-longitude=""-84.594468"">
        <div class=""store-details__main-distance""></div>
        <a class=""store-details__main-directions"" href=""javascript:void(0);"" target=""_blank""></a>
    </div>",(470) 648-0812
"<img class=""store-details__map-image"" src=""https://maps.googleapis.com/maps/api/staticmap?center=Dollar+General%2C110+Pamela+Drive%2CMacon+GA+31217&amp;zoom=15&amp;size=730x600&amp;markers=icon%3Ahttps%3A%2F%2Fwww.dollargeneral.com%2Fetc.clientlibs%2Fdollargeneral%2Fclientlibs%2Fclientlib-site%2Fresources%2Fimages%2Fstatic-map-pin.png%7C32.87947%2C-83.54831&amp;key=AIzaSyDi0nb6nKeHaDJWFtAvbAIPKBrUuAc_mTY&amp;signature=ByIW50yRUgo_mva951NCgbhr6QE="" alt=""Google map showing the dropped pin on Dollar General,110 Pamela Drive,Macon GA 31217"">",110 Pamela Drive,"Macon, GA 31217","<div class=""store-details__main-travel"" data-latitude=""32.87947"" data-longitude=""-83.54831"">
        <div class=""store-details__main-distance""></div>
        <a class=""store-details__main-directions"" href=""javascript:void(0);"" target=""_blank""></a>
    </div>",(478) 200-5922
"<img class=""store-details__map-image"" src=""https://maps.googleapis.com/maps/api/staticmap?center=Dollar+General%2C17002+Ga+Highway+129%2CMacon+GA+31217&amp;zoom=15&amp;size=730x600&amp;markers=icon%3Ahttps%3A%2F%2Fwww.dollargeneral.com%2Fetc.clientlibs%2Fdollargeneral%2Fclientlibs%2Fclientlib-site%2Fresources%2Fimages%2Fstatic-map-pin.png%7C32.7093%2C-83.5446&amp;key=AIzaSyDi0nb6nKeHaDJWFtAvbAIPKBrUuAc_mTY&amp;signature=Fqo3vFqHUZ4-a8Cp7AN-4GIEv18="" alt=""Google map showing the dropped pin on Dollar General,17002 Ga Highway 129,Macon GA 31217"">",17002 Ga Highway 129,"Macon, GA 31217","<div class=""store-details__main-travel"" data-latitude=""32.7093"" data-longitude=""-83.5446"">
        <div class=""store-details__main-distance""></div>
        <a class=""store-details__main-directions"" href=""javascript:void(0);"" target=""_blank""></a>
    </div>",(478) 200-0144
"<img class=""store-details__map-image"" src=""https://maps.googleapis.com/maps/api/staticmap?center=Dollar+General%2C3076+Riverside+Dr+Ste+800%2CMacon+GA+31210-6310&amp;zoom=15&amp;size=730x600&amp;markers=icon%3Ahttps%3A%2F%2Fwww.dollargeneral.com%2Fetc.clientlibs%2Fdollargeneral%2Fclientlibs%2Fclientlib-site%2Fresources%2Fimages%2Fstatic-map-pin.png%7C32.889448%2C-83.678156&amp;key=AIzaSyDi0nb6nKeHaDJWFtAvbAIPKBrUuAc_mTY&amp;signature=qwowgRcicwuMGgIEp_PkalhoQdU="" alt=""Google map showing the dropped pin on Dollar General,3076 Riverside Dr Ste 800,Macon GA 31210-6310"">",3076 Riverside Dr Ste 800,"Macon, GA 31210-6310","<div class=""store-details__main-travel"" data-latitude=""32.889448"" data-longitude=""-83.678156"" style=""display: none;"">
        <div class=""store-details__main-distance""></div>
        <a class=""store-details__main-directions"" href=""javascript:void(0);"" target=""_blank""></a>
    </div>",(478) 216-6808
"<img class=""store-details__map-image"" src=""https://maps.googleapis.com/maps/api/staticmap?center=Dollar+General%2C6780+Houston+Rd%2CMacon+GA+31216&amp;zoom=15&amp;size=730x600&amp;markers=icon%3Ahttps%3A%2F%2Fwww.dollargeneral.com%2Fetc.clientlibs%2Fdollargeneral%2Fclientlibs%2Fclientlib-site%2Fresources%2Fimages%2Fstatic-map-pin.png%7C32.7166%2C-83.6893&amp;key=AIzaSyDi0nb6nKeHaDJWFtAvbAIPKBrUuAc_mTY&amp;signature=qA7LLRrN_rDpxitiUe6Xtg3iZDM="" alt=""Google map showing the dropped pin on Dollar General,6780 Houston Rd,Macon GA 31216"">",6780 Houston Rd,"Macon, GA 31216","<div class=""store-details__main-travel"" data-latitude=""32.7166"" data-longitude=""-83.6893"">
        <div class=""store-details__main-distance""></div>
        <a class=""store-details__main-directions"" href=""javascript:void(0);"" target=""_blank""></a>
    </div>",(478) 200-7573
"<img class=""store-details__map-image"" src=""https://maps.googleapis.com/maps/api/staticmap?center=Dollar+General%2C6369+Thomaston+Rd%2CMacon+GA+31220-7704&amp;zoom=15&amp;size=730x600&amp;markers=icon%3Ahttps%3A%2F%2Fwww.dollargeneral.com%2Fetc.clientlibs%2Fdollargeneral%2Fclientlibs%2Fclientlib-site%2Fresources%2Fimages%2Fstatic-map-pin.png%7C32.8523%2C-83.7697&amp;key=AIzaSyDi0nb6nKeHaDJWFtAvbAIPKBrUuAc_mTY&amp;signature=Dilmr_0O_fDG8iYjwxSZL0ChFQ0="" alt=""Google map showing the dropped pin on Dollar General,6369 Thomaston Rd,Macon GA 31220-7704"">",6369 Thomaston Rd,"Macon, GA 31220-7704","<div class=""store-details__main-travel"" data-latitude=""32.8523"" data-longitude=""-83.7697"">
        <div class=""store-details__main-distance""></div>
        <a class=""store-details__main-directions"" href=""javascript:void(0);"" target=""_blank""></a>
    </div>",(478) 250-8073
"<img class=""store-details__map-image"" src=""https://maps.googleapis.com/maps/api/staticmap?center=Dollar+General%2C4944+Mt.+Pleasant+Church+Rd%2CMacon+GA+31216-5518&amp;zoom=15&amp;size=730x600&amp;markers=icon%3Ahttps%3A%2F%2Fwww.dollargeneral.com%2Fetc.clientlibs%2Fdollargeneral%2Fclientlibs%2Fclientlib-site%2Fresources%2Fimages%2Fstatic-map-pin.png%7C32.747033%2C-83.73208&amp;key=AIzaSyDi0nb6nKeHaDJWFtAvbAIPKBrUuAc_mTY&amp;signature=ZbFIXKQDiqzuIw5fpClBanotR6c="" alt=""Google map showing the dropped pin on Dollar General,4944 Mt. Pleasant Church Rd,Macon GA 31216-5518"">",4944 Mt. Pleasant Church Rd,"Macon, GA 31216-5518","<div class=""store-details__main-travel"" data-latitude=""32.747033"" data-longitude=""-83.73208"">
        <div class=""store-details__main-distance""></div>
        <a class=""store-details__main-directions"" href=""javascript:void(0);"" target=""_blank""></a>
    </div>",(478) 238-8254
"<img class=""store-details__map-image"" src=""https://maps.googleapis.com/maps/api/staticmap?center=Dollar+General%2C2797+Emery+Rd%2CMacon+GA+31217-4737&amp;zoom=15&amp;size=730x600&amp;markers=icon%3Ahttps%3A%2F%2Fwww.dollargeneral.com%2Fetc.clientlibs%2Fdollargeneral%2Fclientlibs%2Fclientlib-site%2Fresources%2Fimages%2Fstatic-map-pin.png%7C32.84029%2C-83.575454&amp;key=AIzaSyDi0nb6nKeHaDJWFtAvbAIPKBrUuAc_mTY&amp;signature=zGsfNNVUa25LWA1uSXsEUjy-21I="" alt=""Google map showing the dropped pin on Dollar General,2797 Emery Rd,Macon GA 31217-4737"">",2797 Emery Rd,"Macon, GA 31217-4737","<div class=""store-details__main-travel"" data-latitude=""32.84029"" data-longitude=""-83.575454"" style=""display: none;"">
        <div class=""store-details__main-distance""></div>
        <a class=""store-details__main-directions"" href=""javascript:void(0);"" target=""_blank""></a>
    </div>",(478) 250-8030
"<img class=""store-details__map-image"" src=""https://maps.googleapis.com/maps/api/staticmap?center=Dollar+General%2C5544+Thomaston+Rd%2CMacon+GA+31220-8118&amp;zoom=15&amp;size=730x600&amp;markers=icon%3Ahttps%3A%2F%2Fwww.dollargeneral.com%2Fetc.clientlibs%2Fdollargeneral%2Fclientlibs%2Fclientlib-site%2Fresources%2Fimages%2Fstatic-map-pin.png%7C32.832989%2C-83.742571&amp;key=AIzaSyDi0nb6nKeHaDJWFtAvbAIPKBrUuAc_mTY&amp;signature=H1S0jfvqvNmbbrWcqIciSuccNBo="" alt=""Google map showing the dropped pin on Dollar General,5544 Thomaston Rd,Macon GA 31220-8118"">",5544 Thomaston Rd,"Macon, GA 31220-8118","<div class=""store-details__main-travel"" data-latitude=""32.832989"" data-longitude=""-83.742571"">
        <div class=""store-details__main-distance""></div>
        <a class=""store-details__main-directions"" href=""javascript:void(0);"" target=""_blank""></a>
    </div>",(478) 219-2909
"<img class=""store-details__map-image"" src=""https://maps.googleapis.com/maps/api/staticmap?center=Dollar+General%2C4996+Bloomfield+Road%2CMacon+GA+31206-4310&amp;zoom=15&amp;size=730x600&amp;markers=icon%3Ahttps%3A%2F%2Fwww.dollargeneral.com%2Fetc.clientlibs%2Fdollargeneral%2Fclientlibs%2Fclientlib-site%2Fresources%2Fimages%2Fstatic-map-pin.png%7C32.803736%2C-83.706551&amp;key=AIzaSyDi0nb6nKeHaDJWFtAvbAIPKBrUuAc_mTY&amp;signature=0mHpaNdK5VkYvneqNQ75--SoUV0="" alt=""Google map showing the dropped pin on Dollar General,4996 Bloomfield Road,Macon GA 31206-4310"">",4996 Bloomfield Road,"Macon, GA 31206-4310","<div class=""store-details__main-travel"" data-latitude=""32.803736"" data-longitude=""-83.706551"">
        <div class=""store-details__main-distance""></div>
        <a class=""store-details__main-directions"" href=""javascript:void(0);"" target=""_blank""></a>
    </div>",(478) 216-4881
"<img class=""store-details__map-image"" src=""https://maps.googleapis.com/maps/api/staticmap?center=Dollar+General%2C3051+Hartley+Bridge+Rd%2CMacon+GA+31216-5727&amp;zoom=15&amp;size=730x600&amp;markers=icon%3Ahttps%3A%2F%2Fwww.dollargeneral.com%2Fetc.clientlibs%2Fdollargeneral%2Fclientlibs%2Fclientlib-site%2Fresources%2Fimages%2Fstatic-map-pin.png%7C32.74806%2C-83.674544&amp;key=AIzaSyDi0nb6nKeHaDJWFtAvbAIPKBrUuAc_mTY&amp;signature=lcjDG0LU-ChLPtDUlgG_edJ5D80="" alt=""Google map showing the dropped pin on Dollar General,3051 Hartley Bridge Rd,Macon GA 31216-5727"">",3051 Hartley Bridge Rd,"Macon, GA 31216-5727","<div class=""store-details__main-travel"" data-latitude=""32.74806"" data-longitude=""-83.674544"">
        <div class=""store-details__main-distance""></div>
        <a class=""store-details__main-directions"" href=""javascript:void(0);"" target=""_blank""></a>
    </div>",(478) 216-6722
"<img class=""store-details__map-image"" src=""https://maps.googleapis.com/maps/api/staticmap?center=Dollar+General%2C3824+Pio+Nono+Ave%2CMacon+GA+31206-3081&amp;zoom=15&amp;size=730x600&amp;markers=icon%3Ahttps%3A%2F%2Fwww.dollargeneral.com%2Fetc.clientlibs%2Fdollargeneral%2Fclientlibs%2Fclientlib-site%2Fresources%2Fimages%2Fstatic-map-pin.png%7C32.7953%2C-83.6676&amp;key=AIzaSyDi0nb6nKeHaDJWFtAvbAIPKBrUuAc_mTY&amp;signature=uNb-_mM1MdNFSSN7dTZ1F0RW66w="" alt=""Google map showing the dropped pin on Dollar General,3824 Pio Nono Ave,Macon GA 31206-3081"">",3824 Pio Nono Ave,"Macon, GA 31206-3081","<div class=""store-details__main-travel"" data-latitude=""32.7953"" data-longitude=""-83.6676"" style=""display: none;"">
        <div class=""store-details__main-distance""></div>
        <a class=""store-details__main-directions"" href=""javascript:void(0);"" target=""_blank""></a>
    </div>",(478) 200-7415
"<img class=""store-details__map-image"" src=""https://maps.googleapis.com/maps/api/staticmap?center=Dollar+General%2C2480+Shurling+Dr%2CMacon+GA+31211-2522&amp;zoom=15&amp;size=730x600&amp;markers=icon%3Ahttps%3A%2F%2Fwww.dollargeneral.com%2Fetc.clientlibs%2Fdollargeneral%2Fclientlibs%2Fclientlib-site%2Fresources%2Fimages%2Fstatic-map-pin.png%7C32.866406%2C-83.577719&amp;key=AIzaSyDi0nb6nKeHaDJWFtAvbAIPKBrUuAc_mTY&amp;signature=sYgw1nG9hIWC2qdtwGXSw0tWNig="" alt=""Google map showing the dropped pin on Dollar General,2480 Shurling Dr,Macon GA 31211-2522"">",2480 Shurling Dr,"Macon, GA 31211-2522","<div class=""store-details__main-travel"" data-latitude=""32.866406"" data-longitude=""-83.577719"">
        <div class=""store-details__main-distance""></div>
        <a class=""store-details__main-directions"" href=""javascript:void(0);"" target=""_blank""></a>
    </div>",(478) 216-4461
"<img class=""store-details__map-image"" src=""https://maps.googleapis.com/maps/api/staticmap?center=Dollar+General%2C1444+Martin+Luther+King+Jr.+Bl%2CMacon+GA+31201-3027&amp;zoom=15&amp;size=730x600&amp;markers=icon%3Ahttps%3A%2F%2Fwww.dollargeneral.com%2Fetc.clientlibs%2Fdollargeneral%2Fclientlibs%2Fclientlib-site%2Fresources%2Fimages%2Fstatic-map-pin.png%7C32.8222%2C-83.6365&amp;key=AIzaSyDi0nb6nKeHaDJWFtAvbAIPKBrUuAc_mTY&amp;signature=BcmVuywQrnbOTXaaq7A9tU1Ju4M="" alt=""Google map showing the dropped pin on Dollar General,1444 Martin Luther King Jr. Bl,Macon GA 31201-3027"">",1444 Martin Luther King Jr. Bl,"Macon, GA 31201-3027","<div class=""store-details__main-travel"" data-latitude=""32.8222"" data-longitude=""-83.6365"">
        <div class=""store-details__main-distance""></div>
        <a class=""store-details__main-directions"" href=""javascript:void(0);"" target=""_blank""></a>
    </div>",(478) 200-2620
"<img class=""store-details__map-image"" src=""https://maps.googleapis.com/maps/api/staticmap?center=Dollar+General%2C4471+Jeffersonville+Rd%2CMacon+GA+31217&amp;zoom=15&amp;size=730x600&amp;markers=icon%3Ahttps%3A%2F%2Fwww.dollargeneral.com%2Fetc.clientlibs%2Fdollargeneral%2Fclientlibs%2Fclientlib-site%2Fresources%2Fimages%2Fstatic-map-pin.png%7C32.828%2C-83.5352&amp;key=AIzaSyDi0nb6nKeHaDJWFtAvbAIPKBrUuAc_mTY&amp;signature=XLmMudNWrY1I45fl6an1i8nwNsc="" alt=""Google map showing the dropped pin on Dollar General,4471 Jeffersonville Rd,Macon GA 31217"">",4471 Jeffersonville Rd,"Macon, GA 31217","<div class=""store-details__main-travel"" data-latitude=""32.828"" data-longitude=""-83.5352"">
        <div class=""store-details__main-distance""></div>
        <a class=""store-details__main-directions"" href=""javascript:void(0);"" target=""_blank""></a>
    </div>",(478) 250-1925
"<img class=""store-details__map-image"" src=""https://maps.googleapis.com/maps/api/staticmap?center=Dollar+General%2C1370+Gray+Hwy%2CMacon+GA+31211-1949&amp;zoom=15&amp;size=730x600&amp;markers=icon%3Ahttps%3A%2F%2Fwww.dollargeneral.com%2Fetc.clientlibs%2Fdollargeneral%2Fclientlibs%2Fclientlib-site%2Fresources%2Fimages%2Fstatic-map-pin.png%7C32.8627%2C-83.6151&amp;key=AIzaSyDi0nb6nKeHaDJWFtAvbAIPKBrUuAc_mTY&amp;signature=WEL1e2cvUWkLMrx1YpUi6WWLjKs="" alt=""Google map showing the dropped pin on Dollar General,1370 Gray Hwy,Macon GA 31211-1949"">",1370 Gray Hwy,"Macon, GA 31211-1949","<div class=""store-details__main-travel"" data-latitude=""32.8627"" data-longitude=""-83.6151"">
        <div class=""store-details__main-distance""></div>
        <a class=""store-details__main-directions"" href=""javascript:void(0);"" target=""_blank""></a>
    </div>",(478) 207-6801
"<img class=""store-details__map-image"" src=""https://maps.googleapis.com/maps/api/staticmap?center=Dollar+General%2C888+Pierce+Ave%2CMacon+GA+31204-1531&amp;zoom=15&amp;size=730x600&amp;markers=icon%3Ahttps%3A%2F%2Fwww.dollargeneral.com%2Fetc.clientlibs%2Fdollargeneral%2Fclientlibs%2Fclientlib-site%2Fresources%2Fimages%2Fstatic-map-pin.png%7C32.8728%2C-83.6631&amp;key=AIzaSyDi0nb6nKeHaDJWFtAvbAIPKBrUuAc_mTY&amp;signature=CO_Q0Aj0zCNymAd0Iv63-1tO46w="" alt=""Google map showing the dropped pin on Dollar General,888 Pierce Ave,Macon GA 31204-1531"">",888 Pierce Ave,"Macon, GA 31204-1531","<div class=""store-details__main-travel"" data-latitude=""32.8728"" data-longitude=""-83.6631"" style=""display: none;"">
        <div class=""store-details__main-distance""></div>
        <a class=""store-details__main-directions"" href=""javascript:void(0);"" target=""_blank""></a>
    </div>",(478) 239-0545
"<img class=""store-details__map-image"" src=""https://maps.googleapis.com/maps/api/staticmap?center=Dollar+General%2C1521+Eatonton+Rd%2CMadison+GA+30650-4631&amp;zoom=15&amp;size=730x600&amp;markers=icon%3Ahttps%3A%2F%2Fwww.dollargeneral.com%2Fetc.clientlibs%2Fdollargeneral%2Fclientlibs%2Fclientlib-site%2Fresources%2Fimages%2Fstatic-map-pin.png%7C33.571215%2C-83.478065&amp;key=AIzaSyDi0nb6nKeHaDJWFtAvbAIPKBrUuAc_mTY&amp;signature=Nb0yaJkREIFv_KrMxqFKF9ENFaY="" alt=""Google map showing the dropped pin on Dollar General,1521 Eatonton Rd,Madison GA 30650-4631"">",1521 Eatonton Rd,"Madison, GA 30650-4631","<div class=""store-details__main-travel"" data-latitude=""33.571215"" data-longitude=""-83.478065"">
        <div class=""store-details__main-distance""></div>
        <a class=""store-details__main-directions"" href=""javascript:void(0);"" target=""_blank""></a>
    </div>",(706) 707-8704
"<img class=""store-details__map-image"" src=""https://maps.googleapis.com/maps/api/staticmap?center=Dollar+General%2C1104+Warm+Springs+Hwy%2CManchester+GA+31816-1166&amp;zoom=15&amp;size=730x600&amp;markers=icon%3Ahttps%3A%2F%2Fwww.dollargeneral.com%2Fetc.clientlibs%2Fdollargeneral%2Fclientlibs%2Fclientlib-site%2Fresources%2Fimages%2Fstatic-map-pin.png%7C32.86732%2C-84.629933&amp;key=AIzaSyDi0nb6nKeHaDJWFtAvbAIPKBrUuAc_mTY&amp;signature=mR5gY4EJxKfFV4GtRT7Q0I3Hguk="" alt=""Google map showing the dropped pin on Dollar General,1104 Warm Springs Hwy,Manchester GA 31816-1166"">",1104 Warm Springs Hwy,"Manchester, GA 31816-1166","<div class=""store-details__main-travel"" data-latitude=""32.86732"" data-longitude=""-84.629933"" style=""display: none;"">
        <div class=""store-details__main-distance""></div>
        <a class=""store-details__main-directions"" href=""javascript:void(0);"" target=""_blank""></a>
    </div>",(470) 735-3100
"<img class=""store-details__map-image"" src=""https://maps.googleapis.com/maps/api/staticmap?center=Dollar+General%2C25+Holcombe+Village+Cir%2CMarble+Hill+GA+30148-2268&amp;zoom=15&amp;size=730x600&amp;markers=icon%3Ahttps%3A%2F%2Fwww.dollargeneral.com%2Fetc.clientlibs%2Fdollargeneral%2Fclientlibs%2Fclientlib-site%2Fresources%2Fimages%2Fstatic-map-pin.png%7C34.4138%2C-84.2777&amp;key=AIzaSyDi0nb6nKeHaDJWFtAvbAIPKBrUuAc_mTY&amp;signature=-nzm6VJ8pvEP6gQl54Di2mMZ5FE="" alt=""Google map showing the dropped pin on Dollar General,25 Holcombe Village Cir,Marble Hill GA 30148-2268"">",25 Holcombe Village Cir,"Marble Hill, GA 30148-2268","<div class=""store-details__main-travel"" data-latitude=""34.4138"" data-longitude=""-84.2777"">
        <div class=""store-details__main-distance""></div>
        <a class=""store-details__main-directions"" href=""javascript:void(0);"" target=""_blank""></a>
    </div>",(404) 369-4995
"<img class=""store-details__map-image"" src=""https://maps.googleapis.com/maps/api/staticmap?center=Dollar+General%2C25+Hubbard+Rd%2CMarble+Hill+GA+30148&amp;zoom=15&amp;size=730x600&amp;markers=icon%3Ahttps%3A%2F%2Fwww.dollargeneral.com%2Fetc.clientlibs%2Fdollargeneral%2Fclientlibs%2Fclientlib-site%2Fresources%2Fimages%2Fstatic-map-pin.png%7C34.4621%2C-84.2598&amp;key=AIzaSyDi0nb6nKeHaDJWFtAvbAIPKBrUuAc_mTY&amp;signature=-yfyt-Q78sWG1o9j9Jd9w_HjRa8="" alt=""Google map showing the dropped pin on Dollar General,25 Hubbard Rd,Marble Hill GA 30148"">",25 Hubbard Rd,"Marble Hill, GA 30148","<div class=""store-details__main-travel"" data-latitude=""34.4621"" data-longitude=""-84.2598"">
        <div class=""store-details__main-distance""></div>
        <a class=""store-details__main-directions"" href=""javascript:void(0);"" target=""_blank""></a>
    </div>",(828) 459-6923
"<img class=""store-details__map-image"" src=""https://maps.googleapis.com/maps/api/staticmap?center=Dollar+General%2C2200+Powder+Springs+Rd%2CMarietta+GA+30064-4350&amp;zoom=15&amp;size=730x600&amp;markers=icon%3Ahttps%3A%2F%2Fwww.dollargeneral.com%2Fetc.clientlibs%2Fdollargeneral%2Fclientlibs%2Fclientlib-site%2Fresources%2Fimages%2Fstatic-map-pin.png%7C33.8836%2C-84.6193&amp;key=AIzaSyDi0nb6nKeHaDJWFtAvbAIPKBrUuAc_mTY&amp;signature=E0YC6eysassB6p5Fr7i2iJggxok="" alt=""Google map showing the dropped pin on Dollar General,2200 Powder Springs Rd,Marietta GA 30064-4350"">",2200 Powder Springs Rd,"Marietta, GA 30064-4350","<div class=""store-details__main-travel"" data-latitude=""33.8836"" data-longitude=""-84.6193"" style=""display: none;"">
        <div class=""store-details__main-distance""></div>
        <a class=""store-details__main-directions"" href=""javascript:void(0);"" target=""_blank""></a>
    </div>",(470) 632-4035
"<img class=""store-details__map-image"" src=""https://maps.googleapis.com/maps/api/staticmap?center=Dollar+General%2C250+Windy+Hill+Rd+Sw%2CMarietta+GA+30060-5561&amp;zoom=15&amp;size=730x600&amp;markers=icon%3Ahttps%3A%2F%2Fwww.dollargeneral.com%2Fetc.clientlibs%2Fdollargeneral%2Fclientlibs%2Fclientlib-site%2Fresources%2Fimages%2Fstatic-map-pin.png%7C33.893648%2C-84.552612&amp;key=AIzaSyDi0nb6nKeHaDJWFtAvbAIPKBrUuAc_mTY&amp;signature=V-AZr8UuzpAcChrkYRxZ5AffcL4="" alt=""Google map showing the dropped pin on Dollar General,250 Windy Hill Rd Sw,Marietta GA 30060-5561"">",250 Windy Hill Rd Sw #500,"Marietta, GA 30060-5561","<div class=""store-details__main-travel"" data-latitude=""33.893648"" data-longitude=""-84.552612"">
        <div class=""store-details__main-distance""></div>
        <a class=""store-details__main-directions"" href=""javascript:void(0);"" target=""_blank""></a>
    </div>",(470) 648-0955
"<img class=""store-details__map-image"" src=""https://maps.googleapis.com/maps/api/staticmap?center=Dollar+General%2C2561+Austell+Rd+Sw%2CMarietta+GA+30008-4591&amp;zoom=15&amp;size=730x600&amp;markers=icon%3Ahttps%3A%2F%2Fwww.dollargeneral.com%2Fetc.clientlibs%2Fdollargeneral%2Fclientlibs%2Fclientlib-site%2Fresources%2Fimages%2Fstatic-map-pin.png%7C33.8911%2C-84.5782&amp;key=AIzaSyDi0nb6nKeHaDJWFtAvbAIPKBrUuAc_mTY&amp;signature=FL9qURDFHeJDpw1ZxLUSIQ8c4p4="" alt=""Google map showing the dropped pin on Dollar General,2561 Austell Rd Sw,Marietta GA 30008-4591"">",2561 Austell Rd Sw #140,"Marietta, GA 30008-4591","<div class=""store-details__main-travel"" data-latitude=""33.8911"" data-longitude=""-84.5782"">
        <div class=""store-details__main-distance""></div>
        <a class=""store-details__main-directions"" href=""javascript:void(0);"" target=""_blank""></a>
    </div>",(470) 632-4009
"<img class=""store-details__map-image"" src=""https://maps.googleapis.com/maps/api/staticmap?center=Dollar+General%2C1462+Roswell+Rd%2CMarietta+GA+30062-3670&amp;zoom=15&amp;size=730x600&amp;markers=icon%3Ahttps%3A%2F%2Fwww.dollargeneral.com%2Fetc.clientlibs%2Fdollargeneral%2Fclientlibs%2Fclientlib-site%2Fresources%2Fimages%2Fstatic-map-pin.png%7C33.9501%2C-84.509&amp;key=AIzaSyDi0nb6nKeHaDJWFtAvbAIPKBrUuAc_mTY&amp;signature=ArsbAniWDhhVodvwjdHJC7zhe4o="" alt=""Google map showing the dropped pin on Dollar General,1462 Roswell Rd,Marietta GA 30062-3670"">",1462 Roswell Rd,"Marietta, GA 30062-3670","<div class=""store-details__main-travel"" data-latitude=""33.9501"" data-longitude=""-84.509"">
        <div class=""store-details__main-distance""></div>
        <a class=""store-details__main-directions"" href=""javascript:void(0);"" target=""_blank""></a>
    </div>",(470) 632-4688
"<img class=""store-details__map-image"" src=""https://maps.googleapis.com/maps/api/staticmap?center=Dollar+General%2C300+Camellia+Boulevard%2CMarshallville+GA+31057-9745&amp;zoom=15&amp;size=730x600&amp;markers=icon%3Ahttps%3A%2F%2Fwww.dollargeneral.com%2Fetc.clientlibs%2Fdollargeneral%2Fclientlibs%2Fclientlib-site%2Fresources%2Fimages%2Fstatic-map-pin.png%7C32.460869%2C-83.939704&amp;key=AIzaSyDi0nb6nKeHaDJWFtAvbAIPKBrUuAc_mTY&amp;signature=k75KIOmaGPuLUPYuWS0tfPcATGM="" alt=""Google map showing the dropped pin on Dollar General,300 Camellia Boulevard,Marshallville GA 31057-9745"">",300 Camellia Boulevard,"Marshallville, GA 31057-9745","<div class=""store-details__main-travel"" data-latitude=""32.460869"" data-longitude=""-83.939704"">
        <div class=""store-details__main-distance""></div>
        <a class=""store-details__main-directions"" href=""javascript:void(0);"" target=""_blank""></a>
    </div>",(478) 721-0306
"<img class=""store-details__map-image"" src=""https://maps.googleapis.com/maps/api/staticmap?center=Dollar+General%2C210+Baston+Rd%2CMartinez+GA+30907-2904&amp;zoom=15&amp;size=730x600&amp;markers=icon%3Ahttps%3A%2F%2Fwww.dollargeneral.com%2Fetc.clientlibs%2Fdollargeneral%2Fclientlibs%2Fclientlib-site%2Fresources%2Fimages%2Fstatic-map-pin.png%7C33.519177%2C-82.076449&amp;key=AIzaSyDi0nb6nKeHaDJWFtAvbAIPKBrUuAc_mTY&amp;signature=qVl0TCgbtvYwoluQQjkmfVX3ceU="" alt=""Google map showing the dropped pin on Dollar General,210 Baston Rd,Martinez GA 30907-2904"">",210 Baston Rd,"Martinez, GA 30907-2904","<div class=""store-details__main-travel"" data-latitude=""33.519177"" data-longitude=""-82.076449"">
        <div class=""store-details__main-distance""></div>
        <a class=""store-details__main-directions"" href=""javascript:void(0);"" target=""_blank""></a>
    </div>",(706) 250-6522
"<img class=""store-details__map-image"" src=""https://maps.googleapis.com/maps/api/staticmap?center=Dollar+General%2C5007+Ga+Highway+41+N%2CMauk+GA+31058-2614&amp;zoom=15&amp;size=730x600&amp;markers=icon%3Ahttps%3A%2F%2Fwww.dollargeneral.com%2Fetc.clientlibs%2Fdollargeneral%2Fclientlibs%2Fclientlib-site%2Fresources%2Fimages%2Fstatic-map-pin.png%7C32.4446%2C-84.5373&amp;key=AIzaSyDi0nb6nKeHaDJWFtAvbAIPKBrUuAc_mTY&amp;signature=JtxCc1P93_y72Asmuhyp0x7Ylew="" alt=""Google map showing the dropped pin on Dollar General,5007 Ga Highway 41 N,Mauk GA 31058-2614"">",5007 Ga Highway 41 N,"Mauk, GA 31058-2614","<div class=""store-details__main-travel"" data-latitude=""32.4446"" data-longitude=""-84.5373"">
        <div class=""store-details__main-distance""></div>
        <a class=""store-details__main-directions"" href=""javascript:void(0);"" target=""_blank""></a>
    </div>",(470) 319-0215
,25 Newton St,"Maysville, GA 30558-2019","<div class=""store-details__main-travel"" data-latitude=""34.250741"" data-longitude=""-83.560545"">
        <div class=""store-details__main-distance""></div>
        <a class=""store-details__main-directions"" href=""javascript:void(0);"" target=""_blank""></a>
    </div>",(470) 499-2754
"<img class=""store-details__map-image"" src=""https://maps.googleapis.com/maps/api/staticmap?center=Dollar+General%2C125+W+Oak+St%2CMc+Rae+Helena+GA+31055-4334&amp;zoom=15&amp;size=730x600&amp;markers=icon%3Ahttps%3A%2F%2Fwww.dollargeneral.com%2Fetc.clientlibs%2Fdollargeneral%2Fclientlibs%2Fclientlib-site%2Fresources%2Fimages%2Fstatic-map-pin.png%7C32.069145%2C-82.909195&amp;key=AIzaSyDi0nb6nKeHaDJWFtAvbAIPKBrUuAc_mTY&amp;signature=bvJWYO2erYZYufDpA72XxpJCYDQ="" alt=""Google map showing the dropped pin on Dollar General,125 W Oak St,Mc Rae Helena GA 31055-4334"">",125 W Oak St,"Mc Rae Helena, GA 31055-4334","<div class=""store-details__main-travel"" data-latitude=""32.069145"" data-longitude=""-82.909195"" style=""display: none;"">
        <div class=""store-details__main-distance""></div>
        <a class=""store-details__main-directions"" href=""javascript:void(0);"" target=""_blank""></a>
    </div>",(478) 220-5941
"<img class=""store-details__map-image"" src=""https://maps.googleapis.com/maps/api/staticmap?center=Dollar+General%2C1440+S+Zack+Hinton+Pkwy%2CMcdonough+GA+30253-3356&amp;zoom=15&amp;size=730x600&amp;markers=icon%3Ahttps%3A%2F%2Fwww.dollargeneral.com%2Fetc.clientlibs%2Fdollargeneral%2Fclientlibs%2Fclientlib-site%2Fresources%2Fimages%2Fstatic-map-pin.png%7C33.431859%2C-84.138047&amp;key=AIzaSyDi0nb6nKeHaDJWFtAvbAIPKBrUuAc_mTY&amp;signature=hn6QrMiIMBVszdKXk_lbBOnmPgI="" alt=""Google map showing the dropped pin on Dollar General,1440 S Zack Hinton Pkwy,Mcdonough GA 30253-3356"">",1440 S Zack Hinton Pkwy,"Mcdonough, GA 30253-3356","<div class=""store-details__main-travel"" data-latitude=""33.431859"" data-longitude=""-84.138047"">
        <div class=""store-details__main-distance""></div>
        <a class=""store-details__main-directions"" href=""javascript:void(0);"" target=""_blank""></a>
    </div>",(470) 502-0699
"<img class=""store-details__map-image"" src=""https://maps.googleapis.com/maps/api/staticmap?center=Dollar+General%2C2370+Highway+155+N%2CMcdonough+GA+30252&amp;zoom=15&amp;size=730x600&amp;markers=icon%3Ahttps%3A%2F%2Fwww.dollargeneral.com%2Fetc.clientlibs%2Fdollargeneral%2Fclientlibs%2Fclientlib-site%2Fresources%2Fimages%2Fstatic-map-pin.png%7C33.5152%2C-84.1385&amp;key=AIzaSyDi0nb6nKeHaDJWFtAvbAIPKBrUuAc_mTY&amp;signature=hq_htOUQf-QOKyiKAobRwfVQKFw="" alt=""Google map showing the dropped pin on Dollar General,2370 Highway 155 N,Mcdonough GA 30252"">",2370 Highway 155 N,"Mcdonough, GA 30252","<div class=""store-details__main-travel"" data-latitude=""33.5152"" data-longitude=""-84.1385"">
        <div class=""store-details__main-distance""></div>
        <a class=""store-details__main-directions"" href=""javascript:void(0);"" target=""_blank""></a>
    </div>",(470) 502-0786
"<img class=""store-details__map-image"" src=""https://maps.googleapis.com/maps/api/staticmap?center=Dollar+General%2C1+N+Zack+Hinton+Pkwy%2CMcdonough+GA+30253&amp;zoom=15&amp;size=730x600&amp;markers=icon%3Ahttps%3A%2F%2Fwww.dollargeneral.com%2Fetc.clientlibs%2Fdollargeneral%2Fclientlibs%2Fclientlib-site%2Fresources%2Fimages%2Fstatic-map-pin.png%7C33.4473%2C-84.1384&amp;key=AIzaSyDi0nb6nKeHaDJWFtAvbAIPKBrUuAc_mTY&amp;signature=9G699zpMNwiMhOqnsHadQNG7c90="" alt=""Google map showing the dropped pin on Dollar General,1 N Zack Hinton Pkwy,Mcdonough GA 30253"">",1 N Zack Hinton Pkwy,"Mcdonough, GA 30253","<div class=""store-details__main-travel"" data-latitude=""33.4473"" data-longitude=""-84.1384"">
        <div class=""store-details__main-distance""></div>
        <a class=""store-details__main-directions"" href=""javascript:void(0);"" target=""_blank""></a>
    </div>",(470) 781-6860
"<img class=""store-details__map-image"" src=""https://maps.googleapis.com/maps/api/staticmap?center=Dollar+General%2C3540+Hwy+81+E%2CMcdonough+GA+30252-7116&amp;zoom=15&amp;size=730x600&amp;markers=icon%3Ahttps%3A%2F%2Fwww.dollargeneral.com%2Fetc.clientlibs%2Fdollargeneral%2Fclientlibs%2Fclientlib-site%2Fresources%2Fimages%2Fstatic-map-pin.png%7C33.435985%2C-84.036738&amp;key=AIzaSyDi0nb6nKeHaDJWFtAvbAIPKBrUuAc_mTY&amp;signature=BQpfJKje0hyI5B4Hat9Jn5YnIoY="" alt=""Google map showing the dropped pin on Dollar General,3540 Hwy 81 E,Mcdonough GA 30252-7116"">",3540 Hwy 81 E,"Mcdonough, GA 30252-7116","<div class=""store-details__main-travel"" data-latitude=""33.435985"" data-longitude=""-84.036738"" style=""display: none;"">
        <div class=""store-details__main-distance""></div>
        <a class=""store-details__main-directions"" href=""javascript:void(0);"" target=""_blank""></a>
    </div>",(470) 781-2530
"<img class=""store-details__map-image"" src=""https://maps.googleapis.com/maps/api/staticmap?center=Dollar+General%2C62+Old+Jackson+Rd%2CMcdonough+GA+30252-3029&amp;zoom=15&amp;size=730x600&amp;markers=icon%3Ahttps%3A%2F%2Fwww.dollargeneral.com%2Fetc.clientlibs%2Fdollargeneral%2Fclientlibs%2Fclientlib-site%2Fresources%2Fimages%2Fstatic-map-pin.png%7C33.4268%2C-84.0974&amp;key=AIzaSyDi0nb6nKeHaDJWFtAvbAIPKBrUuAc_mTY&amp;signature=GDtN3UYEkDoQILXtAr-XN7vfBsw="" alt=""Google map showing the dropped pin on Dollar General,62 Old Jackson Rd,Mcdonough GA 30252-3029"">",62 Old Jackson Rd,"Mcdonough, GA 30252-3029","<div class=""store-details__main-travel"" data-latitude=""33.4268"" data-longitude=""-84.0974"">
        <div class=""store-details__main-distance""></div>
        <a class=""store-details__main-directions"" href=""javascript:void(0);"" target=""_blank""></a>
    </div>",(470) 491-2510
"<img class=""store-details__map-image"" src=""https://maps.googleapis.com/maps/api/staticmap?center=Dollar+General%2C175+Huntington+Drive%2CMcdonough+GA+30253-8830&amp;zoom=15&amp;size=730x600&amp;markers=icon%3Ahttps%3A%2F%2Fwww.dollargeneral.com%2Fetc.clientlibs%2Fdollargeneral%2Fclientlibs%2Fclientlib-site%2Fresources%2Fimages%2Fstatic-map-pin.png%7C33.462933%2C-84.154354&amp;key=AIzaSyDi0nb6nKeHaDJWFtAvbAIPKBrUuAc_mTY&amp;signature=jK4KXjTr6J9jtY3OTJSsM36y8uc="" alt=""Google map showing the dropped pin on Dollar General,175 Huntington Drive,Mcdonough GA 30253-8830"">",175 Huntington Drive,"Mcdonough, GA 30253-8830","<div class=""store-details__main-travel"" data-latitude=""33.462933"" data-longitude=""-84.154354"">
        <div class=""store-details__main-distance""></div>
        <a class=""store-details__main-directions"" href=""javascript:void(0);"" target=""_blank""></a>
    </div>",(470) 502-0732
"<img class=""store-details__map-image"" src=""https://maps.googleapis.com/maps/api/staticmap?center=Dollar+General%2C1873+Keys+Ferry+Rd%2CMcdonough+GA+30252&amp;zoom=15&amp;size=730x600&amp;markers=icon%3Ahttps%3A%2F%2Fwww.dollargeneral.com%2Fetc.clientlibs%2Fdollargeneral%2Fclientlibs%2Fclientlib-site%2Fresources%2Fimages%2Fstatic-map-pin.png%7C33.4152%2C-83.982&amp;key=AIzaSyDi0nb6nKeHaDJWFtAvbAIPKBrUuAc_mTY&amp;signature=4d9zqHuD9bSTWkJIanA8nQN3_B4="" alt=""Google map showing the dropped pin on Dollar General,1873 Keys Ferry Rd,Mcdonough GA 30252"">",1873 Keys Ferry Rd,"Mcdonough, GA 30252","<div class=""store-details__main-travel"" data-latitude=""33.4152"" data-longitude=""-83.982"">
        <div class=""store-details__main-distance""></div>
        <a class=""store-details__main-directions"" href=""javascript:void(0);"" target=""_blank""></a>
    </div>",(470) 369-0363
"<img class=""store-details__map-image"" src=""https://maps.googleapis.com/maps/api/staticmap?center=Dollar+General%2C1030+Regency+Plaza+Blvd%2CMcdonough+GA+30253-6668&amp;zoom=15&amp;size=730x600&amp;markers=icon%3Ahttps%3A%2F%2Fwww.dollargeneral.com%2Fetc.clientlibs%2Fdollargeneral%2Fclientlibs%2Fclientlib-site%2Fresources%2Fimages%2Fstatic-map-pin.png%7C33.431555%2C-84.17503&amp;key=AIzaSyDi0nb6nKeHaDJWFtAvbAIPKBrUuAc_mTY&amp;signature=-VBqCmFsyWztAK2UUmafe8wUHLw="" alt=""Google map showing the dropped pin on Dollar General,1030 Regency Plaza Blvd,Mcdonough GA 30253-6668"">",1030 Regency Plaza Blvd,"Mcdonough, GA 30253-6668","<div class=""store-details__main-travel"" data-latitude=""33.431555"" data-longitude=""-84.17503"" style=""display: none;"">
        <div class=""store-details__main-distance""></div>
        <a class=""store-details__main-directions"" href=""javascript:void(0);"" target=""_blank""></a>
    </div>",(470) 462-2370
"<img class=""store-details__map-image"" src=""https://maps.googleapis.com/maps/api/staticmap?center=Dollar+General%2C34185+Hwy+19+N%2CMeigs+GA+31765-4446&amp;zoom=15&amp;size=730x600&amp;markers=icon%3Ahttps%3A%2F%2Fwww.dollargeneral.com%2Fetc.clientlibs%2Fdollargeneral%2Fclientlibs%2Fclientlib-site%2Fresources%2Fimages%2Fstatic-map-pin.png%7C31.0765%2C-84.0804&amp;key=AIzaSyDi0nb6nKeHaDJWFtAvbAIPKBrUuAc_mTY&amp;signature=D7fhiH5SHVEAJAns4XTUnf3c5Fs="" alt=""Google map showing the dropped pin on Dollar General,34185 Hwy 19 N,Meigs GA 31765-4446"">",34185 Hwy 19 N,"Meigs, GA 31765-4446","<div class=""store-details__main-travel"" data-latitude=""31.0765"" data-longitude=""-84.0804"">
        <div class=""store-details__main-distance""></div>
        <a class=""store-details__main-directions"" href=""javascript:void(0);"" target=""_blank""></a>
    </div>",(478) 207-5839
"<img class=""store-details__map-image"" src=""https://maps.googleapis.com/maps/api/staticmap?center=Dollar+General%2C8077+Highway+48%2CMenlo+GA+30731-6445&amp;zoom=15&amp;size=730x600&amp;markers=icon%3Ahttps%3A%2F%2Fwww.dollargeneral.com%2Fetc.clientlibs%2Fdollargeneral%2Fclientlibs%2Fclientlib-site%2Fresources%2Fimages%2Fstatic-map-pin.png%7C34.483542%2C-85.47903&amp;key=AIzaSyDi0nb6nKeHaDJWFtAvbAIPKBrUuAc_mTY&amp;signature=1Jzya1Jjt8eEdrbiLHLX0FeEHD0="" alt=""Google map showing the dropped pin on Dollar General,8077 Highway 48,Menlo GA 30731-6445"">",8077 Highway 48,"Menlo, GA 30731-6445","<div class=""store-details__main-travel"" data-latitude=""34.483542"" data-longitude=""-85.47903"" style=""display: none;"">
        <div class=""store-details__main-distance""></div>
        <a class=""store-details__main-directions"" href=""javascript:void(0);"" target=""_blank""></a>
    </div>",(762) 235-6322
"<img class=""store-details__map-image"" src=""https://maps.googleapis.com/maps/api/staticmap?center=Dollar+General%2C69676+Ga+Highway+46+E%2CMetter+GA+30451&amp;zoom=15&amp;size=730x600&amp;markers=icon%3Ahttps%3A%2F%2Fwww.dollargeneral.com%2Fetc.clientlibs%2Fdollargeneral%2Fclientlibs%2Fclientlib-site%2Fresources%2Fimages%2Fstatic-map-pin.png%7C32.385%2C-81.9577&amp;key=AIzaSyDi0nb6nKeHaDJWFtAvbAIPKBrUuAc_mTY&amp;signature=1F5w9CFEniNbj45IJfv58BREF0E="" alt=""Google map showing the dropped pin on Dollar General,69676 Ga Highway 46 E,Metter GA 30451"">",69676 Ga Highway 46 E,"Metter, GA 30451","<div class=""store-details__main-travel"" data-latitude=""32.385"" data-longitude=""-81.9577"">
        <div class=""store-details__main-distance""></div>
        <a class=""store-details__main-directions"" href=""javascript:void(0);"" target=""_blank""></a>
    </div>",(912) 225-6085
"<img class=""store-details__map-image"" src=""https://maps.googleapis.com/maps/api/staticmap?center=Dollar+General%2C175+S+Leroy+St%2CMetter+GA+30439-1994&amp;zoom=15&amp;size=730x600&amp;markers=icon%3Ahttps%3A%2F%2Fwww.dollargeneral.com%2Fetc.clientlibs%2Fdollargeneral%2Fclientlibs%2Fclientlib-site%2Fresources%2Fimages%2Fstatic-map-pin.png%7C32.395834%2C-82.057935&amp;key=AIzaSyDi0nb6nKeHaDJWFtAvbAIPKBrUuAc_mTY&amp;signature=QhoE2OhADQ_-YvT5q93IIGTVW8E="" alt=""Google map showing the dropped pin on Dollar General,175 S Leroy St,Metter GA 30439-1994"">",175 S Leroy St,"Metter, GA 30439-1994","<div class=""store-details__main-travel"" data-latitude=""32.395834"" data-longitude=""-82.057935"">
        <div class=""store-details__main-distance""></div>
        <a class=""store-details__main-directions"" href=""javascript:void(0);"" target=""_blank""></a>
    </div>",(912) 358-2960
"<img class=""store-details__map-image"" src=""https://maps.googleapis.com/maps/api/staticmap?center=Dollar+General%2C9932+Veterans+Pkwy%2CMidland+GA+31820-3400&amp;zoom=15&amp;size=730x600&amp;markers=icon%3Ahttps%3A%2F%2Fwww.dollargeneral.com%2Fetc.clientlibs%2Fdollargeneral%2Fclientlibs%2Fclientlib-site%2Fresources%2Fimages%2Fstatic-map-pin.png%7C32.5969%2C-84.9088&amp;key=AIzaSyDi0nb6nKeHaDJWFtAvbAIPKBrUuAc_mTY&amp;signature=mhO9H_eWMnP1PnGjoD_FG4qxk1c="" alt=""Google map showing the dropped pin on Dollar General,9932 Veterans Pkwy,Midland GA 31820-3400"">",9932 Veterans Pkwy,"Midland, GA 31820-3400","<div class=""store-details__main-travel"" data-latitude=""32.5969"" data-longitude=""-84.9088"">
        <div class=""store-details__main-distance""></div>
        <a class=""store-details__main-directions"" href=""javascript:void(0);"" target=""_blank""></a>
    </div>",(706) 780-6146
"<img class=""store-details__map-image"" src=""https://maps.googleapis.com/maps/api/staticmap?center=Dollar+General%2C125+N+Jones+St%2CMidville+GA+30441-4121&amp;zoom=15&amp;size=730x600&amp;markers=icon%3Ahttps%3A%2F%2Fwww.dollargeneral.com%2Fetc.clientlibs%2Fdollargeneral%2Fclientlibs%2Fclientlib-site%2Fresources%2Fimages%2Fstatic-map-pin.png%7C32.8187%2C-82.2347&amp;key=AIzaSyDi0nb6nKeHaDJWFtAvbAIPKBrUuAc_mTY&amp;signature=aIs1QlYKkw5Y4lsVLfrcFVfHEIs="" alt=""Google map showing the dropped pin on Dollar General,125 N Jones St,Midville GA 30441-4121"">",125 N Jones St,"Midville, GA 30441-4121","<div class=""store-details__main-travel"" data-latitude=""32.8187"" data-longitude=""-82.2347"" style=""display: none;"">
        <div class=""store-details__main-distance""></div>
        <a class=""store-details__main-directions"" href=""javascript:void(0);"" target=""_blank""></a>
    </div>",(706) 432-1735
"<img class=""store-details__map-image"" src=""https://maps.googleapis.com/maps/api/staticmap?center=Dollar+General%2C167+Butler+Street%2CMidway+GA+31320-1089&amp;zoom=15&amp;size=730x600&amp;markers=icon%3Ahttps%3A%2F%2Fwww.dollargeneral.com%2Fetc.clientlibs%2Fdollargeneral%2Fclientlibs%2Fclientlib-site%2Fresources%2Fimages%2Fstatic-map-pin.png%7C31.801678%2C-81.417804&amp;key=AIzaSyDi0nb6nKeHaDJWFtAvbAIPKBrUuAc_mTY&amp;signature=I7FoKgz_PRcNZgVpcNGmEpIlIIk="" alt=""Google map showing the dropped pin on Dollar General,167 Butler Street,Midway GA 31320-1089"">",167 Butler Street,"Midway, GA 31320-1089","<div class=""store-details__main-travel"" data-latitude=""31.801678"" data-longitude=""-81.417804"">
        <div class=""store-details__main-distance""></div>
        <a class=""store-details__main-directions"" href=""javascript:void(0);"" target=""_blank""></a>
    </div>",(912) 348-1566
"<img class=""store-details__map-image"" src=""https://maps.googleapis.com/maps/api/staticmap?center=Dollar+General%2C1886+W+Us+Highway+280%2CMilan+GA+31060-9804&amp;zoom=15&amp;size=730x600&amp;markers=icon%3Ahttps%3A%2F%2Fwww.dollargeneral.com%2Fetc.clientlibs%2Fdollargeneral%2Fclientlibs%2Fclientlib-site%2Fresources%2Fimages%2Fstatic-map-pin.png%7C32.017661%2C-83.063081&amp;key=AIzaSyDi0nb6nKeHaDJWFtAvbAIPKBrUuAc_mTY&amp;signature=Zw2BgXWUg1BROw2_-KG21mW1vpQ="" alt=""Google map showing the dropped pin on Dollar General,1886 W Us Highway 280,Milan GA 31060-9804"">",1886 W Us Highway 280,"Milan, GA 31060-9804","<div class=""store-details__main-travel"" data-latitude=""32.017661"" data-longitude=""-83.063081"">
        <div class=""store-details__main-distance""></div>
        <a class=""store-details__main-directions"" href=""javascript:void(0);"" target=""_blank""></a>
    </div>",(478) 217-2825
"<img class=""store-details__map-image"" src=""https://maps.googleapis.com/maps/api/staticmap?center=Dollar+General%2C2622+Irwinton+Rd%2CMilledgeville+GA+31061-9762&amp;zoom=15&amp;size=730x600&amp;markers=icon%3Ahttps%3A%2F%2Fwww.dollargeneral.com%2Fetc.clientlibs%2Fdollargeneral%2Fclientlibs%2Fclientlib-site%2Fresources%2Fimages%2Fstatic-map-pin.png%7C33.038046%2C-83.234833&amp;key=AIzaSyDi0nb6nKeHaDJWFtAvbAIPKBrUuAc_mTY&amp;signature=ob5WHnITfxVLjjf2-OdsgjAA6bE="" alt=""Google map showing the dropped pin on Dollar General,2622 Irwinton Rd,Milledgeville GA 31061-9762"">",2622 Irwinton Rd,"Milledgeville, GA 31061-9762","<div class=""store-details__main-travel"" data-latitude=""33.038046"" data-longitude=""-83.234833"">
        <div class=""store-details__main-distance""></div>
        <a class=""store-details__main-directions"" href=""javascript:void(0);"" target=""_blank""></a>
    </div>",(706) 873-0059
"<img class=""store-details__map-image"" src=""https://maps.googleapis.com/maps/api/staticmap?center=Dollar+General%2C1550+N+Columbia+St%2CMilledgeville+GA+31061-2311&amp;zoom=15&amp;size=730x600&amp;markers=icon%3Ahttps%3A%2F%2Fwww.dollargeneral.com%2Fetc.clientlibs%2Fdollargeneral%2Fclientlibs%2Fclientlib-site%2Fresources%2Fimages%2Fstatic-map-pin.png%7C33.0969%2C-83.2424&amp;key=AIzaSyDi0nb6nKeHaDJWFtAvbAIPKBrUuAc_mTY&amp;signature=0GT2fk1a3PyvXeykRlOePJmXRpc="" alt=""Google map showing the dropped pin on Dollar General,1550 N Columbia St,Milledgeville GA 31061-2311"">",1550 N Columbia St,"Milledgeville, GA 31061-2311","<div class=""store-details__main-travel"" data-latitude=""33.0969"" data-longitude=""-83.2424"">
        <div class=""store-details__main-distance""></div>
        <a class=""store-details__main-directions"" href=""javascript:void(0);"" target=""_blank""></a>
    </div>",(706) 417-8590
"<img class=""store-details__map-image"" src=""https://maps.googleapis.com/maps/api/staticmap?center=Dollar+General%2C831+S+Elbert+St%2CMilledgeville+GA+31061-4100&amp;zoom=15&amp;size=730x600&amp;markers=icon%3Ahttps%3A%2F%2Fwww.dollargeneral.com%2Fetc.clientlibs%2Fdollargeneral%2Fclientlibs%2Fclientlib-site%2Fresources%2Fimages%2Fstatic-map-pin.png%7C33.0706%2C-83.2208&amp;key=AIzaSyDi0nb6nKeHaDJWFtAvbAIPKBrUuAc_mTY&amp;signature=8ii90F0VFBIXs4iaWMIDR5hgoZE="" alt=""Google map showing the dropped pin on Dollar General,831 S Elbert St,Milledgeville GA 31061-4100"">",831 S Elbert St,"Milledgeville, GA 31061-4100","<div class=""store-details__main-travel"" data-latitude=""33.0706"" data-longitude=""-83.2208"">
        <div class=""store-details__main-distance""></div>
        <a class=""store-details__main-directions"" href=""javascript:void(0);"" target=""_blank""></a>
    </div>",(706) 623-2664
"<img class=""store-details__map-image"" src=""https://maps.googleapis.com/maps/api/staticmap?center=Dollar+General%2C2966+N+Columbia+St%2CMilledgeville+GA+31061-8792&amp;zoom=15&amp;size=730x600&amp;markers=icon%3Ahttps%3A%2F%2Fwww.dollargeneral.com%2Fetc.clientlibs%2Fdollargeneral%2Fclientlibs%2Fclientlib-site%2Fresources%2Fimages%2Fstatic-map-pin.png%7C33.17281%2C-83.283382&amp;key=AIzaSyDi0nb6nKeHaDJWFtAvbAIPKBrUuAc_mTY&amp;signature=VKr7n0S-DKD_t6RQJrdVVFm9A5Y="" alt=""Google map showing the dropped pin on Dollar General,2966 N Columbia St,Milledgeville GA 31061-8792"">",2966 N Columbia St,"Milledgeville, GA 31061-8792","<div class=""store-details__main-travel"" data-latitude=""33.17281"" data-longitude=""-83.283382"">
        <div class=""store-details__main-distance""></div>
        <a class=""store-details__main-directions"" href=""javascript:void(0);"" target=""_blank""></a>
    </div>",(478) 284-0130
"<img class=""store-details__map-image"" src=""https://maps.googleapis.com/maps/api/staticmap?center=Dollar+General%2C2110+N+Jefferson+St+Ne%2CMilledgeville+GA+31061-9386&amp;zoom=15&amp;size=730x600&amp;markers=icon%3Ahttps%3A%2F%2Fwww.dollargeneral.com%2Fetc.clientlibs%2Fdollargeneral%2Fclientlibs%2Fclientlib-site%2Fresources%2Fimages%2Fstatic-map-pin.png%7C33.13325%2C-83.23087&amp;key=AIzaSyDi0nb6nKeHaDJWFtAvbAIPKBrUuAc_mTY&amp;signature=xhevmg6ER63IHWzwMmQJ7CXgeHM="" alt=""Google map showing the dropped pin on Dollar General,2110 N Jefferson St Ne,Milledgeville GA 31061-9386"">",2110 N Jefferson St Ne,"Milledgeville, GA 31061-9386","<div class=""store-details__main-travel"" data-latitude=""33.13325"" data-longitude=""-83.23087"">
        <div class=""store-details__main-distance""></div>
        <a class=""store-details__main-directions"" href=""javascript:void(0);"" target=""_blank""></a>
    </div>",(706) 417-8470
"<img class=""store-details__map-image"" src=""https://maps.googleapis.com/maps/api/staticmap?center=Dollar+General%2C102+Robins+Dr+Ne%2CMilledgeville+GA+31061-9538&amp;zoom=15&amp;size=730x600&amp;markers=icon%3Ahttps%3A%2F%2Fwww.dollargeneral.com%2Fetc.clientlibs%2Fdollargeneral%2Fclientlibs%2Fclientlib-site%2Fresources%2Fimages%2Fstatic-map-pin.png%7C33.080991%2C-83.166038&amp;key=AIzaSyDi0nb6nKeHaDJWFtAvbAIPKBrUuAc_mTY&amp;signature=9yNApaKTVEMuyi0RnZEZRBBXO0M="" alt=""Google map showing the dropped pin on Dollar General,102 Robins Dr Ne,Milledgeville GA 31061-9538"">",102 Robins Dr Ne,"Milledgeville, GA 31061-9538","<div class=""store-details__main-travel"" data-latitude=""33.080991"" data-longitude=""-83.166038"">
        <div class=""store-details__main-distance""></div>
        <a class=""store-details__main-directions"" href=""javascript:void(0);"" target=""_blank""></a>
    </div>",(706) 927-5040
"<img class=""store-details__map-image"" src=""https://maps.googleapis.com/maps/api/staticmap?center=Dollar+General%2C207+Roberson+Mill+Rd+Ne%2CMilledgeville+GA+31061-4991&amp;zoom=15&amp;size=730x600&amp;markers=icon%3Ahttps%3A%2F%2Fwww.dollargeneral.com%2Fetc.clientlibs%2Fdollargeneral%2Fclientlibs%2Fclientlib-site%2Fresources%2Fimages%2Fstatic-map-pin.png%7C33.0958%2C-83.2591&amp;key=AIzaSyDi0nb6nKeHaDJWFtAvbAIPKBrUuAc_mTY&amp;signature=Ucq-5NQ-F9nHR_opPiWDtq7AlMs="" alt=""Google map showing the dropped pin on Dollar General,207 Roberson Mill Rd Ne,Milledgeville GA 31061-4991"">",207 Roberson Mill Rd Ne,"Milledgeville, GA 31061-4991","<div class=""store-details__main-travel"" data-latitude=""33.0958"" data-longitude=""-83.2591"">
        <div class=""store-details__main-distance""></div>
        <a class=""store-details__main-directions"" href=""javascript:void(0);"" target=""_blank""></a>
    </div>",(762) 220-3317
"<img class=""store-details__map-image"" src=""https://maps.googleapis.com/maps/api/staticmap?center=Dollar+General%2C120+E+Winthrope+Ave%2CMillen+GA+30442-1817&amp;zoom=15&amp;size=730x600&amp;markers=icon%3Ahttps%3A%2F%2Fwww.dollargeneral.com%2Fetc.clientlibs%2Fdollargeneral%2Fclientlibs%2Fclientlib-site%2Fresources%2Fimages%2Fstatic-map-pin.png%7C32.8037%2C-81.9484&amp;key=AIzaSyDi0nb6nKeHaDJWFtAvbAIPKBrUuAc_mTY&amp;signature=9mS3Rz1odjm_hlpoe9OUlqIQPNw="" alt=""Google map showing the dropped pin on Dollar General,120 E Winthrope Ave,Millen GA 30442-1817"">",120 E Winthrope Ave,"Millen, GA 30442-1817","<div class=""store-details__main-travel"" data-latitude=""32.8037"" data-longitude=""-81.9484"">
        <div class=""store-details__main-distance""></div>
        <a class=""store-details__main-directions"" href=""javascript:void(0);"" target=""_blank""></a>
    </div>",(478) 401-4105
"<img class=""store-details__map-image"" src=""https://maps.googleapis.com/maps/api/staticmap?center=Dollar+General%2C142+Main+St%2CMilner+GA+30257-3844&amp;zoom=15&amp;size=730x600&amp;markers=icon%3Ahttps%3A%2F%2Fwww.dollargeneral.com%2Fetc.clientlibs%2Fdollargeneral%2Fclientlibs%2Fclientlib-site%2Fresources%2Fimages%2Fstatic-map-pin.png%7C33.112595%2C-84.196467&amp;key=AIzaSyDi0nb6nKeHaDJWFtAvbAIPKBrUuAc_mTY&amp;signature=Y-ePVVYLogq-prM9RPaeKsHRnKE="" alt=""Google map showing the dropped pin on Dollar General,142 Main St,Milner GA 30257-3844"">",142 Main St,"Milner, GA 30257-3844","<div class=""store-details__main-travel"" data-latitude=""33.112595"" data-longitude=""-84.196467"">
        <div class=""store-details__main-distance""></div>
        <a class=""store-details__main-directions"" href=""javascript:void(0);"" target=""_blank""></a>
    </div>",(470) 592-3224
"<img class=""store-details__map-image"" src=""https://maps.googleapis.com/maps/api/staticmap?center=Dollar+General%2C8532+Lakewood+Hwy%2CMineral+Bluff+GA+30559-0902&amp;zoom=15&amp;size=730x600&amp;markers=icon%3Ahttps%3A%2F%2Fwww.dollargeneral.com%2Fetc.clientlibs%2Fdollargeneral%2Fclientlibs%2Fclientlib-site%2Fresources%2Fimages%2Fstatic-map-pin.png%7C34.914136%2C-84.277565&amp;key=AIzaSyDi0nb6nKeHaDJWFtAvbAIPKBrUuAc_mTY&amp;signature=XQhAI3OQwxjOX3psYhLE7AwPOfQ="" alt=""Google map showing the dropped pin on Dollar General,8532 Lakewood Hwy,Mineral Bluff GA 30559-0902"">",8532 Lakewood Hwy,"Mineral Bluff, GA 30559-0902","<div class=""store-details__main-travel"" data-latitude=""34.914136"" data-longitude=""-84.277565"">
        <div class=""store-details__main-distance""></div>
        <a class=""store-details__main-directions"" href=""javascript:void(0);"" target=""_blank""></a>
    </div>",(706) 403-1313
"<img class=""store-details__map-image"" src=""https://maps.googleapis.com/maps/api/staticmap?center=Dollar+General%2C7300+Crest+Hwy%2CMolena+GA+30258&amp;zoom=15&amp;size=730x600&amp;markers=icon%3Ahttps%3A%2F%2Fwww.dollargeneral.com%2Fetc.clientlibs%2Fdollargeneral%2Fclientlibs%2Fclientlib-site%2Fresources%2Fimages%2Fstatic-map-pin.png%7C32.9768%2C-84.495&amp;key=AIzaSyDi0nb6nKeHaDJWFtAvbAIPKBrUuAc_mTY&amp;signature=F4yD4k9b1QNqL2_RWLXDnOicwi0="" alt=""Google map showing the dropped pin on Dollar General,7300 Crest Hwy,Molena GA 30258"">",7300 Crest Hwy,"Molena, GA 30258","<div class=""store-details__main-travel"" data-latitude=""32.9768"" data-longitude=""-84.495"" style=""display: none;"">
        <div class=""store-details__main-distance""></div>
        <a class=""store-details__main-directions"" href=""javascript:void(0);"" target=""_blank""></a>
    </div>",(706) 538-5115
"<img class=""store-details__map-image"" src=""https://maps.googleapis.com/maps/api/staticmap?center=Dollar+General%2C1526+S.+Broad+Street%2CMonroe+GA+30655-2226&amp;zoom=15&amp;size=730x600&amp;markers=icon%3Ahttps%3A%2F%2Fwww.dollargeneral.com%2Fetc.clientlibs%2Fdollargeneral%2Fclientlibs%2Fclientlib-site%2Fresources%2Fimages%2Fstatic-map-pin.png%7C33.774116%2C-83.704133&amp;key=AIzaSyDi0nb6nKeHaDJWFtAvbAIPKBrUuAc_mTY&amp;signature=016XZvW79jIDP5SjiHzjJMWI-rw="" alt=""Google map showing the dropped pin on Dollar General,1526 S. Broad Street,Monroe GA 30655-2226"">",1526 S. Broad Street,"Monroe, GA 30655-2226","<div class=""store-details__main-travel"" data-latitude=""33.774116"" data-longitude=""-83.704133"">
        <div class=""store-details__main-distance""></div>
        <a class=""store-details__main-directions"" href=""javascript:void(0);"" target=""_blank""></a>
    </div>",(470) 766-0708
"<img class=""store-details__map-image"" src=""https://maps.googleapis.com/maps/api/staticmap?center=Dollar+General%2C2760+Ho+Hum+Hollow+Rd%2CMonroe+GA+30655&amp;zoom=15&amp;size=730x600&amp;markers=icon%3Ahttps%3A%2F%2Fwww.dollargeneral.com%2Fetc.clientlibs%2Fdollargeneral%2Fclientlibs%2Fclientlib-site%2Fresources%2Fimages%2Fstatic-map-pin.png%7C33.8226%2C-83.8189&amp;key=AIzaSyDi0nb6nKeHaDJWFtAvbAIPKBrUuAc_mTY&amp;signature=3UumOmq1VVR3fFGlijGFbzCDH5c="" alt=""Google map showing the dropped pin on Dollar General,2760 Ho Hum Hollow Rd,Monroe GA 30655"">",2760 Ho Hum Hollow Rd,"Monroe, GA 30655","<div class=""store-details__main-travel"" data-latitude=""33.8226"" data-longitude=""-83.8189"">
        <div class=""store-details__main-distance""></div>
        <a class=""store-details__main-directions"" href=""javascript:void(0);"" target=""_blank""></a>
    </div>",(770) 207-4827
"<img class=""store-details__map-image"" src=""https://maps.googleapis.com/maps/api/staticmap?center=Dollar+General%2C1740+Highway+138+Nw%2CMonroe+GA+30655-5655&amp;zoom=15&amp;size=730x600&amp;markers=icon%3Ahttps%3A%2F%2Fwww.dollargeneral.com%2Fetc.clientlibs%2Fdollargeneral%2Fclientlibs%2Fclientlib-site%2Fresources%2Fimages%2Fstatic-map-pin.png%7C33.779823%2C-83.772378&amp;key=AIzaSyDi0nb6nKeHaDJWFtAvbAIPKBrUuAc_mTY&amp;signature=8Jki5UKMHYKZQgF5U1l9_B4aIAg="" alt=""Google map showing the dropped pin on Dollar General,1740 Highway 138 Nw,Monroe GA 30655-5655"">",1740 Highway 138 Nw,"Monroe, GA 30655-5655","<div class=""store-details__main-travel"" data-latitude=""33.779823"" data-longitude=""-83.772378"">
        <div class=""store-details__main-distance""></div>
        <a class=""store-details__main-directions"" href=""javascript:void(0);"" target=""_blank""></a>
    </div>",(470) 601-7060
"<img class=""store-details__map-image"" src=""https://maps.googleapis.com/maps/api/staticmap?center=Dollar+General%2C100+Walker+Park+Dr%2CMonroe+GA+30656-5001&amp;zoom=15&amp;size=730x600&amp;markers=icon%3Ahttps%3A%2F%2Fwww.dollargeneral.com%2Fetc.clientlibs%2Fdollargeneral%2Fclientlibs%2Fclientlib-site%2Fresources%2Fimages%2Fstatic-map-pin.png%7C33.835193%2C-83.731947&amp;key=AIzaSyDi0nb6nKeHaDJWFtAvbAIPKBrUuAc_mTY&amp;signature=MxdFpZp21rGvD477JtLrT_GA3O8="" alt=""Google map showing the dropped pin on Dollar General,100 Walker Park Dr,Monroe GA 30656-5001"">",100 Walker Park Dr,"Monroe, GA 30656-5001","<div class=""store-details__main-travel"" data-latitude=""33.835193"" data-longitude=""-83.731947"" style=""display: none;"">
        <div class=""store-details__main-distance""></div>
        <a class=""store-details__main-directions"" href=""javascript:void(0);"" target=""_blank""></a>
    </div>",(470) 601-7072
"<img class=""store-details__map-image"" src=""https://maps.googleapis.com/maps/api/staticmap?center=Dollar+General%2C815+E+Spring+St%2CMonroe+GA+30655-3002&amp;zoom=15&amp;size=730x600&amp;markers=icon%3Ahttps%3A%2F%2Fwww.dollargeneral.com%2Fetc.clientlibs%2Fdollargeneral%2Fclientlibs%2Fclientlib-site%2Fresources%2Fimages%2Fstatic-map-pin.png%7C33.80003%2C-83.70266&amp;key=AIzaSyDi0nb6nKeHaDJWFtAvbAIPKBrUuAc_mTY&amp;signature=xLKR93hSUfj80FYbElJel3aJvo4="" alt=""Google map showing the dropped pin on Dollar General,815 E Spring St,Monroe GA 30655-3002"">",815 E Spring St,"Monroe, GA 30655-3002","<div class=""store-details__main-travel"" data-latitude=""33.80003"" data-longitude=""-83.70266"">
        <div class=""store-details__main-distance""></div>
        <a class=""store-details__main-directions"" href=""javascript:void(0);"" target=""_blank""></a>
    </div>",(470) 766-1986
"<img class=""store-details__map-image"" src=""https://maps.googleapis.com/maps/api/staticmap?center=Dollar+General%2C503+Spaulding+Rd%2CMontezuma+GA+31063-1803&amp;zoom=15&amp;size=730x600&amp;markers=icon%3Ahttps%3A%2F%2Fwww.dollargeneral.com%2Fetc.clientlibs%2Fdollargeneral%2Fclientlibs%2Fclientlib-site%2Fresources%2Fimages%2Fstatic-map-pin.png%7C32.293096%2C-84.017527&amp;key=AIzaSyDi0nb6nKeHaDJWFtAvbAIPKBrUuAc_mTY&amp;signature=h5DVn2D8uCsRI6qMjH1yzBZWTTI="" alt=""Google map showing the dropped pin on Dollar General,503 Spaulding Rd,Montezuma GA 31063-1803"">",503 Spaulding Rd,"Montezuma, GA 31063-1803","<div class=""store-details__main-travel"" data-latitude=""32.293096"" data-longitude=""-84.017527"">
        <div class=""store-details__main-distance""></div>
        <a class=""store-details__main-directions"" href=""javascript:void(0);"" target=""_blank""></a>
    </div>",(478) 201-9090
"<img class=""store-details__map-image"" src=""https://maps.googleapis.com/maps/api/staticmap?center=Dollar+General%2C9301+Ga+Hwy+212+W%2CMonticello+GA+31064-3778&amp;zoom=15&amp;size=730x600&amp;markers=icon%3Ahttps%3A%2F%2Fwww.dollargeneral.com%2Fetc.clientlibs%2Fdollargeneral%2Fclientlibs%2Fclientlib-site%2Fresources%2Fimages%2Fstatic-map-pin.png%7C33.3811%2C-83.8169&amp;key=AIzaSyDi0nb6nKeHaDJWFtAvbAIPKBrUuAc_mTY&amp;signature=Z6QLXQso7pGU9dyAhWprmgUq-jU="" alt=""Google map showing the dropped pin on Dollar General,9301 Ga Hwy 212 W,Monticello GA 31064-3778"">",9301 Ga Hwy 212 W,"Monticello, GA 31064-3778","<div class=""store-details__main-travel"" data-latitude=""33.3811"" data-longitude=""-83.8169"">
        <div class=""store-details__main-distance""></div>
        <a class=""store-details__main-directions"" href=""javascript:void(0);"" target=""_blank""></a>
    </div>",(762) 435-3170
"<img class=""store-details__map-image"" src=""https://maps.googleapis.com/maps/api/staticmap?center=Dollar+General%2C1900+Hwy+16+W%2CMonticello+GA+31064-8341&amp;zoom=15&amp;size=730x600&amp;markers=icon%3Ahttps%3A%2F%2Fwww.dollargeneral.com%2Fetc.clientlibs%2Fdollargeneral%2Fclientlibs%2Fclientlib-site%2Fresources%2Fimages%2Fstatic-map-pin.png%7C33.305935%2C-83.697626&amp;key=AIzaSyDi0nb6nKeHaDJWFtAvbAIPKBrUuAc_mTY&amp;signature=EPWLlXovMhCaNEmBLT5cnBxMKkg="" alt=""Google map showing the dropped pin on Dollar General,1900 Hwy 16 W,Monticello GA 31064-8341"">",1900 Hwy 16 W,"Monticello, GA 31064-8341","<div class=""store-details__main-travel"" data-latitude=""33.305935"" data-longitude=""-83.697626"" style=""display: none;"">
        <div class=""store-details__main-distance""></div>
        <a class=""store-details__main-directions"" href=""javascript:void(0);"" target=""_blank""></a>
    </div>",(762) 435-4013
"<img class=""store-details__map-image"" src=""https://maps.googleapis.com/maps/api/staticmap?center=Dollar+General%2C11946+Morganton+Highway%2CMorganton+GA+30560&amp;zoom=15&amp;size=730x600&amp;markers=icon%3Ahttps%3A%2F%2Fwww.dollargeneral.com%2Fetc.clientlibs%2Fdollargeneral%2Fclientlibs%2Fclientlib-site%2Fresources%2Fimages%2Fstatic-map-pin.png%7C34.878789%2C-84.246824&amp;key=AIzaSyDi0nb6nKeHaDJWFtAvbAIPKBrUuAc_mTY&amp;signature=wPf3_yEjbtMFGfy6T8GhICzvk50="" alt=""Google map showing the dropped pin on Dollar General,11946 Morganton Highway,Morganton GA 30560"">",11946 Morganton Highway,"Morganton, GA 30560","<div class=""store-details__main-travel"" data-latitude=""34.878789"" data-longitude=""-84.246824"">
        <div class=""store-details__main-distance""></div>
        <a class=""store-details__main-directions"" href=""javascript:void(0);"" target=""_blank""></a>
    </div>",(706) 514-6640
"<img class=""store-details__map-image"" src=""https://maps.googleapis.com/maps/api/staticmap?center=Dollar+General%2C5220+Jonesboro+Rd+Ste+B%2CMorrow+GA+30260-3403&amp;zoom=15&amp;size=730x600&amp;markers=icon%3Ahttps%3A%2F%2Fwww.dollargeneral.com%2Fetc.clientlibs%2Fdollargeneral%2Fclientlibs%2Fclientlib-site%2Fresources%2Fimages%2Fstatic-map-pin.png%7C33.6127%2C-84.3484&amp;key=AIzaSyDi0nb6nKeHaDJWFtAvbAIPKBrUuAc_mTY&amp;signature=w59-UGORyDKQVNYrOupAT7DVX48="" alt=""Google map showing the dropped pin on Dollar General,5220 Jonesboro Rd Ste B,Morrow GA 30260-3403"">",5220 Jonesboro Rd Ste B,"Morrow, GA 30260-3403","<div class=""store-details__main-travel"" data-latitude=""33.6127"" data-longitude=""-84.3484"">
        <div class=""store-details__main-distance""></div>
        <a class=""store-details__main-directions"" href=""javascript:void(0);"" target=""_blank""></a>
    </div>",(470) 491-2122
"<img class=""store-details__map-image"" src=""https://maps.googleapis.com/maps/api/staticmap?center=Dollar+General%2C8439+Valdosta+Hwy%2CMorven+GA+31638-2410&amp;zoom=15&amp;size=730x600&amp;markers=icon%3Ahttps%3A%2F%2Fwww.dollargeneral.com%2Fetc.clientlibs%2Fdollargeneral%2Fclientlibs%2Fclientlib-site%2Fresources%2Fimages%2Fstatic-map-pin.png%7C30.945549%2C-83.496013&amp;key=AIzaSyDi0nb6nKeHaDJWFtAvbAIPKBrUuAc_mTY&amp;signature=BHoq3PAmW8yQ1-J7pFRFBk6TPZA="" alt=""Google map showing the dropped pin on Dollar General,8439 Valdosta Hwy,Morven GA 31638-2410"">",8439 Valdosta Hwy,"Morven, GA 31638-2410","<div class=""store-details__main-travel"" data-latitude=""30.945549"" data-longitude=""-83.496013"">
        <div class=""store-details__main-distance""></div>
        <a class=""store-details__main-directions"" href=""javascript:void(0);"" target=""_blank""></a>
    </div>",(912) 387-4262
"<img class=""store-details__map-image"" src=""https://maps.googleapis.com/maps/api/staticmap?center=Dollar+General%2C165+Us+Highway+319+N%2CMoultrie+GA+31768&amp;zoom=15&amp;size=730x600&amp;markers=icon%3Ahttps%3A%2F%2Fwww.dollargeneral.com%2Fetc.clientlibs%2Fdollargeneral%2Fclientlibs%2Fclientlib-site%2Fresources%2Fimages%2Fstatic-map-pin.png%7C31.2%2C-83.7876&amp;key=AIzaSyDi0nb6nKeHaDJWFtAvbAIPKBrUuAc_mTY&amp;signature=ubNbKCbCd9N9-ckf7ZsMqYYVkD4="" alt=""Google map showing the dropped pin on Dollar General,165 Us Highway 319 N,Moultrie GA 31768"">",165 Us Highway 319 N,"Moultrie, GA 31768","<div class=""store-details__main-travel"" data-latitude=""31.2"" data-longitude=""-83.7876"">
        <div class=""store-details__main-distance""></div>
        <a class=""store-details__main-directions"" href=""javascript:void(0);"" target=""_blank""></a>
    </div>",(229) 785-8228
"<img class=""store-details__map-image"" src=""https://maps.googleapis.com/maps/api/staticmap?center=Dollar+General%2C1575+Camilla+Hwy%2CMoultrie+GA+31768-2829&amp;zoom=15&amp;size=730x600&amp;markers=icon%3Ahttps%3A%2F%2Fwww.dollargeneral.com%2Fetc.clientlibs%2Fdollargeneral%2Fclientlibs%2Fclientlib-site%2Fresources%2Fimages%2Fstatic-map-pin.png%7C31.183246%2C-83.811458&amp;key=AIzaSyDi0nb6nKeHaDJWFtAvbAIPKBrUuAc_mTY&amp;signature=fXAYdF996wRsHfQEMxXNz38x-GI="" alt=""Google map showing the dropped pin on Dollar General,1575 Camilla Hwy,Moultrie GA 31768-2829"">",1575 Camilla Hwy,"Moultrie, GA 31768-2829","<div class=""store-details__main-travel"" data-latitude=""31.183246"" data-longitude=""-83.811458"" style=""display: none;"">
        <div class=""store-details__main-distance""></div>
        <a class=""store-details__main-directions"" href=""javascript:void(0);"" target=""_blank""></a>
    </div>",(478) 200-3084
"<img class=""store-details__map-image"" src=""https://maps.googleapis.com/maps/api/staticmap?center=Dollar+General%2C1908+1st+Ave+Se%2CMoultrie+GA+31768-5154&amp;zoom=15&amp;size=730x600&amp;markers=icon%3Ahttps%3A%2F%2Fwww.dollargeneral.com%2Fetc.clientlibs%2Fdollargeneral%2Fclientlibs%2Fclientlib-site%2Fresources%2Fimages%2Fstatic-map-pin.png%7C31.176305%2C-83.762807&amp;key=AIzaSyDi0nb6nKeHaDJWFtAvbAIPKBrUuAc_mTY&amp;signature=FqiJrtL_g3ra_MBXvs3euDbZto8="" alt=""Google map showing the dropped pin on Dollar General,1908 1st Ave Se,Moultrie GA 31768-5154"">",1908 1st Ave Se,"Moultrie, GA 31768-5154","<div class=""store-details__main-travel"" data-latitude=""31.176305"" data-longitude=""-83.762807"">
        <div class=""store-details__main-distance""></div>
        <a class=""store-details__main-directions"" href=""javascript:void(0);"" target=""_blank""></a>
    </div>",(229) 466-2949
"<img class=""store-details__map-image"" src=""https://maps.googleapis.com/maps/api/staticmap?center=Dollar+General%2C110+E+Mulberry+St%2CMoultrie+GA+31768&amp;zoom=15&amp;size=730x600&amp;markers=icon%3Ahttps%3A%2F%2Fwww.dollargeneral.com%2Fetc.clientlibs%2Fdollargeneral%2Fclientlibs%2Fclientlib-site%2Fresources%2Fimages%2Fstatic-map-pin.png%7C31.1996%2C-83.8719&amp;key=AIzaSyDi0nb6nKeHaDJWFtAvbAIPKBrUuAc_mTY&amp;signature=wTtFvjKiLrQ6TjvxtSuuezj6VrU="" alt=""Google map showing the dropped pin on Dollar General,110 E Mulberry St,Moultrie GA 31768"">",110 E Mulberry St,"Moultrie, GA 31768","<div class=""store-details__main-travel"" data-latitude=""31.1996"" data-longitude=""-83.8719"">
        <div class=""store-details__main-distance""></div>
        <a class=""store-details__main-directions"" href=""javascript:void(0);"" target=""_blank""></a>
    </div>",(229) 261-9580
"<img class=""store-details__map-image"" src=""https://maps.googleapis.com/maps/api/staticmap?center=Dollar+General%2C2601+S+Main+St%2CMoultrie+GA+31768-6551&amp;zoom=15&amp;size=730x600&amp;markers=icon%3Ahttps%3A%2F%2Fwww.dollargeneral.com%2Fetc.clientlibs%2Fdollargeneral%2Fclientlibs%2Fclientlib-site%2Fresources%2Fimages%2Fstatic-map-pin.png%7C31.13697%2C-83.78234&amp;key=AIzaSyDi0nb6nKeHaDJWFtAvbAIPKBrUuAc_mTY&amp;signature=fAXI1TiaPUrjwQviOdnssNjWXoE="" alt=""Google map showing the dropped pin on Dollar General,2601 S Main St,Moultrie GA 31768-6551"">",2601 S Main St,"Moultrie, GA 31768-6551","<div class=""store-details__main-travel"" data-latitude=""31.13697"" data-longitude=""-83.78234"">
        <div class=""store-details__main-distance""></div>
        <a class=""store-details__main-directions"" href=""javascript:void(0);"" target=""_blank""></a>
    </div>",(478) 216-2010
"<img class=""store-details__map-image"" src=""https://maps.googleapis.com/maps/api/staticmap?center=Dollar+General%2C1936+Ga+Hwy+133+S%2CMoultrie+GA+31768-0975&amp;zoom=15&amp;size=730x600&amp;markers=icon%3Ahttps%3A%2F%2Fwww.dollargeneral.com%2Fetc.clientlibs%2Fdollargeneral%2Fclientlibs%2Fclientlib-site%2Fresources%2Fimages%2Fstatic-map-pin.png%7C31.136171%2C-83.721346&amp;key=AIzaSyDi0nb6nKeHaDJWFtAvbAIPKBrUuAc_mTY&amp;signature=Nn182RLy2pOOkeV9OWcrIqhpMTY="" alt=""Google map showing the dropped pin on Dollar General,1936 Ga Hwy 133 S,Moultrie GA 31768-0975"">",1936 Ga Hwy 133 S,"Moultrie, GA 31768-0975","<div class=""store-details__main-travel"" data-latitude=""31.136171"" data-longitude=""-83.721346"" style=""display: none;"">
        <div class=""store-details__main-distance""></div>
        <a class=""store-details__main-directions"" href=""javascript:void(0);"" target=""_blank""></a>
    </div>",(912) 328-1216
"<img class=""store-details__map-image"" src=""https://maps.googleapis.com/maps/api/staticmap?center=Dollar+General%2C400+Toccoa+Hwy%2CMount+Airy+GA+30563-2211&amp;zoom=15&amp;size=730x600&amp;markers=icon%3Ahttps%3A%2F%2Fwww.dollargeneral.com%2Fetc.clientlibs%2Fdollargeneral%2Fclientlibs%2Fclientlib-site%2Fresources%2Fimages%2Fstatic-map-pin.png%7C34.5948%2C-83.4435&amp;key=AIzaSyDi0nb6nKeHaDJWFtAvbAIPKBrUuAc_mTY&amp;signature=YdBE88_XiAU9tKiTCTj_mwXCyUw="" alt=""Google map showing the dropped pin on Dollar General,400 Toccoa Hwy,Mount Airy GA 30563-2211"">",400 Toccoa Hwy,"Mount Airy, GA 30563-2211","<div class=""store-details__main-travel"" data-latitude=""34.5948"" data-longitude=""-83.4435"">
        <div class=""store-details__main-distance""></div>
        <a class=""store-details__main-directions"" href=""javascript:void(0);"" target=""_blank""></a>
    </div>",(706) 903-2165
"<img class=""store-details__map-image"" src=""https://maps.googleapis.com/maps/api/staticmap?center=Dollar+General%2C2347+Hwy+197%2CMount+Airy+GA+30563&amp;zoom=15&amp;size=730x600&amp;markers=icon%3Ahttps%3A%2F%2Fwww.dollargeneral.com%2Fetc.clientlibs%2Fdollargeneral%2Fclientlibs%2Fclientlib-site%2Fresources%2Fimages%2Fstatic-map-pin.png%7C34.559539%2C-83.494558&amp;key=AIzaSyDi0nb6nKeHaDJWFtAvbAIPKBrUuAc_mTY&amp;signature=EPXFh_-mbb8oZv1u9dw7kVVpB_A="" alt=""Google map showing the dropped pin on Dollar General,2347 Hwy 197,Mount Airy GA 30563"">",2347 Hwy 197,"Mount Airy, GA 30563","<div class=""store-details__main-travel"" data-latitude=""34.559539"" data-longitude=""-83.494558"">
        <div class=""store-details__main-distance""></div>
        <a class=""store-details__main-directions"" href=""javascript:void(0);"" target=""_blank""></a>
    </div>",(470) 655-1050
"<img class=""store-details__map-image"" src=""https://maps.googleapis.com/maps/api/staticmap?center=Dollar+General%2C546+College+Street%2CMount+Vernon+GA+30445&amp;zoom=15&amp;size=730x600&amp;markers=icon%3Ahttps%3A%2F%2Fwww.dollargeneral.com%2Fetc.clientlibs%2Fdollargeneral%2Fclientlibs%2Fclientlib-site%2Fresources%2Fimages%2Fstatic-map-pin.png%7C32.182949%2C-82.585988&amp;key=AIzaSyDi0nb6nKeHaDJWFtAvbAIPKBrUuAc_mTY&amp;signature=_TMrwqHPq0GMMeeWFDswGQzWv0g="" alt=""Google map showing the dropped pin on Dollar General,546 College Street,Mount Vernon GA 30445"">",546 College Street,"Mount Vernon, GA 30445","<div class=""store-details__main-travel"" data-latitude=""32.182949"" data-longitude=""-82.585988"">
        <div class=""store-details__main-distance""></div>
        <a class=""store-details__main-directions"" href=""javascript:void(0);"" target=""_blank""></a>
    </div>",(912) 380-6030
"<img class=""store-details__map-image"" src=""https://maps.googleapis.com/maps/api/staticmap?center=Dollar+General%2C5114+Thompson+Bridge+Rd%2CMurrayville+GA+30564-1929&amp;zoom=15&amp;size=730x600&amp;markers=icon%3Ahttps%3A%2F%2Fwww.dollargeneral.com%2Fetc.clientlibs%2Fdollargeneral%2Fclientlibs%2Fclientlib-site%2Fresources%2Fimages%2Fstatic-map-pin.png%7C34.410438%2C-83.896944&amp;key=AIzaSyDi0nb6nKeHaDJWFtAvbAIPKBrUuAc_mTY&amp;signature=-Q11rrR57INTVJQNxixST8voh28="" alt=""Google map showing the dropped pin on Dollar General,5114 Thompson Bridge Rd,Murrayville GA 30564-1929"">",5114 Thompson Bridge Rd,"Murrayville, GA 30564-1929","<div class=""store-details__main-travel"" data-latitude=""34.410438"" data-longitude=""-83.896944"" style=""display: none;"">
        <div class=""store-details__main-distance""></div>
        <a class=""store-details__main-directions"" href=""javascript:void(0);"" target=""_blank""></a>
    </div>",(678) 707-8080
"<img class=""store-details__map-image"" src=""https://maps.googleapis.com/maps/api/staticmap?center=Dollar+General%2C6507+Hwy+52+E%2CMurrayville+GA+30564-2510&amp;zoom=15&amp;size=730x600&amp;markers=icon%3Ahttps%3A%2F%2Fwww.dollargeneral.com%2Fetc.clientlibs%2Fdollargeneral%2Fclientlibs%2Fclientlib-site%2Fresources%2Fimages%2Fstatic-map-pin.png%7C34.517436%2C-83.886932&amp;key=AIzaSyDi0nb6nKeHaDJWFtAvbAIPKBrUuAc_mTY&amp;signature=FuC849CyaC3V7E5SVH0pnKHj9GM="" alt=""Google map showing the dropped pin on Dollar General,6507 Hwy 52 E,Murrayville GA 30564-2510"">",6507 Hwy 52 E,"Murrayville, GA 30564-2510","<div class=""store-details__main-travel"" data-latitude=""34.517436"" data-longitude=""-83.886932"">
        <div class=""store-details__main-distance""></div>
        <a class=""store-details__main-directions"" href=""javascript:void(0);"" target=""_blank""></a>
    </div>",(470) 354-3112
"<img class=""store-details__map-image"" src=""https://maps.googleapis.com/maps/api/staticmap?center=Dollar+General%2C13515+E+Cleveland+St%2CNahunta+GA+31553-6134&amp;zoom=15&amp;size=730x600&amp;markers=icon%3Ahttps%3A%2F%2Fwww.dollargeneral.com%2Fetc.clientlibs%2Fdollargeneral%2Fclientlibs%2Fclientlib-site%2Fresources%2Fimages%2Fstatic-map-pin.png%7C31.201968%2C-81.984378&amp;key=AIzaSyDi0nb6nKeHaDJWFtAvbAIPKBrUuAc_mTY&amp;signature=fa7xfPYL14s4jPAWz8Gp4tzyWZ0="" alt=""Google map showing the dropped pin on Dollar General,13515 E Cleveland St,Nahunta GA 31553-6134"">",13515 E Cleveland St,"Nahunta, GA 31553-6134","<div class=""store-details__main-travel"" data-latitude=""31.201968"" data-longitude=""-81.984378"">
        <div class=""store-details__main-distance""></div>
        <a class=""store-details__main-directions"" href=""javascript:void(0);"" target=""_blank""></a>
    </div>",(912) 231-4961
"<img class=""store-details__map-image"" src=""https://maps.googleapis.com/maps/api/staticmap?center=Dollar+General%2C509+E+Mcpherson+Ave%2CNashville+GA+31639-2254&amp;zoom=15&amp;size=730x600&amp;markers=icon%3Ahttps%3A%2F%2Fwww.dollargeneral.com%2Fetc.clientlibs%2Fdollargeneral%2Fclientlibs%2Fclientlib-site%2Fresources%2Fimages%2Fstatic-map-pin.png%7C31.205%2C-83.2437&amp;key=AIzaSyDi0nb6nKeHaDJWFtAvbAIPKBrUuAc_mTY&amp;signature=ByvqtwUKxFfHpmODo1OjgOLSdgk="" alt=""Google map showing the dropped pin on Dollar General,509 E Mcpherson Ave,Nashville GA 31639-2254"">",509 E Mcpherson Ave,"Nashville, GA 31639-2254","<div class=""store-details__main-travel"" data-latitude=""31.205"" data-longitude=""-83.2437"">
        <div class=""store-details__main-distance""></div>
        <a class=""store-details__main-directions"" href=""javascript:void(0);"" target=""_blank""></a>
    </div>",(912) 387-4225
"<img class=""store-details__map-image"" src=""https://maps.googleapis.com/maps/api/staticmap?center=Dollar+General%2C719+S+Davis+St%2CNashville+GA+31639-2618&amp;zoom=15&amp;size=730x600&amp;markers=icon%3Ahttps%3A%2F%2Fwww.dollargeneral.com%2Fetc.clientlibs%2Fdollargeneral%2Fclientlibs%2Fclientlib-site%2Fresources%2Fimages%2Fstatic-map-pin.png%7C31.19645%2C-83.25236&amp;key=AIzaSyDi0nb6nKeHaDJWFtAvbAIPKBrUuAc_mTY&amp;signature=U9Pyg_JKyeLNOaAPnx26BkGJE2k="" alt=""Google map showing the dropped pin on Dollar General,719 S Davis St,Nashville GA 31639-2618"">",719 S Davis St,"Nashville, GA 31639-2618","<div class=""store-details__main-travel"" data-latitude=""31.19645"" data-longitude=""-83.25236"" style=""display: none;"">
        <div class=""store-details__main-distance""></div>
        <a class=""store-details__main-directions"" href=""javascript:void(0);"" target=""_blank""></a>
    </div>",(229) 335-2018
"<img class=""store-details__map-image"" src=""https://maps.googleapis.com/maps/api/staticmap?center=Dollar+General%2C5953+Us+Hwy+84+E%2CNaylor+GA+31641-2962&amp;zoom=15&amp;size=730x600&amp;markers=icon%3Ahttps%3A%2F%2Fwww.dollargeneral.com%2Fetc.clientlibs%2Fdollargeneral%2Fclientlibs%2Fclientlib-site%2Fresources%2Fimages%2Fstatic-map-pin.png%7C30.908593%2C-83.080945&amp;key=AIzaSyDi0nb6nKeHaDJWFtAvbAIPKBrUuAc_mTY&amp;signature=vxsbeyZyZrR6Auc6wNRFfy28vnw="" alt=""Google map showing the dropped pin on Dollar General,5953 Us Hwy 84 E,Naylor GA 31641-2962"">",5953 Us Hwy 84 E,"Naylor, GA 31641-2962","<div class=""store-details__main-travel"" data-latitude=""30.908593"" data-longitude=""-83.080945"">
        <div class=""store-details__main-distance""></div>
        <a class=""store-details__main-directions"" href=""javascript:void(0);"" target=""_blank""></a>
    </div>",(912) 387-4240
"<img class=""store-details__map-image"" src=""https://maps.googleapis.com/maps/api/staticmap?center=Dollar+General%2C4049+Highway+142%2CNewborn+GA+30056-2006&amp;zoom=15&amp;size=730x600&amp;markers=icon%3Ahttps%3A%2F%2Fwww.dollargeneral.com%2Fetc.clientlibs%2Fdollargeneral%2Fclientlibs%2Fclientlib-site%2Fresources%2Fimages%2Fstatic-map-pin.png%7C33.519963%2C-83.6982&amp;key=AIzaSyDi0nb6nKeHaDJWFtAvbAIPKBrUuAc_mTY&amp;signature=HYliyDIFjhDjOXfEHRouZ9yOv-g="" alt=""Google map showing the dropped pin on Dollar General,4049 Highway 142,Newborn GA 30056-2006"">",4049 Highway 142,"Newborn, GA 30056-2006","<div class=""store-details__main-travel"" data-latitude=""33.519963"" data-longitude=""-83.6982"">
        <div class=""store-details__main-distance""></div>
        <a class=""store-details__main-directions"" href=""javascript:void(0);"" target=""_blank""></a>
    </div>",(470) 205-0905
"<img class=""store-details__map-image"" src=""https://maps.googleapis.com/maps/api/staticmap?center=Dollar+General%2C106+Old+Creek+Rd%2CNewington+GA+30446&amp;zoom=15&amp;size=730x600&amp;markers=icon%3Ahttps%3A%2F%2Fwww.dollargeneral.com%2Fetc.clientlibs%2Fdollargeneral%2Fclientlibs%2Fclientlib-site%2Fresources%2Fimages%2Fstatic-map-pin.png%7C32.5866%2C-81.5109&amp;key=AIzaSyDi0nb6nKeHaDJWFtAvbAIPKBrUuAc_mTY&amp;signature=7ZOTXrvHbQy2tsK5HAQMUK_Kuso="" alt=""Google map showing the dropped pin on Dollar General,106 Old Creek Rd,Newington GA 30446"">",106 Old Creek Rd,"Newington, GA 30446","<div class=""store-details__main-travel"" data-latitude=""32.5866"" data-longitude=""-81.5109"" style=""display: none;"">
        <div class=""store-details__main-distance""></div>
        <a class=""store-details__main-directions"" href=""javascript:void(0);"" target=""_blank""></a>
    </div>",(912) 328-1162
"<img class=""store-details__map-image"" src=""https://maps.googleapis.com/maps/api/staticmap?center=Dollar+General%2C216+Bullsboro+Dr+Ste+B%2CNewnan+GA+30263-3160&amp;zoom=15&amp;size=730x600&amp;markers=icon%3Ahttps%3A%2F%2Fwww.dollargeneral.com%2Fetc.clientlibs%2Fdollargeneral%2Fclientlibs%2Fclientlib-site%2Fresources%2Fimages%2Fstatic-map-pin.png%7C33.391822%2C-84.773454&amp;key=AIzaSyDi0nb6nKeHaDJWFtAvbAIPKBrUuAc_mTY&amp;signature=eHOJhA28LwkLLZrQShrVwvZ9Ryg="" alt=""Google map showing the dropped pin on Dollar General,216 Bullsboro Dr Ste B,Newnan GA 30263-3160"">",216 Bullsboro Dr Ste B,"Newnan, GA 30263-3160","<div class=""store-details__main-travel"" data-latitude=""33.391822"" data-longitude=""-84.773454"">
        <div class=""store-details__main-distance""></div>
        <a class=""store-details__main-directions"" href=""javascript:void(0);"" target=""_blank""></a>
    </div>",(470) 347-3109
"<img class=""store-details__map-image"" src=""https://maps.googleapis.com/maps/api/staticmap?center=Dollar+General%2C557+Highway+34+W%2CNewnan+GA+30263-3093&amp;zoom=15&amp;size=730x600&amp;markers=icon%3Ahttps%3A%2F%2Fwww.dollargeneral.com%2Fetc.clientlibs%2Fdollargeneral%2Fclientlibs%2Fclientlib-site%2Fresources%2Fimages%2Fstatic-map-pin.png%7C33.3811%2C-84.8524&amp;key=AIzaSyDi0nb6nKeHaDJWFtAvbAIPKBrUuAc_mTY&amp;signature=mKUhBCg1Qcrl6QJ7zwLFYiWfR0c="" alt=""Google map showing the dropped pin on Dollar General,557 Highway 34 W,Newnan GA 30263-3093"">",557 Highway 34 W,"Newnan, GA 30263-3093","<div class=""store-details__main-travel"" data-latitude=""33.3811"" data-longitude=""-84.8524"" style=""display: none;"">
        <div class=""store-details__main-distance""></div>
        <a class=""store-details__main-directions"" href=""javascript:void(0);"" target=""_blank""></a>
    </div>",(470) 400-7750
"<img class=""store-details__map-image"" src=""https://maps.googleapis.com/maps/api/staticmap?center=Dollar+General%2C245+Temple+Ave%2CNewnan+GA+30263-1369&amp;zoom=15&amp;size=730x600&amp;markers=icon%3Ahttps%3A%2F%2Fwww.dollargeneral.com%2Fetc.clientlibs%2Fdollargeneral%2Fclientlibs%2Fclientlib-site%2Fresources%2Fimages%2Fstatic-map-pin.png%7C33.387525%2C-84.81956&amp;key=AIzaSyDi0nb6nKeHaDJWFtAvbAIPKBrUuAc_mTY&amp;signature=aq5l_RfWAL4LHKByuKsLtI-aOms="" alt=""Google map showing the dropped pin on Dollar General,245 Temple Ave,Newnan GA 30263-1369"">",245 Temple Ave,"Newnan, GA 30263-1369","<div class=""store-details__main-travel"" data-latitude=""33.387525"" data-longitude=""-84.81956"">
        <div class=""store-details__main-distance""></div>
        <a class=""store-details__main-directions"" href=""javascript:void(0);"" target=""_blank""></a>
    </div>",(470) 400-3180
"<img class=""store-details__map-image"" src=""https://maps.googleapis.com/maps/api/staticmap?center=Dollar+General%2C170+Glenda+Trce%2CNewnan+GA+30265-3863&amp;zoom=15&amp;size=730x600&amp;markers=icon%3Ahttps%3A%2F%2Fwww.dollargeneral.com%2Fetc.clientlibs%2Fdollargeneral%2Fclientlibs%2Fclientlib-site%2Fresources%2Fimages%2Fstatic-map-pin.png%7C33.411914%2C-84.684166&amp;key=AIzaSyDi0nb6nKeHaDJWFtAvbAIPKBrUuAc_mTY&amp;signature=tgJBxXPdtc4e56Q72OPi2XSrygM="" alt=""Google map showing the dropped pin on Dollar General,170 Glenda Trce,Newnan GA 30265-3863"">",170 Glenda Trce,"Newnan, GA 30265-3863","<div class=""store-details__main-travel"" data-latitude=""33.411914"" data-longitude=""-84.684166"">
        <div class=""store-details__main-distance""></div>
        <a class=""store-details__main-directions"" href=""javascript:void(0);"" target=""_blank""></a>
    </div>",(470) 347-3505
"<img class=""store-details__map-image"" src=""https://maps.googleapis.com/maps/api/staticmap?center=Dollar+General%2C4889+W+Hwy+34%2CNewnan+GA+30263&amp;zoom=15&amp;size=730x600&amp;markers=icon%3Ahttps%3A%2F%2Fwww.dollargeneral.com%2Fetc.clientlibs%2Fdollargeneral%2Fclientlibs%2Fclientlib-site%2Fresources%2Fimages%2Fstatic-map-pin.png%7C33.3392%2C-84.9798&amp;key=AIzaSyDi0nb6nKeHaDJWFtAvbAIPKBrUuAc_mTY&amp;signature=hklAZe4VykByzOS1PX1SKI-ZicQ="" alt=""Google map showing the dropped pin on Dollar General,4889 W Hwy 34,Newnan GA 30263"">",4889 W Hwy 34,"Newnan, GA 30263","<div class=""store-details__main-travel"" data-latitude=""33.3392"" data-longitude=""-84.9798"">
        <div class=""store-details__main-distance""></div>
        <a class=""store-details__main-directions"" href=""javascript:void(0);"" target=""_blank""></a>
    </div>",(470) 400-1809
"<img class=""store-details__map-image"" src=""https://maps.googleapis.com/maps/api/staticmap?center=Dollar+General%2C575+Pine+Rd%2CNewnan+GA+30263-7424&amp;zoom=15&amp;size=730x600&amp;markers=icon%3Ahttps%3A%2F%2Fwww.dollargeneral.com%2Fetc.clientlibs%2Fdollargeneral%2Fclientlibs%2Fclientlib-site%2Fresources%2Fimages%2Fstatic-map-pin.png%7C33.330497%2C-84.78229&amp;key=AIzaSyDi0nb6nKeHaDJWFtAvbAIPKBrUuAc_mTY&amp;signature=wEtYFtd7HDuX2HVwLE11bM0qskM="" alt=""Google map showing the dropped pin on Dollar General,575 Pine Rd,Newnan GA 30263-7424"">",575 Pine Rd,"Newnan, GA 30263-7424","<div class=""store-details__main-travel"" data-latitude=""33.330497"" data-longitude=""-84.78229"" style=""display: none;"">
        <div class=""store-details__main-distance""></div>
        <a class=""store-details__main-directions"" href=""javascript:void(0);"" target=""_blank""></a>
    </div>",(470) 347-3465
"<img class=""store-details__map-image"" src=""https://maps.googleapis.com/maps/api/staticmap?center=Dollar+General%2C99+Mlk+Jr.+Drive%2CNewnan+GA+30263-2449&amp;zoom=15&amp;size=730x600&amp;markers=icon%3Ahttps%3A%2F%2Fwww.dollargeneral.com%2Fetc.clientlibs%2Fdollargeneral%2Fclientlibs%2Fclientlib-site%2Fresources%2Fimages%2Fstatic-map-pin.png%7C33.363617%2C-84.787278&amp;key=AIzaSyDi0nb6nKeHaDJWFtAvbAIPKBrUuAc_mTY&amp;signature=0pmgXYrEDJYd3UTNVSQ-_H0R_CQ="" alt=""Google map showing the dropped pin on Dollar General,99 Mlk Jr. Drive,Newnan GA 30263-2449"">",99 Mlk Jr. Drive,"Newnan, GA 30263-2449","<div class=""store-details__main-travel"" data-latitude=""33.363617"" data-longitude=""-84.787278"">
        <div class=""store-details__main-distance""></div>
        <a class=""store-details__main-directions"" href=""javascript:void(0);"" target=""_blank""></a>
    </div>",(470) 347-3083
"<img class=""store-details__map-image"" src=""https://maps.googleapis.com/maps/api/staticmap?center=Dollar+General%2C1108+Highway+16+E%2CNewnan+GA+30263-5245&amp;zoom=15&amp;size=730x600&amp;markers=icon%3Ahttps%3A%2F%2Fwww.dollargeneral.com%2Fetc.clientlibs%2Fdollargeneral%2Fclientlibs%2Fclientlib-site%2Fresources%2Fimages%2Fstatic-map-pin.png%7C33.336822%2C-84.745947&amp;key=AIzaSyDi0nb6nKeHaDJWFtAvbAIPKBrUuAc_mTY&amp;signature=-5eXdM2aMwZ0PWz4ARPhKPq_QlU="" alt=""Google map showing the dropped pin on Dollar General,1108 Highway 16 E,Newnan GA 30263-5245"">",1108 Highway 16 E,"Newnan, GA 30263-5245","<div class=""store-details__main-travel"" data-latitude=""33.336822"" data-longitude=""-84.745947"">
        <div class=""store-details__main-distance""></div>
        <a class=""store-details__main-directions"" href=""javascript:void(0);"" target=""_blank""></a>
    </div>",(470) 347-3060
"<img class=""store-details__map-image"" src=""https://maps.googleapis.com/maps/api/staticmap?center=Dollar+General%2C100+S+Highway+91%2CNewton+GA+39870-0305&amp;zoom=15&amp;size=730x600&amp;markers=icon%3Ahttps%3A%2F%2Fwww.dollargeneral.com%2Fetc.clientlibs%2Fdollargeneral%2Fclientlibs%2Fclientlib-site%2Fresources%2Fimages%2Fstatic-map-pin.png%7C31.312146%2C-84.346426&amp;key=AIzaSyDi0nb6nKeHaDJWFtAvbAIPKBrUuAc_mTY&amp;signature=WCI7s4vepXbRpiae7RBm09C5EAE="" alt=""Google map showing the dropped pin on Dollar General,100 S Highway 91,Newton GA 39870-0305"">",100 S Highway 91,"Newton, GA 39870-0305","<div class=""store-details__main-travel"" data-latitude=""31.312146"" data-longitude=""-84.346426"">
        <div class=""store-details__main-distance""></div>
        <a class=""store-details__main-directions"" href=""javascript:void(0);"" target=""_blank""></a>
    </div>",(478) 217-5175
"<img class=""store-details__map-image"" src=""https://maps.googleapis.com/maps/api/staticmap?center=Dollar+General%2C606+Van+Streat+Hwy%2CNicholls+GA+31554&amp;zoom=15&amp;size=730x600&amp;markers=icon%3Ahttps%3A%2F%2Fwww.dollargeneral.com%2Fetc.clientlibs%2Fdollargeneral%2Fclientlibs%2Fclientlib-site%2Fresources%2Fimages%2Fstatic-map-pin.png%7C31.51607%2C-82.635363&amp;key=AIzaSyDi0nb6nKeHaDJWFtAvbAIPKBrUuAc_mTY&amp;signature=CsJ9GQMHMUZKpRR_IWyBIH660GI="" alt=""Google map showing the dropped pin on Dollar General,606 Van Streat Hwy,Nicholls GA 31554"">",606 Van Streat Hwy,"Nicholls, GA 31554","<div class=""store-details__main-travel"" data-latitude=""35.9806"" data-longitude=""-84.0969"">
        <div class=""store-details__main-distance""></div>
        <a class=""store-details__main-directions"" href=""javascript:void(0);"" target=""_blank""></a>
    </div>",(912) 387-4375
"<img class=""store-details__map-image"" src=""https://maps.googleapis.com/maps/api/staticmap?center=Dollar+General%2C5025+Us+Hwy+441+South%2CNicholson+GA+30565-1771&amp;zoom=15&amp;size=730x600&amp;markers=icon%3Ahttps%3A%2F%2Fwww.dollargeneral.com%2Fetc.clientlibs%2Fdollargeneral%2Fclientlibs%2Fclientlib-site%2Fresources%2Fimages%2Fstatic-map-pin.png%7C34.114613%2C-83.432098&amp;key=AIzaSyDi0nb6nKeHaDJWFtAvbAIPKBrUuAc_mTY&amp;signature=USYhXNuyWTDGcrk7YkYw1f0j6t4="" alt=""Google map showing the dropped pin on Dollar General,5025 Us Hwy 441 South,Nicholson GA 30565-1771"">",5025 Us Hwy 441 South,"Nicholson, GA 30565-1771","<div class=""store-details__main-travel"" data-latitude=""34.114613"" data-longitude=""-83.432098"" style=""display: none;"">
        <div class=""store-details__main-distance""></div>
        <a class=""store-details__main-directions"" href=""javascript:void(0);"" target=""_blank""></a>
    </div>",(706) 352-9965
"<img class=""store-details__map-image"" src=""https://maps.googleapis.com/maps/api/staticmap?center=Dollar+General%2C5450+Peachtree+Pkwy%2CNorcross+GA+30092-2557&amp;zoom=15&amp;size=730x600&amp;markers=icon%3Ahttps%3A%2F%2Fwww.dollargeneral.com%2Fetc.clientlibs%2Fdollargeneral%2Fclientlibs%2Fclientlib-site%2Fresources%2Fimages%2Fstatic-map-pin.png%7C33.969%2C-84.2212&amp;key=AIzaSyDi0nb6nKeHaDJWFtAvbAIPKBrUuAc_mTY&amp;signature=6_lBFf0XR9PvJM9BqXoYq4UTpbM="" alt=""Google map showing the dropped pin on Dollar General,5450 Peachtree Pkwy,Norcross GA 30092-2557"">",5450 Peachtree Pkwy # 5,"Norcross, GA 30092-2557","<div class=""store-details__main-travel"" data-latitude=""33.969"" data-longitude=""-84.2212"">
        <div class=""store-details__main-distance""></div>
        <a class=""store-details__main-directions"" href=""javascript:void(0);"" target=""_blank""></a>
    </div>",(678) 879-5250
"<img class=""store-details__map-image"" src=""https://maps.googleapis.com/maps/api/staticmap?center=Dollar+General%2C5610+Singleton+Rd%2CNorcross+GA+30093-2207&amp;zoom=15&amp;size=730x600&amp;markers=icon%3Ahttps%3A%2F%2Fwww.dollargeneral.com%2Fetc.clientlibs%2Fdollargeneral%2Fclientlibs%2Fclientlib-site%2Fresources%2Fimages%2Fstatic-map-pin.png%7C33.907719%2C-84.183446&amp;key=AIzaSyDi0nb6nKeHaDJWFtAvbAIPKBrUuAc_mTY&amp;signature=W6D-zj5d-kXh81pdl9336zVFA94="" alt=""Google map showing the dropped pin on Dollar General,5610 Singleton Rd,Norcross GA 30093-2207"">",5610 Singleton Rd,"Norcross, GA 30093-2207","<div class=""store-details__main-travel"" data-latitude=""33.907719"" data-longitude=""-84.183446"">
        <div class=""store-details__main-distance""></div>
        <a class=""store-details__main-directions"" href=""javascript:void(0);"" target=""_blank""></a>
    </div>",(470) 223-6308
"<img class=""store-details__map-image"" src=""https://maps.googleapis.com/maps/api/staticmap?center=Dollar+General%2C6355+Jimmy+Carter+Blvd%2CNorcross+GA+30071-2378&amp;zoom=15&amp;size=730x600&amp;markers=icon%3Ahttps%3A%2F%2Fwww.dollargeneral.com%2Fetc.clientlibs%2Fdollargeneral%2Fclientlibs%2Fclientlib-site%2Fresources%2Fimages%2Fstatic-map-pin.png%7C33.931739%2C-84.220391&amp;key=AIzaSyDi0nb6nKeHaDJWFtAvbAIPKBrUuAc_mTY&amp;signature=PaWY82f1FJf7JEMckitD0t1vJrY="" alt=""Google map showing the dropped pin on Dollar General,6355 Jimmy Carter Blvd,Norcross GA 30071-2378"">",6355 Jimmy Carter Blvd,"Norcross, GA 30071-2378","<div class=""store-details__main-travel"" data-latitude=""33.931739"" data-longitude=""-84.220391"">
        <div class=""store-details__main-distance""></div>
        <a class=""store-details__main-directions"" href=""javascript:void(0);"" target=""_blank""></a>
    </div>",(470) 336-5566
"<img class=""store-details__map-image"" src=""https://maps.googleapis.com/maps/api/staticmap?center=Dollar+General%2C245+S+Baker+St%2CNorman+Park+GA+31771&amp;zoom=15&amp;size=730x600&amp;markers=icon%3Ahttps%3A%2F%2Fwww.dollargeneral.com%2Fetc.clientlibs%2Fdollargeneral%2Fclientlibs%2Fclientlib-site%2Fresources%2Fimages%2Fstatic-map-pin.png%7C31.1722%2C-83.5879&amp;key=AIzaSyDi0nb6nKeHaDJWFtAvbAIPKBrUuAc_mTY&amp;signature=HI1jOT4qQ82bPS1gH8IoJUMOPzA="" alt=""Google map showing the dropped pin on Dollar General,245 S Baker St,Norman Park GA 31771"">",245 S Baker St,"Norman Park, GA 31771","<div class=""store-details__main-travel"" data-latitude=""31.1722"" data-longitude=""-83.5879"">
        <div class=""store-details__main-distance""></div>
        <a class=""store-details__main-directions"" href=""javascript:void(0);"" target=""_blank""></a>
    </div>",(229) 796-0311
"<img class=""store-details__map-image"" src=""https://maps.googleapis.com/maps/api/staticmap?center=Dollar+General%2C214+Chafin+St%2CNorman+Park+GA+31771-6046&amp;zoom=15&amp;size=730x600&amp;markers=icon%3Ahttps%3A%2F%2Fwww.dollargeneral.com%2Fetc.clientlibs%2Fdollargeneral%2Fclientlibs%2Fclientlib-site%2Fresources%2Fimages%2Fstatic-map-pin.png%7C31.278424%2C-83.683914&amp;key=AIzaSyDi0nb6nKeHaDJWFtAvbAIPKBrUuAc_mTY&amp;signature=6X741N3hpwDMDd0tcxtkIkaInBA="" alt=""Google map showing the dropped pin on Dollar General,214 Chafin St,Norman Park GA 31771-6046"">",214 Chafin St,"Norman Park, GA 31771-6046","<div class=""store-details__main-travel"" data-latitude=""31.278424"" data-longitude=""-83.683914"">
        <div class=""store-details__main-distance""></div>
        <a class=""store-details__main-directions"" href=""javascript:void(0);"" target=""_blank""></a>
    </div>",(912) 226-4150
"<img class=""store-details__map-image"" src=""https://maps.googleapis.com/maps/api/staticmap?center=Dollar+General%2C4621+Mckever+Road%2COakwood+GA+30566-2611&amp;zoom=15&amp;size=730x600&amp;markers=icon%3Ahttps%3A%2F%2Fwww.dollargeneral.com%2Fetc.clientlibs%2Fdollargeneral%2Fclientlibs%2Fclientlib-site%2Fresources%2Fimages%2Fstatic-map-pin.png%7C34.24154%2C-83.892725&amp;key=AIzaSyDi0nb6nKeHaDJWFtAvbAIPKBrUuAc_mTY&amp;signature=RG4zF1-Tq82bFvP3bubXngaNR3g="" alt=""Google map showing the dropped pin on Dollar General,4621 Mckever Road,Oakwood GA 30566-2611"">",4621 Mckever Road,"Oakwood, GA 30566-2611","<div class=""store-details__main-travel"" data-latitude=""34.24154"" data-longitude=""-83.892725"">
        <div class=""store-details__main-distance""></div>
        <a class=""store-details__main-directions"" href=""javascript:void(0);"" target=""_blank""></a>
    </div>",(470) 208-3410
"<img class=""store-details__map-image"" src=""https://maps.googleapis.com/maps/api/staticmap?center=Dollar+General%2C5085+Main+Street+South%2COchlocknee+GA+31773-3218&amp;zoom=15&amp;size=730x600&amp;markers=icon%3Ahttps%3A%2F%2Fwww.dollargeneral.com%2Fetc.clientlibs%2Fdollargeneral%2Fclientlibs%2Fclientlib-site%2Fresources%2Fimages%2Fstatic-map-pin.png%7C30.969%2C-84.049&amp;key=AIzaSyDi0nb6nKeHaDJWFtAvbAIPKBrUuAc_mTY&amp;signature=-zIss2T2--ov4oIuDSJrOsbQrjU="" alt=""Google map showing the dropped pin on Dollar General,5085 Main Street South,Ochlocknee GA 31773-3218"">",5085 Main Street South,"Ochlocknee, GA 31773-3218","<div class=""store-details__main-travel"" data-latitude=""30.969"" data-longitude=""-84.049"">
        <div class=""store-details__main-distance""></div>
        <a class=""store-details__main-directions"" href=""javascript:void(0);"" target=""_blank""></a>
    </div>",(478) 292-0170
"<img class=""store-details__map-image"" src=""https://maps.googleapis.com/maps/api/staticmap?center=Dollar+General%2C1957+Ga+Hwy+32+W%2COcilla+GA+31774&amp;zoom=15&amp;size=730x600&amp;markers=icon%3Ahttps%3A%2F%2Fwww.dollargeneral.com%2Fetc.clientlibs%2Fdollargeneral%2Fclientlibs%2Fclientlib-site%2Fresources%2Fimages%2Fstatic-map-pin.png%7C31.6484%2C-83.3845&amp;key=AIzaSyDi0nb6nKeHaDJWFtAvbAIPKBrUuAc_mTY&amp;signature=7g2oMHI-yoqKL5iwwT-sz9VWUaY="" alt=""Google map showing the dropped pin on Dollar General,1957 Ga Hwy 32 W,Ocilla GA 31774"">",1957 Ga Hwy 32 W,"Ocilla, GA 31774","<div class=""store-details__main-travel"" data-latitude=""31.6484"" data-longitude=""-83.3845"">
        <div class=""store-details__main-distance""></div>
        <a class=""store-details__main-directions"" href=""javascript:void(0);"" target=""_blank""></a>
    </div>",(229) 796-0137
"<img class=""store-details__map-image"" src=""https://maps.googleapis.com/maps/api/staticmap?center=Dollar+General%2C1775+Tifton+Hwy%2COcilla+GA+31774-3217&amp;zoom=15&amp;size=730x600&amp;markers=icon%3Ahttps%3A%2F%2Fwww.dollargeneral.com%2Fetc.clientlibs%2Fdollargeneral%2Fclientlibs%2Fclientlib-site%2Fresources%2Fimages%2Fstatic-map-pin.png%7C31.5478%2C-83.3788&amp;key=AIzaSyDi0nb6nKeHaDJWFtAvbAIPKBrUuAc_mTY&amp;signature=utQwtHtc9FfUPP3O0TvIU4vAN4k="" alt=""Google map showing the dropped pin on Dollar General,1775 Tifton Hwy,Ocilla GA 31774-3217"">",1775 Tifton Hwy,"Ocilla, GA 31774-3217","<div class=""store-details__main-travel"" data-latitude=""31.5478"" data-longitude=""-83.3788"" style=""display: none;"">
        <div class=""store-details__main-distance""></div>
        <a class=""store-details__main-directions"" href=""javascript:void(0);"" target=""_blank""></a>
    </div>",(912) 501-3287
"<img class=""store-details__map-image"" src=""https://maps.googleapis.com/maps/api/staticmap?center=Dollar+General%2C711+North+Irwin+Avenue%2COcilla+GA+31774-5009&amp;zoom=15&amp;size=730x600&amp;markers=icon%3Ahttps%3A%2F%2Fwww.dollargeneral.com%2Fetc.clientlibs%2Fdollargeneral%2Fclientlibs%2Fclientlib-site%2Fresources%2Fimages%2Fstatic-map-pin.png%7C31.60343%2C-83.25019&amp;key=AIzaSyDi0nb6nKeHaDJWFtAvbAIPKBrUuAc_mTY&amp;signature=YZc07CI1OvbqopKEiaAsq7PHuBU="" alt=""Google map showing the dropped pin on Dollar General,711 North Irwin Avenue,Ocilla GA 31774-5009"">",711 North Irwin Avenue,"Ocilla, GA 31774-5009","<div class=""store-details__main-travel"" data-latitude=""31.60343"" data-longitude=""-83.25019"">
        <div class=""store-details__main-distance""></div>
        <a class=""store-details__main-directions"" href=""javascript:void(0);"" target=""_blank""></a>
    </div>",(478) 201-9575
"<img class=""store-details__map-image"" src=""https://maps.googleapis.com/maps/api/staticmap?center=Dollar+General%2C420+S+Main+St%2COdum+GA+31555-6749&amp;zoom=15&amp;size=730x600&amp;markers=icon%3Ahttps%3A%2F%2Fwww.dollargeneral.com%2Fetc.clientlibs%2Fdollargeneral%2Fclientlibs%2Fclientlib-site%2Fresources%2Fimages%2Fstatic-map-pin.png%7C31.6625%2C-82.0225&amp;key=AIzaSyDi0nb6nKeHaDJWFtAvbAIPKBrUuAc_mTY&amp;signature=4QTqEClxWdRXSu0-MRZne8uWmuY="" alt=""Google map showing the dropped pin on Dollar General,420 S Main St,Odum GA 31555-6749"">",420 S Main St,"Odum, GA 31555-6749","<div class=""store-details__main-travel"" data-latitude=""31.6625"" data-longitude=""-82.0225"">
        <div class=""store-details__main-distance""></div>
        <a class=""store-details__main-directions"" href=""javascript:void(0);"" target=""_blank""></a>
    </div>",(912) 250-5070
"<img class=""store-details__map-image"" src=""https://maps.googleapis.com/maps/api/staticmap?center=Dollar+General%2C116+Chatham+Street%2COglethorpe+GA+31068-0096&amp;zoom=15&amp;size=730x600&amp;markers=icon%3Ahttps%3A%2F%2Fwww.dollargeneral.com%2Fetc.clientlibs%2Fdollargeneral%2Fclientlibs%2Fclientlib-site%2Fresources%2Fimages%2Fstatic-map-pin.png%7C32.293879%2C-84.062118&amp;key=AIzaSyDi0nb6nKeHaDJWFtAvbAIPKBrUuAc_mTY&amp;signature=VXsxGpjssQ2GIViK0igaSKmKUHs="" alt=""Google map showing the dropped pin on Dollar General,116 Chatham Street,Oglethorpe GA 31068-0096"">",116 Chatham Street,"Oglethorpe, GA 31068-0096","<div class=""store-details__main-travel"" data-latitude=""32.293879"" data-longitude=""-84.062118"" style=""display: none;"">
        <div class=""store-details__main-distance""></div>
        <a class=""store-details__main-directions"" href=""javascript:void(0);"" target=""_blank""></a>
    </div>",(470) 462-3989
"<img class=""store-details__map-image"" src=""https://maps.googleapis.com/maps/api/staticmap?center=Dollar+General%2C5440+N+Alabama+Ave%2COmega+GA+31775-3054&amp;zoom=15&amp;size=730x600&amp;markers=icon%3Ahttps%3A%2F%2Fwww.dollargeneral.com%2Fetc.clientlibs%2Fdollargeneral%2Fclientlibs%2Fclientlib-site%2Fresources%2Fimages%2Fstatic-map-pin.png%7C31.344026%2C-83.591146&amp;key=AIzaSyDi0nb6nKeHaDJWFtAvbAIPKBrUuAc_mTY&amp;signature=3ZUKOvwiS3OSnuhv-lgzfTH9BNI="" alt=""Google map showing the dropped pin on Dollar General,5440 N Alabama Ave,Omega GA 31775-3054"">",5440 N Alabama Ave,"Omega, GA 31775-3054","<div class=""store-details__main-travel"" data-latitude=""31.344026"" data-longitude=""-83.591146"">
        <div class=""store-details__main-distance""></div>
        <a class=""store-details__main-directions"" href=""javascript:void(0);"" target=""_blank""></a>
    </div>",(470) 440-4645
"<img class=""store-details__map-image"" src=""https://maps.googleapis.com/maps/api/staticmap?center=Dollar+General%2C3040+Macon+Rd.%2COrchard+Hill+GA+30266&amp;zoom=15&amp;size=730x600&amp;markers=icon%3Ahttps%3A%2F%2Fwww.dollargeneral.com%2Fetc.clientlibs%2Fdollargeneral%2Fclientlibs%2Fclientlib-site%2Fresources%2Fimages%2Fstatic-map-pin.png%7C33.184855%2C-84.210816&amp;key=AIzaSyDi0nb6nKeHaDJWFtAvbAIPKBrUuAc_mTY&amp;signature=BEf6ixgJ3wzHbkTia4sR-BrksEo="" alt=""Google map showing the dropped pin on Dollar General,3040 Macon Rd.,Orchard Hill GA 30266"">",3040 Macon Rd.,"Orchard Hill, GA 30266","<div class=""store-details__main-travel"" data-latitude=""33.184855"" data-longitude=""-84.210816"">
        <div class=""store-details__main-distance""></div>
        <a class=""store-details__main-directions"" href=""javascript:void(0);"" target=""_blank""></a>
    </div>",(470) 402-2042
"<img class=""store-details__map-image"" src=""https://maps.googleapis.com/maps/api/staticmap?center=Dollar+General%2C12861+Highway+142%2COxford+GA+30054-4216&amp;zoom=15&amp;size=730x600&amp;markers=icon%3Ahttps%3A%2F%2Fwww.dollargeneral.com%2Fetc.clientlibs%2Fdollargeneral%2Fclientlibs%2Fclientlib-site%2Fresources%2Fimages%2Fstatic-map-pin.png%7C33.667145%2C-83.851711&amp;key=AIzaSyDi0nb6nKeHaDJWFtAvbAIPKBrUuAc_mTY&amp;signature=KxAp-QkmxDl0u3Lx_nKG8JI9NF8="" alt=""Google map showing the dropped pin on Dollar General,12861 Highway 142,Oxford GA 30054-4216"">",12861 Highway 142,"Oxford, GA 30054-4216","<div class=""store-details__main-travel"" data-latitude=""33.667145"" data-longitude=""-83.851711"">
        <div class=""store-details__main-distance""></div>
        <a class=""store-details__main-directions"" href=""javascript:void(0);"" target=""_blank""></a>
    </div>",(470) 205-9105
"<img class=""store-details__map-image"" src=""https://maps.googleapis.com/maps/api/staticmap?center=Dollar+General%2C592+Main+St%2CPalmetto+GA+30268-1237&amp;zoom=15&amp;size=730x600&amp;markers=icon%3Ahttps%3A%2F%2Fwww.dollargeneral.com%2Fetc.clientlibs%2Fdollargeneral%2Fclientlibs%2Fclientlib-site%2Fresources%2Fimages%2Fstatic-map-pin.png%7C33.52026%2C-84.668045&amp;key=AIzaSyDi0nb6nKeHaDJWFtAvbAIPKBrUuAc_mTY&amp;signature=4tvEIrRzAuQIt0XKUu8_q9a7GLE="" alt=""Google map showing the dropped pin on Dollar General,592 Main St,Palmetto GA 30268-1237"">",592 Main St,"Palmetto, GA 30268-1237","<div class=""store-details__main-travel"" data-latitude=""33.52026"" data-longitude=""-84.668045"" style=""display: none;"">
        <div class=""store-details__main-distance""></div>
        <a class=""store-details__main-directions"" href=""javascript:void(0);"" target=""_blank""></a>
    </div>",(470) 781-8130
"<img class=""store-details__map-image"" src=""https://maps.googleapis.com/maps/api/staticmap?center=Dollar+General%2C6525+Highway+84%2CPatterson+GA+31557-4912&amp;zoom=15&amp;size=730x600&amp;markers=icon%3Ahttps%3A%2F%2Fwww.dollargeneral.com%2Fetc.clientlibs%2Fdollargeneral%2Fclientlibs%2Fclientlib-site%2Fresources%2Fimages%2Fstatic-map-pin.png%7C31.388378%2C-82.138384&amp;key=AIzaSyDi0nb6nKeHaDJWFtAvbAIPKBrUuAc_mTY&amp;signature=m4st-uDuxgivcTB0LzVbzkSt4PU="" alt=""Google map showing the dropped pin on Dollar General,6525 Highway 84,Patterson GA 31557-4912"">",6525 Highway 84,"Patterson, GA 31557-4912","<div class=""store-details__main-travel"" data-latitude=""31.388378"" data-longitude=""-82.138384"">
        <div class=""store-details__main-distance""></div>
        <a class=""store-details__main-directions"" href=""javascript:void(0);"" target=""_blank""></a>
    </div>",(912) 415-8900
"<img class=""store-details__map-image"" src=""https://maps.googleapis.com/maps/api/staticmap?center=Dollar+General%2C2062+E+Harris+Street%2CPavo+GA+31778-0024&amp;zoom=15&amp;size=730x600&amp;markers=icon%3Ahttps%3A%2F%2Fwww.dollargeneral.com%2Fetc.clientlibs%2Fdollargeneral%2Fclientlibs%2Fclientlib-site%2Fresources%2Fimages%2Fstatic-map-pin.png%7C30.959518%2C-83.739441&amp;key=AIzaSyDi0nb6nKeHaDJWFtAvbAIPKBrUuAc_mTY&amp;signature=oJlSJemKZZZjeKEe8UMY0WYO1CA="" alt=""Google map showing the dropped pin on Dollar General,2062 E Harris Street,Pavo GA 31778-0024"">",2062 E Harris Street,"Pavo, GA 31778-0024","<div class=""store-details__main-travel"" data-latitude=""30.959518"" data-longitude=""-83.739441"">
        <div class=""store-details__main-distance""></div>
        <a class=""store-details__main-directions"" href=""javascript:void(0);"" target=""_blank""></a>
    </div>",(229) 466-0230
"<img class=""store-details__map-image"" src=""https://maps.googleapis.com/maps/api/staticmap?center=Dollar+General%2C290+W+Albany+Ave%2CPearson+GA+31642-7868&amp;zoom=15&amp;size=730x600&amp;markers=icon%3Ahttps%3A%2F%2Fwww.dollargeneral.com%2Fetc.clientlibs%2Fdollargeneral%2Fclientlibs%2Fclientlib-site%2Fresources%2Fimages%2Fstatic-map-pin.png%7C31.299293%2C-82.857252&amp;key=AIzaSyDi0nb6nKeHaDJWFtAvbAIPKBrUuAc_mTY&amp;signature=5ZzHrvHiPS62kcP_Yuxd1x1r3fc="" alt=""Google map showing the dropped pin on Dollar General,290 W Albany Ave,Pearson GA 31642-7868"">",290 W Albany Ave,"Pearson, GA 31642-7868","<div class=""store-details__main-travel"" data-latitude=""31.299293"" data-longitude=""-82.857252"">
        <div class=""store-details__main-distance""></div>
        <a class=""store-details__main-directions"" href=""javascript:void(0);"" target=""_blank""></a>
    </div>",(912) 387-4294
"<img class=""store-details__map-image"" src=""https://maps.googleapis.com/maps/api/staticmap?center=Dollar+General%2C398+Barrow+Ave+Sw%2CPelham+GA+31779-1607&amp;zoom=15&amp;size=730x600&amp;markers=icon%3Ahttps%3A%2F%2Fwww.dollargeneral.com%2Fetc.clientlibs%2Fdollargeneral%2Fclientlibs%2Fclientlib-site%2Fresources%2Fimages%2Fstatic-map-pin.png%7C31.11996%2C-84.1574&amp;key=AIzaSyDi0nb6nKeHaDJWFtAvbAIPKBrUuAc_mTY&amp;signature=iwiAQESDS1_ZDQeKZdxOsE2u3OQ="" alt=""Google map showing the dropped pin on Dollar General,398 Barrow Ave Sw,Pelham GA 31779-1607"">",398 Barrow Ave Sw,"Pelham, GA 31779-1607","<div class=""store-details__main-travel"" data-latitude=""31.11996"" data-longitude=""-84.1574"">
        <div class=""store-details__main-distance""></div>
        <a class=""store-details__main-directions"" href=""javascript:void(0);"" target=""_blank""></a>
    </div>",(470) 867-9102
"<img class=""store-details__map-image"" src=""https://maps.googleapis.com/maps/api/staticmap?center=Dollar+General%2C534+W+Bacon+St%2CPembroke+GA+31321-4593&amp;zoom=15&amp;size=730x600&amp;markers=icon%3Ahttps%3A%2F%2Fwww.dollargeneral.com%2Fetc.clientlibs%2Fdollargeneral%2Fclientlibs%2Fclientlib-site%2Fresources%2Fimages%2Fstatic-map-pin.png%7C32.1376%2C-81.6321&amp;key=AIzaSyDi0nb6nKeHaDJWFtAvbAIPKBrUuAc_mTY&amp;signature=0cbH-jPqWcz9evJo0IkJhzmaXk4="" alt=""Google map showing the dropped pin on Dollar General,534 W Bacon St,Pembroke GA 31321-4593"">",534 W Bacon St,"Pembroke, GA 31321-4593","<div class=""store-details__main-travel"" data-latitude=""32.1376"" data-longitude=""-81.6321"" style=""display: none;"">
        <div class=""store-details__main-distance""></div>
        <a class=""store-details__main-directions"" href=""javascript:void(0);"" target=""_blank""></a>
    </div>",(912) 417-6607
"<img class=""store-details__map-image"" src=""https://maps.googleapis.com/maps/api/staticmap?center=Dollar+General%2C104+Plaza+Connector%2CPerry+GA+31069-2198&amp;zoom=15&amp;size=730x600&amp;markers=icon%3Ahttps%3A%2F%2Fwww.dollargeneral.com%2Fetc.clientlibs%2Fdollargeneral%2Fclientlibs%2Fclientlib-site%2Fresources%2Fimages%2Fstatic-map-pin.png%7C32.4709%2C-83.7381&amp;key=AIzaSyDi0nb6nKeHaDJWFtAvbAIPKBrUuAc_mTY&amp;signature=ocJdc_THEJubAgdqAeduSbuPTLs="" alt=""Google map showing the dropped pin on Dollar General,104 Plaza Connector,Perry GA 31069-2198"">",104 Plaza Connector,"Perry, GA 31069-2198","<div class=""store-details__main-travel"" data-latitude=""32.4709"" data-longitude=""-83.7381"">
        <div class=""store-details__main-distance""></div>
        <a class=""store-details__main-directions"" href=""javascript:void(0);"" target=""_blank""></a>
    </div>",(478) 250-8180
"<img class=""store-details__map-image"" src=""https://maps.googleapis.com/maps/api/staticmap?center=Dollar+General%2C2203+Hwy+41+N%2CPerry+GA+31069&amp;zoom=15&amp;size=730x600&amp;markers=icon%3Ahttps%3A%2F%2Fwww.dollargeneral.com%2Fetc.clientlibs%2Fdollargeneral%2Fclientlibs%2Fclientlib-site%2Fresources%2Fimages%2Fstatic-map-pin.png%7C32.4975%2C-83.73&amp;key=AIzaSyDi0nb6nKeHaDJWFtAvbAIPKBrUuAc_mTY&amp;signature=lMJQ2bn3_Yncbcr-GRU7OAdYpgI="" alt=""Google map showing the dropped pin on Dollar General,2203 Hwy 41 N,Perry GA 31069"">",2203 Hwy 41 N,"Perry, GA 31069","<div class=""store-details__main-travel"" data-latitude=""32.4975"" data-longitude=""-83.73"">
        <div class=""store-details__main-distance""></div>
        <a class=""store-details__main-directions"" href=""javascript:void(0);"" target=""_blank""></a>
    </div>",(478) 997-8169
"<img class=""store-details__map-image"" src=""https://maps.googleapis.com/maps/api/staticmap?center=Dollar+General%2C2100+Main+St%2CPerry+GA+31069&amp;zoom=15&amp;size=730x600&amp;markers=icon%3Ahttps%3A%2F%2Fwww.dollargeneral.com%2Fetc.clientlibs%2Fdollargeneral%2Fclientlibs%2Fclientlib-site%2Fresources%2Fimages%2Fstatic-map-pin.png%7C32.4548%2C-83.6927&amp;key=AIzaSyDi0nb6nKeHaDJWFtAvbAIPKBrUuAc_mTY&amp;signature=3MeJKHfXZk_EkhSnP9hyVDeQ9iM="" alt=""Google map showing the dropped pin on Dollar General,2100 Main St,Perry GA 31069"">",2100 Main St,"Perry, GA 31069","<div class=""store-details__main-travel"" data-latitude=""32.4548"" data-longitude=""-83.6927"">
        <div class=""store-details__main-distance""></div>
        <a class=""store-details__main-directions"" href=""javascript:void(0);"" target=""_blank""></a>
    </div>",(478) 721-4455
"<img class=""store-details__map-image"" src=""https://maps.googleapis.com/maps/api/staticmap?center=Dollar+General%2C604+General+Courtney+Hodges+Bl%2CPerry+GA+31069-3335&amp;zoom=15&amp;size=730x600&amp;markers=icon%3Ahttps%3A%2F%2Fwww.dollargeneral.com%2Fetc.clientlibs%2Fdollargeneral%2Fclientlibs%2Fclientlib-site%2Fresources%2Fimages%2Fstatic-map-pin.png%7C32.45318%2C-83.74202&amp;key=AIzaSyDi0nb6nKeHaDJWFtAvbAIPKBrUuAc_mTY&amp;signature=aoDuCipwtgvVu8Q68InalNXMSKg="" alt=""Google map showing the dropped pin on Dollar General,604 General Courtney Hodges Bl,Perry GA 31069-3335"">",604 General Courtney Hodges Bl,"Perry, GA 31069-3335","<div class=""store-details__main-travel"" data-latitude=""32.45318"" data-longitude=""-83.74202"" style=""display: none;"">
        <div class=""store-details__main-distance""></div>
        <a class=""store-details__main-directions"" href=""javascript:void(0);"" target=""_blank""></a>
    </div>",(478) 721-4130
"<img class=""store-details__map-image"" src=""https://maps.googleapis.com/maps/api/staticmap?center=Dollar+General%2C1701+Kings+Chapel+Rd%2CPerry+GA+31069&amp;zoom=15&amp;size=730x600&amp;markers=icon%3Ahttps%3A%2F%2Fwww.dollargeneral.com%2Fetc.clientlibs%2Fdollargeneral%2Fclientlibs%2Fclientlib-site%2Fresources%2Fimages%2Fstatic-map-pin.png%7C32.4667%2C-83.7182&amp;key=AIzaSyDi0nb6nKeHaDJWFtAvbAIPKBrUuAc_mTY&amp;signature=KIrT2UyWrWXNRWYrX9LE4mJffy8="" alt=""Google map showing the dropped pin on Dollar General,1701 Kings Chapel Rd,Perry GA 31069"">",1701 Kings Chapel Rd,"Perry, GA 31069","<div class=""store-details__main-travel"" data-latitude=""32.4667"" data-longitude=""-83.7182"">
        <div class=""store-details__main-distance""></div>
        <a class=""store-details__main-directions"" href=""javascript:void(0);"" target=""_blank""></a>
    </div>",(478) 777-5110
"<img class=""store-details__map-image"" src=""https://maps.googleapis.com/maps/api/staticmap?center=Dollar+General%2C9078+Hamilton+Rd%2CPine+Mountain+GA+31822-4708&amp;zoom=15&amp;size=730x600&amp;markers=icon%3Ahttps%3A%2F%2Fwww.dollargeneral.com%2Fetc.clientlibs%2Fdollargeneral%2Fclientlibs%2Fclientlib-site%2Fresources%2Fimages%2Fstatic-map-pin.png%7C32.870568%2C-84.862921&amp;key=AIzaSyDi0nb6nKeHaDJWFtAvbAIPKBrUuAc_mTY&amp;signature=CPy2ULoi-pn_rKthET3IT2h25R4="" alt=""Google map showing the dropped pin on Dollar General,9078 Hamilton Rd,Pine Mountain GA 31822-4708"">",9078 Hamilton Rd,"Pine Mountain, GA 31822-4708","<div class=""store-details__main-travel"" data-latitude=""32.870568"" data-longitude=""-84.862921"">
        <div class=""store-details__main-distance""></div>
        <a class=""store-details__main-directions"" href=""javascript:void(0);"" target=""_blank""></a>
    </div>",(706) 489-1328
"<img class=""store-details__map-image"" src=""https://maps.googleapis.com/maps/api/staticmap?center=Dollar+General%2C2361+D+St%2CPine+Mountain+Valley+GA+31823&amp;zoom=15&amp;size=730x600&amp;markers=icon%3Ahttps%3A%2F%2Fwww.dollargeneral.com%2Fetc.clientlibs%2Fdollargeneral%2Fclientlibs%2Fclientlib-site%2Fresources%2Fimages%2Fstatic-map-pin.png%7C32.799%2C-84.8235&amp;key=AIzaSyDi0nb6nKeHaDJWFtAvbAIPKBrUuAc_mTY&amp;signature=UlzPE-W-NHJvvq5e4tAUTTKzjNo="" alt=""Google map showing the dropped pin on Dollar General,2361 D St,Pine Mountain Valley GA 31823"">",2361 D St,"Pine Mountain Valley, GA 31823","<div class=""store-details__main-travel"" data-latitude=""32.799"" data-longitude=""-84.8235"">
        <div class=""store-details__main-distance""></div>
        <a class=""store-details__main-directions"" href=""javascript:void(0);"" target=""_blank""></a>
    </div>",(706) 801-7679
"<img class=""store-details__map-image"" src=""https://maps.googleapis.com/maps/api/staticmap?center=Dollar+General%2C194+Depot+St+S%2CPineview+GA+31071&amp;zoom=15&amp;size=730x600&amp;markers=icon%3Ahttps%3A%2F%2Fwww.dollargeneral.com%2Fetc.clientlibs%2Fdollargeneral%2Fclientlibs%2Fclientlib-site%2Fresources%2Fimages%2Fstatic-map-pin.png%7C32.1089%2C-83.5009&amp;key=AIzaSyDi0nb6nKeHaDJWFtAvbAIPKBrUuAc_mTY&amp;signature=VtJMHP2uiCEoDKcYFj2ZeTdKBc4="" alt=""Google map showing the dropped pin on Dollar General,194 Depot St S,Pineview GA 31071"">",194 Depot St S,"Pineview, GA 31071","<div class=""store-details__main-travel"" data-latitude=""32.1089"" data-longitude=""-83.5009"">
        <div class=""store-details__main-distance""></div>
        <a class=""store-details__main-directions"" href=""javascript:void(0);"" target=""_blank""></a>
    </div>",(470) 601-6145
"<img class=""store-details__map-image"" src=""https://maps.googleapis.com/maps/api/staticmap?center=Dollar+General%2C41+Main+St%2CPitts+GA+31072&amp;zoom=15&amp;size=730x600&amp;markers=icon%3Ahttps%3A%2F%2Fwww.dollargeneral.com%2Fetc.clientlibs%2Fdollargeneral%2Fclientlibs%2Fclientlib-site%2Fresources%2Fimages%2Fstatic-map-pin.png%7C31.95955%2C-83.60152&amp;key=AIzaSyDi0nb6nKeHaDJWFtAvbAIPKBrUuAc_mTY&amp;signature=xBkZeVRsb1uuHGGdFrwzcADw8uQ="" alt=""Google map showing the dropped pin on Dollar General,41 Main St,Pitts GA 31072"">",41 Main St,"Pitts, GA 31072","<div class=""store-details__main-travel"" data-latitude=""31.95955"" data-longitude=""-83.60152"" style=""display: none;"">
        <div class=""store-details__main-distance""></div>
        <a class=""store-details__main-directions"" href=""javascript:void(0);"" target=""_blank""></a>
    </div>",(478) 219-2888
"<img class=""store-details__map-image"" src=""https://maps.googleapis.com/maps/api/staticmap?center=Dollar+General%2C118+Ml+Hudson+St+S%2CPlains+GA+31780-5660&amp;zoom=15&amp;size=730x600&amp;markers=icon%3Ahttps%3A%2F%2Fwww.dollargeneral.com%2Fetc.clientlibs%2Fdollargeneral%2Fclientlibs%2Fclientlib-site%2Fresources%2Fimages%2Fstatic-map-pin.png%7C32.032389%2C-84.394071&amp;key=AIzaSyDi0nb6nKeHaDJWFtAvbAIPKBrUuAc_mTY&amp;signature=wBurgY72zL6oNP0hqY_1AIMrpcc="" alt=""Google map showing the dropped pin on Dollar General,118 Ml Hudson St S,Plains GA 31780-5660"">",118 Ml Hudson St S,"Plains, GA 31780-5660","<div class=""store-details__main-travel"" data-latitude=""32.032389"" data-longitude=""-84.394071"">
        <div class=""store-details__main-distance""></div>
        <a class=""store-details__main-directions"" href=""javascript:void(0);"" target=""_blank""></a>
    </div>",(706) 989-4285
"<img class=""store-details__map-image"" src=""https://maps.googleapis.com/maps/api/staticmap?center=Dollar+General%2C3483+Rome+Rd+Sw%2CPlainville+GA+30733-9740&amp;zoom=15&amp;size=730x600&amp;markers=icon%3Ahttps%3A%2F%2Fwww.dollargeneral.com%2Fetc.clientlibs%2Fdollargeneral%2Fclientlibs%2Fclientlib-site%2Fresources%2Fimages%2Fstatic-map-pin.png%7C34.412804%2C-85.009278&amp;key=AIzaSyDi0nb6nKeHaDJWFtAvbAIPKBrUuAc_mTY&amp;signature=d9HCyJ48Ttljak9qrN2H9JUy0hI="" alt=""Google map showing the dropped pin on Dollar General,3483 Rome Rd Sw,Plainville GA 30733-9740"">",3483 Rome Rd Sw,"Plainville, GA 30733-9740","<div class=""store-details__main-travel"" data-latitude=""34.412804"" data-longitude=""-85.009278"">
        <div class=""store-details__main-distance""></div>
        <a class=""store-details__main-directions"" href=""javascript:void(0);"" target=""_blank""></a>
    </div>",(706) 413-8480
"<img class=""store-details__map-image"" src=""https://maps.googleapis.com/maps/api/staticmap?center=Dollar+General%2C1465+Quacco+Rd%2CPooler+GA+31322&amp;zoom=15&amp;size=730x600&amp;markers=icon%3Ahttps%3A%2F%2Fwww.dollargeneral.com%2Fetc.clientlibs%2Fdollargeneral%2Fclientlibs%2Fclientlib-site%2Fresources%2Fimages%2Fstatic-map-pin.png%7C32.054578%2C-81.268273&amp;key=AIzaSyDi0nb6nKeHaDJWFtAvbAIPKBrUuAc_mTY&amp;signature=W3yTW4aqAme-Thp1A1eHaqXOSR4="" alt=""Google map showing the dropped pin on Dollar General,1465 Quacco Rd,Pooler GA 31322"">",1465 Quacco Rd,"Pooler, GA 31322","<div class=""store-details__main-travel"" data-latitude=""32.054578"" data-longitude=""-81.268273"">
        <div class=""store-details__main-distance""></div>
        <a class=""store-details__main-directions"" href=""javascript:void(0);"" target=""_blank""></a>
    </div>",(912) 988-8285
"<img class=""store-details__map-image"" src=""https://maps.googleapis.com/maps/api/staticmap?center=Dollar+General%2C511+Highway+80+W%2CPooler+GA+31322-2103&amp;zoom=15&amp;size=730x600&amp;markers=icon%3Ahttps%3A%2F%2Fwww.dollargeneral.com%2Fetc.clientlibs%2Fdollargeneral%2Fclientlibs%2Fclientlib-site%2Fresources%2Fimages%2Fstatic-map-pin.png%7C32.118214%2C-81.25722&amp;key=AIzaSyDi0nb6nKeHaDJWFtAvbAIPKBrUuAc_mTY&amp;signature=boCKEIe5fz7l_QAzDvfokrVFUnE="" alt=""Google map showing the dropped pin on Dollar General,511 Highway 80 W,Pooler GA 31322-2103"">",511 Highway 80 W,"Pooler, GA 31322-2103","<div class=""store-details__main-travel"" data-latitude=""32.118214"" data-longitude=""-81.25722"">
        <div class=""store-details__main-distance""></div>
        <a class=""store-details__main-directions"" href=""javascript:void(0);"" target=""_blank""></a>
    </div>",(912) 348-0400
"<img class=""store-details__map-image"" src=""https://maps.googleapis.com/maps/api/staticmap?center=Dollar+General%2C802+Crossgate+Rd%2CPort+Wentworth+GA+31407&amp;zoom=15&amp;size=730x600&amp;markers=icon%3Ahttps%3A%2F%2Fwww.dollargeneral.com%2Fetc.clientlibs%2Fdollargeneral%2Fclientlibs%2Fclientlib-site%2Fresources%2Fimages%2Fstatic-map-pin.png%7C32.1492%2C-81.1635&amp;key=AIzaSyDi0nb6nKeHaDJWFtAvbAIPKBrUuAc_mTY&amp;signature=_sObHzvLm06Yu2VgzS57bKopdew="" alt=""Google map showing the dropped pin on Dollar General,802 Crossgate Rd,Port Wentworth GA 31407"">",802 Crossgate Rd,"Port Wentworth, GA 31407","<div class=""store-details__main-travel"" data-latitude=""32.1492"" data-longitude=""-81.1635"" style=""display: none;"">
        <div class=""store-details__main-distance""></div>
        <a class=""store-details__main-directions"" href=""javascript:void(0);"" target=""_blank""></a>
    </div>",(912) 446-4640
"<img class=""store-details__map-image"" src=""https://maps.googleapis.com/maps/api/staticmap?center=Dollar+General%2C101+Bayberry+Ct%2CPort+Wentworth+GA+31407-0001&amp;zoom=15&amp;size=730x600&amp;markers=icon%3Ahttps%3A%2F%2Fwww.dollargeneral.com%2Fetc.clientlibs%2Fdollargeneral%2Fclientlibs%2Fclientlib-site%2Fresources%2Fimages%2Fstatic-map-pin.png%7C32.212891%2C-81.199196&amp;key=AIzaSyDi0nb6nKeHaDJWFtAvbAIPKBrUuAc_mTY&amp;signature=6COrciB2Qz9FTMRJA9MrU8F5-_Q="" alt=""Google map showing the dropped pin on Dollar General,101 Bayberry Ct,Port Wentworth GA 31407-0001"">",101 Bayberry Ct,"Port Wentworth, GA 31407-0001","<div class=""store-details__main-travel"" data-latitude=""32.212891"" data-longitude=""-81.199196"">
        <div class=""store-details__main-distance""></div>
        <a class=""store-details__main-directions"" href=""javascript:void(0);"" target=""_blank""></a>
    </div>",(912) 231-5633
"<img class=""store-details__map-image"" src=""https://maps.googleapis.com/maps/api/staticmap?center=Dollar+General%2C27095+Highway+80+W%2CPortal+GA+30450-5265&amp;zoom=15&amp;size=730x600&amp;markers=icon%3Ahttps%3A%2F%2Fwww.dollargeneral.com%2Fetc.clientlibs%2Fdollargeneral%2Fclientlibs%2Fclientlib-site%2Fresources%2Fimages%2Fstatic-map-pin.png%7C32.531586%2C-81.924338&amp;key=AIzaSyDi0nb6nKeHaDJWFtAvbAIPKBrUuAc_mTY&amp;signature=yNhnFwQaYeXQiZbHt0f-Q8duP44="" alt=""Google map showing the dropped pin on Dollar General,27095 Highway 80 W,Portal GA 30450-5265"">",27095 Highway 80 W,"Portal, GA 30450-5265","<div class=""store-details__main-travel"" data-latitude=""32.531586"" data-longitude=""-81.924338"">
        <div class=""store-details__main-distance""></div>
        <a class=""store-details__main-directions"" href=""javascript:void(0);"" target=""_blank""></a>
    </div>",(912) 290-2726
"<img class=""store-details__map-image"" src=""https://maps.googleapis.com/maps/api/staticmap?center=Dollar+General%2C4110+Austell+Powder+Sping+Ste%2CPowder+Springs+GA+30127-2926&amp;zoom=15&amp;size=730x600&amp;markers=icon%3Ahttps%3A%2F%2Fwww.dollargeneral.com%2Fetc.clientlibs%2Fdollargeneral%2Fclientlibs%2Fclientlib-site%2Fresources%2Fimages%2Fstatic-map-pin.png%7C33.853502%2C-84.670121&amp;key=AIzaSyDi0nb6nKeHaDJWFtAvbAIPKBrUuAc_mTY&amp;signature=fuamnQGcBwMVE2PtksTeyJQvKSY="" alt=""Google map showing the dropped pin on Dollar General,4110 Austell Powder Sping Ste,Powder Springs GA 30127-2926"">",4110 Austell Powder Sping Ste,"Powder Springs, GA 30127-2926","<div class=""store-details__main-travel"" data-latitude=""33.853502"" data-longitude=""-84.670121"" style=""display: none;"">
        <div class=""store-details__main-distance""></div>
        <a class=""store-details__main-directions"" href=""javascript:void(0);"" target=""_blank""></a>
    </div>",(470) 632-2255
"<img class=""store-details__map-image"" src=""https://maps.googleapis.com/maps/api/staticmap?center=Dollar+General%2C6391+Hiram+Douglasville+H%2CPowder+Springs+GA+30127-6894&amp;zoom=15&amp;size=730x600&amp;markers=icon%3Ahttps%3A%2F%2Fwww.dollargeneral.com%2Fetc.clientlibs%2Fdollargeneral%2Fclientlibs%2Fclientlib-site%2Fresources%2Fimages%2Fstatic-map-pin.png%7C33.7997%2C-84.7575&amp;key=AIzaSyDi0nb6nKeHaDJWFtAvbAIPKBrUuAc_mTY&amp;signature=SSkMXs3ztii_v22MN_tTQGUqTBQ="" alt=""Google map showing the dropped pin on Dollar General,6391 Hiram Douglasville H,Powder Springs GA 30127-6894"">",6391 Hiram Douglasville H,"Powder Springs, GA 30127-6894","<div class=""store-details__main-travel"" data-latitude=""33.7997"" data-longitude=""-84.7575"">
        <div class=""store-details__main-distance""></div>
        <a class=""store-details__main-directions"" href=""javascript:void(0);"" target=""_blank""></a>
    </div>",(470) 632-3045
"<img class=""store-details__map-image"" src=""https://maps.googleapis.com/maps/api/staticmap?center=Dollar+General%2C4511+Brownsville+Rd%2CPowder+Springs+GA+30127&amp;zoom=15&amp;size=730x600&amp;markers=icon%3Ahttps%3A%2F%2Fwww.dollargeneral.com%2Fetc.clientlibs%2Fdollargeneral%2Fclientlibs%2Fclientlib-site%2Fresources%2Fimages%2Fstatic-map-pin.png%7C33.8436%2C-84.6992&amp;key=AIzaSyDi0nb6nKeHaDJWFtAvbAIPKBrUuAc_mTY&amp;signature=q53zJuaJdhjXp9KtMZ77dTFN5Pk="" alt=""Google map showing the dropped pin on Dollar General,4511 Brownsville Rd,Powder Springs GA 30127"">",4511 Brownsville Rd,"Powder Springs, GA 30127","<div class=""store-details__main-travel"" data-latitude=""33.8436"" data-longitude=""-84.6992"">
        <div class=""store-details__main-distance""></div>
        <a class=""store-details__main-directions"" href=""javascript:void(0);"" target=""_blank""></a>
    </div>",(470) 648-0960
"<img class=""store-details__map-image"" src=""https://maps.googleapis.com/maps/api/staticmap?center=Dollar+General%2C6239+Hamilton+St%2CPreston+GA+31824&amp;zoom=15&amp;size=730x600&amp;markers=icon%3Ahttps%3A%2F%2Fwww.dollargeneral.com%2Fetc.clientlibs%2Fdollargeneral%2Fclientlibs%2Fclientlib-site%2Fresources%2Fimages%2Fstatic-map-pin.png%7C32.0657%2C-84.5358&amp;key=AIzaSyDi0nb6nKeHaDJWFtAvbAIPKBrUuAc_mTY&amp;signature=Ez20qB1lhG97QTGGYHI9pB97-NE="" alt=""Google map showing the dropped pin on Dollar General,6239 Hamilton St,Preston GA 31824"">",6239 Hamilton St,"Preston, GA 31824","<div class=""store-details__main-travel"" data-latitude=""32.0657"" data-longitude=""-84.5358"">
        <div class=""store-details__main-distance""></div>
        <a class=""store-details__main-directions"" href=""javascript:void(0);"" target=""_blank""></a>
    </div>",(229) 384-6303
"<img class=""store-details__map-image"" src=""https://maps.googleapis.com/maps/api/staticmap?center=Dollar+General%2C1301+W+Screven+St%2CQuitman+GA+31643-1819&amp;zoom=15&amp;size=730x600&amp;markers=icon%3Ahttps%3A%2F%2Fwww.dollargeneral.com%2Fetc.clientlibs%2Fdollargeneral%2Fclientlibs%2Fclientlib-site%2Fresources%2Fimages%2Fstatic-map-pin.png%7C30.785774%2C-83.572379&amp;key=AIzaSyDi0nb6nKeHaDJWFtAvbAIPKBrUuAc_mTY&amp;signature=g6O3qNd_H3XnLLDupgwb3075n9w="" alt=""Google map showing the dropped pin on Dollar General,1301 W Screven St,Quitman GA 31643-1819"">",1301 W Screven St,"Quitman, GA 31643-1819","<div class=""store-details__main-travel"" data-latitude=""30.785774"" data-longitude=""-83.572379"">
        <div class=""store-details__main-distance""></div>
        <a class=""store-details__main-directions"" href=""javascript:void(0);"" target=""_blank""></a>
    </div>",(912) 387-4267
"<img class=""store-details__map-image"" src=""https://maps.googleapis.com/maps/api/staticmap?center=Dollar+General%2C1107+E+Screvan+St%2CQuitman+GA+31643&amp;zoom=15&amp;size=730x600&amp;markers=icon%3Ahttps%3A%2F%2Fwww.dollargeneral.com%2Fetc.clientlibs%2Fdollargeneral%2Fclientlibs%2Fclientlib-site%2Fresources%2Fimages%2Fstatic-map-pin.png%7C30.7843%2C-83.549&amp;key=AIzaSyDi0nb6nKeHaDJWFtAvbAIPKBrUuAc_mTY&amp;signature=y3RF0gAlHBCLNs-M3frwEy4Qvp4="" alt=""Google map showing the dropped pin on Dollar General,1107 E Screvan St,Quitman GA 31643"">",1107 E Screvan St,"Quitman, GA 31643","<div class=""store-details__main-travel"" data-latitude=""30.7843"" data-longitude=""-83.549"" style=""display: none;"">
        <div class=""store-details__main-distance""></div>
        <a class=""store-details__main-directions"" href=""javascript:void(0);"" target=""_blank""></a>
    </div>",(229) 266-2139
"<img class=""store-details__map-image"" src=""https://maps.googleapis.com/maps/api/staticmap?center=Dollar+General%2C1130+Us+Highway+411+Ne%2CRanger+GA+30734&amp;zoom=15&amp;size=730x600&amp;markers=icon%3Ahttps%3A%2F%2Fwww.dollargeneral.com%2Fetc.clientlibs%2Fdollargeneral%2Fclientlibs%2Fclientlib-site%2Fresources%2Fimages%2Fstatic-map-pin.png%7C34.5292%2C-84.7068&amp;key=AIzaSyDi0nb6nKeHaDJWFtAvbAIPKBrUuAc_mTY&amp;signature=1bwkiix42sA4mirmJ3KINM2Kc_M="" alt=""Google map showing the dropped pin on Dollar General,1130 Us Highway 411 Ne,Ranger GA 30734"">",1130 Us Highway 411 Ne,"Ranger, GA 30734","<div class=""store-details__main-travel"" data-latitude=""34.5292"" data-longitude=""-84.7068"">
        <div class=""store-details__main-distance""></div>
        <a class=""store-details__main-directions"" href=""javascript:void(0);"" target=""_blank""></a>
    </div>",(762) 354-0021
"<img class=""store-details__map-image"" src=""https://maps.googleapis.com/maps/api/staticmap?center=Dollar+General%2C8025+Main+St%2CRay+City+GA+31645-0000&amp;zoom=15&amp;size=730x600&amp;markers=icon%3Ahttps%3A%2F%2Fwww.dollargeneral.com%2Fetc.clientlibs%2Fdollargeneral%2Fclientlibs%2Fclientlib-site%2Fresources%2Fimages%2Fstatic-map-pin.png%7C31.0749%2C-83.19933&amp;key=AIzaSyDi0nb6nKeHaDJWFtAvbAIPKBrUuAc_mTY&amp;signature=qERKWOOPnExnlqN_t-hvZTPaWsE="" alt=""Google map showing the dropped pin on Dollar General,8025 Main St,Ray City GA 31645-0000"">",8025 Main St,"Ray City, GA 31645-0000","<div class=""store-details__main-travel"" data-latitude=""31.0749"" data-longitude=""-83.19933"">
        <div class=""store-details__main-distance""></div>
        <a class=""store-details__main-directions"" href=""javascript:void(0);"" target=""_blank""></a>
    </div>",(912) 715-4050
"<img class=""store-details__map-image"" src=""https://maps.googleapis.com/maps/api/staticmap?center=Dollar+General%2C4953+Lexington+Rd%2CRayle+GA+30660&amp;zoom=15&amp;size=730x600&amp;markers=icon%3Ahttps%3A%2F%2Fwww.dollargeneral.com%2Fetc.clientlibs%2Fdollargeneral%2Fclientlibs%2Fclientlib-site%2Fresources%2Fimages%2Fstatic-map-pin.png%7C33.7897%2C-82.8989&amp;key=AIzaSyDi0nb6nKeHaDJWFtAvbAIPKBrUuAc_mTY&amp;signature=_89Aq6fTHETLMNG-cccTI2Ab4qE="" alt=""Google map showing the dropped pin on Dollar General,4953 Lexington Rd,Rayle GA 30660"">",4953 Lexington Rd,"Rayle, GA 30660","<div class=""store-details__main-travel"" data-latitude=""33.7897"" data-longitude=""-82.8989"">
        <div class=""store-details__main-distance""></div>
        <a class=""store-details__main-directions"" href=""javascript:void(0);"" target=""_blank""></a>
    </div>",(706) 352-9985
"<img class=""store-details__map-image"" src=""https://maps.googleapis.com/maps/api/staticmap?center=Dollar+General%2C102+E+Brazwell+St%2CReidsville+GA+30453-1877&amp;zoom=15&amp;size=730x600&amp;markers=icon%3Ahttps%3A%2F%2Fwww.dollargeneral.com%2Fetc.clientlibs%2Fdollargeneral%2Fclientlibs%2Fclientlib-site%2Fresources%2Fimages%2Fstatic-map-pin.png%7C32.0872%2C-82.1168&amp;key=AIzaSyDi0nb6nKeHaDJWFtAvbAIPKBrUuAc_mTY&amp;signature=FaGipyi4jfVP6T40r_IFoWaqvKk="" alt=""Google map showing the dropped pin on Dollar General,102 E Brazwell St,Reidsville GA 30453-1877"">",102 E Brazwell St,"Reidsville, GA 30453-1877","<div class=""store-details__main-travel"" data-latitude=""32.0872"" data-longitude=""-82.1168"">
        <div class=""store-details__main-distance""></div>
        <a class=""store-details__main-directions"" href=""javascript:void(0);"" target=""_blank""></a>
    </div>",(912) 549-3049
"<img class=""store-details__map-image"" src=""https://maps.googleapis.com/maps/api/staticmap?center=Dollar+General%2C228+S+Main+St%2CReidsville+GA+30453-4602&amp;zoom=15&amp;size=730x600&amp;markers=icon%3Ahttps%3A%2F%2Fwww.dollargeneral.com%2Fetc.clientlibs%2Fdollargeneral%2Fclientlibs%2Fclientlib-site%2Fresources%2Fimages%2Fstatic-map-pin.png%7C32.0799%2C-82.1106&amp;key=AIzaSyDi0nb6nKeHaDJWFtAvbAIPKBrUuAc_mTY&amp;signature=rueJZTug2xfuQ9qYUWxhxx1Xz7s="" alt=""Google map showing the dropped pin on Dollar General,228 S Main St,Reidsville GA 30453-4602"">",228 S Main St,"Reidsville, GA 30453-4602","<div class=""store-details__main-travel"" data-latitude=""32.0799"" data-longitude=""-82.1106"">
        <div class=""store-details__main-distance""></div>
        <a class=""store-details__main-directions"" href=""javascript:void(0);"" target=""_blank""></a>
    </div>",(706) 901-7203
"<img class=""store-details__map-image"" src=""https://maps.googleapis.com/maps/api/staticmap?center=Dollar+General%2C2213+Ga+Highway+117%2CRentz+GA+31075-3467&amp;zoom=15&amp;size=730x600&amp;markers=icon%3Ahttps%3A%2F%2Fwww.dollargeneral.com%2Fetc.clientlibs%2Fdollargeneral%2Fclientlibs%2Fclientlib-site%2Fresources%2Fimages%2Fstatic-map-pin.png%7C32.3754%2C-82.9952&amp;key=AIzaSyDi0nb6nKeHaDJWFtAvbAIPKBrUuAc_mTY&amp;signature=qWS194jld1cbLN9VDQwJcsAmVVQ="" alt=""Google map showing the dropped pin on Dollar General,2213 Ga Highway 117,Rentz GA 31075-3467"">",2213 Ga Highway 117,"Rentz, GA 31075-3467","<div class=""store-details__main-travel"" data-latitude=""32.3754"" data-longitude=""-82.9952"">
        <div class=""store-details__main-distance""></div>
        <a class=""store-details__main-directions"" href=""javascript:void(0);"" target=""_blank""></a>
    </div>",(478) 324-1120
"<img class=""store-details__map-image"" src=""https://maps.googleapis.com/maps/api/staticmap?center=Dollar+General%2C3094+Nicklesville+Rd%2CResaca+GA+30735-6469&amp;zoom=15&amp;size=730x600&amp;markers=icon%3Ahttps%3A%2F%2Fwww.dollargeneral.com%2Fetc.clientlibs%2Fdollargeneral%2Fclientlibs%2Fclientlib-site%2Fresources%2Fimages%2Fstatic-map-pin.png%7C34.6021%2C-84.8673&amp;key=AIzaSyDi0nb6nKeHaDJWFtAvbAIPKBrUuAc_mTY&amp;signature=1vW_91e9owkkWRzqqDQvAirQpKE="" alt=""Google map showing the dropped pin on Dollar General,3094 Nicklesville Rd,Resaca GA 30735-6469"">",3094 Nicklesville Rd,"Resaca, GA 30735-6469","<div class=""store-details__main-travel"" data-latitude=""34.6021"" data-longitude=""-84.8673"">
        <div class=""store-details__main-distance""></div>
        <a class=""store-details__main-directions"" href=""javascript:void(0);"" target=""_blank""></a>
    </div>",(740) 857-5350
"<img class=""store-details__map-image"" src=""https://maps.googleapis.com/maps/api/staticmap?center=Dollar+General%2C6456+Highway+42%2CRex+GA+30273-1728&amp;zoom=15&amp;size=730x600&amp;markers=icon%3Ahttps%3A%2F%2Fwww.dollargeneral.com%2Fetc.clientlibs%2Fdollargeneral%2Fclientlibs%2Fclientlib-site%2Fresources%2Fimages%2Fstatic-map-pin.png%7C33.5779%2C-84.2817&amp;key=AIzaSyDi0nb6nKeHaDJWFtAvbAIPKBrUuAc_mTY&amp;signature=GgbEcwyuCcSL9pM5PlKhzzrlv2o="" alt=""Google map showing the dropped pin on Dollar General,6456 Highway 42,Rex GA 30273-1728"">",6456 Highway 42,"Rex, GA 30273-1728","<div class=""store-details__main-travel"" data-latitude=""33.5779"" data-longitude=""-84.2817"">
        <div class=""store-details__main-distance""></div>
        <a class=""store-details__main-directions"" href=""javascript:void(0);"" target=""_blank""></a>
    </div>",(470) 317-6155
"<img class=""store-details__map-image"" src=""https://maps.googleapis.com/maps/api/staticmap?center=Dollar+General%2C30+W+Marion+St%2CReynolds+GA+31076-2806&amp;zoom=15&amp;size=730x600&amp;markers=icon%3Ahttps%3A%2F%2Fwww.dollargeneral.com%2Fetc.clientlibs%2Fdollargeneral%2Fclientlibs%2Fclientlib-site%2Fresources%2Fimages%2Fstatic-map-pin.png%7C32.56%2C-84.0995&amp;key=AIzaSyDi0nb6nKeHaDJWFtAvbAIPKBrUuAc_mTY&amp;signature=SWrMgSbL2Ws1XUnGfJdf75mT3Yw="" alt=""Google map showing the dropped pin on Dollar General,30 W Marion St,Reynolds GA 31076-2806"">",30 W Marion St,"Reynolds, GA 31076-2806","<div class=""store-details__main-travel"" data-latitude=""32.56"" data-longitude=""-84.0995"" style=""display: none;"">
        <div class=""store-details__main-distance""></div>
        <a class=""store-details__main-directions"" href=""javascript:void(0);"" target=""_blank""></a>
    </div>",(478) 207-5230
"<img class=""store-details__map-image"" src=""https://maps.googleapis.com/maps/api/staticmap?center=Dollar+General%2C4507+S+Coastal+Hwy%2CRiceboro+GA+31323-3402&amp;zoom=15&amp;size=730x600&amp;markers=icon%3Ahttps%3A%2F%2Fwww.dollargeneral.com%2Fetc.clientlibs%2Fdollargeneral%2Fclientlibs%2Fclientlib-site%2Fresources%2Fimages%2Fstatic-map-pin.png%7C31.7406%2C-81.4387&amp;key=AIzaSyDi0nb6nKeHaDJWFtAvbAIPKBrUuAc_mTY&amp;signature=IDsRN-q6aBFdB-LhPJ0aoeo_SCc="" alt=""Google map showing the dropped pin on Dollar General,4507 S Coastal Hwy,Riceboro GA 31323-3402"">",4507 S Coastal Hwy,"Riceboro, GA 31323-3402","<div class=""store-details__main-travel"" data-latitude=""31.7406"" data-longitude=""-81.4387"">
        <div class=""store-details__main-distance""></div>
        <a class=""store-details__main-directions"" href=""javascript:void(0);"" target=""_blank""></a>
    </div>",(912) 581-4895
"<img class=""store-details__map-image"" src=""https://maps.googleapis.com/maps/api/staticmap?center=Dollar+General%2C626+Nicholson+St%2CRichland+GA+31825-1322&amp;zoom=15&amp;size=730x600&amp;markers=icon%3Ahttps%3A%2F%2Fwww.dollargeneral.com%2Fetc.clientlibs%2Fdollargeneral%2Fclientlibs%2Fclientlib-site%2Fresources%2Fimages%2Fstatic-map-pin.png%7C32.08771%2C-84.67373&amp;key=AIzaSyDi0nb6nKeHaDJWFtAvbAIPKBrUuAc_mTY&amp;signature=Sa57pYMtpssYS-7NdK_b-NdpYCw="" alt=""Google map showing the dropped pin on Dollar General,626 Nicholson St,Richland GA 31825-1322"">",626 Nicholson St,"Richland, GA 31825-1322","<div class=""store-details__main-travel"" data-latitude=""32.08771"" data-longitude=""-84.67373"">
        <div class=""store-details__main-distance""></div>
        <a class=""store-details__main-directions"" href=""javascript:void(0);"" target=""_blank""></a>
    </div>",(706) 989-5219
"<img class=""store-details__map-image"" src=""https://maps.googleapis.com/maps/api/staticmap?center=Dollar+General%2C28+Wise+Court%2CRichmond+Hill+GA+31324&amp;zoom=15&amp;size=730x600&amp;markers=icon%3Ahttps%3A%2F%2Fwww.dollargeneral.com%2Fetc.clientlibs%2Fdollargeneral%2Fclientlibs%2Fclientlib-site%2Fresources%2Fimages%2Fstatic-map-pin.png%7C31.9218%2C-81.33978&amp;key=AIzaSyDi0nb6nKeHaDJWFtAvbAIPKBrUuAc_mTY&amp;signature=7TuS89Ub_OnbYOe2ZiwsC7UClxM="" alt=""Google map showing the dropped pin on Dollar General,28 Wise Court,Richmond Hill GA 31324"">",28 Wise Court,"Richmond Hill, GA 31324","<div class=""store-details__main-travel"" data-latitude=""31.9218"" data-longitude=""-81.33978"">
        <div class=""store-details__main-distance""></div>
        <a class=""store-details__main-directions"" href=""javascript:void(0);"" target=""_blank""></a>
    </div>",(912) 348-1114
"<img class=""store-details__map-image"" src=""https://maps.googleapis.com/maps/api/staticmap?center=Dollar+General%2C37+Mulberry+Commercial+Pa%2CRichmond+Hill+GA+31324-3303&amp;zoom=15&amp;size=730x600&amp;markers=icon%3Ahttps%3A%2F%2Fwww.dollargeneral.com%2Fetc.clientlibs%2Fdollargeneral%2Fclientlibs%2Fclientlib-site%2Fresources%2Fimages%2Fstatic-map-pin.png%7C31.9528%2C-81.3086&amp;key=AIzaSyDi0nb6nKeHaDJWFtAvbAIPKBrUuAc_mTY&amp;signature=FIY8u5FxP3lQoAh8zzvIVY4_DAE="" alt=""Google map showing the dropped pin on Dollar General,37 Mulberry Commercial Pa,Richmond Hill GA 31324-3303"">",37 Mulberry Commercial Pa,"Richmond Hill, GA 31324-3303","<div class=""store-details__main-travel"" data-latitude=""31.9528"" data-longitude=""-81.3086"">
        <div class=""store-details__main-distance""></div>
        <a class=""store-details__main-directions"" href=""javascript:void(0);"" target=""_blank""></a>
    </div>",(912) 330-2175
"<img class=""store-details__map-image"" src=""https://maps.googleapis.com/maps/api/staticmap?center=Dollar+General%2C1345+Fort+Howard+Rd%2CRincon+GA+31326&amp;zoom=15&amp;size=730x600&amp;markers=icon%3Ahttps%3A%2F%2Fwww.dollargeneral.com%2Fetc.clientlibs%2Fdollargeneral%2Fclientlibs%2Fclientlib-site%2Fresources%2Fimages%2Fstatic-map-pin.png%7C32.3033%2C-81.1952&amp;key=AIzaSyDi0nb6nKeHaDJWFtAvbAIPKBrUuAc_mTY&amp;signature=JvG5iJwFUUL0dWw9cqUeT1tZNbQ="" alt=""Google map showing the dropped pin on Dollar General,1345 Fort Howard Rd,Rincon GA 31326"">",1345 Fort Howard Rd,"Rincon, GA 31326","<div class=""store-details__main-travel"" data-latitude=""32.3033"" data-longitude=""-81.1952"" style=""display: none;"">
        <div class=""store-details__main-distance""></div>
        <a class=""store-details__main-directions"" href=""javascript:void(0);"" target=""_blank""></a>
    </div>",(912) 330-1642
"<img class=""store-details__map-image"" src=""https://maps.googleapis.com/maps/api/staticmap?center=Dollar+General%2C5487+Mccall+Rd%2CRincon+GA+31326-3922&amp;zoom=15&amp;size=730x600&amp;markers=icon%3Ahttps%3A%2F%2Fwww.dollargeneral.com%2Fetc.clientlibs%2Fdollargeneral%2Fclientlibs%2Fclientlib-site%2Fresources%2Fimages%2Fstatic-map-pin.png%7C32.2551%2C-81.21989&amp;key=AIzaSyDi0nb6nKeHaDJWFtAvbAIPKBrUuAc_mTY&amp;signature=ZaCPfJZmd1al7CPGd4oO_EWsn8A="" alt=""Google map showing the dropped pin on Dollar General,5487 Mccall Rd,Rincon GA 31326-3922"">",5487 Mccall Rd,"Rincon, GA 31326-3922","<div class=""store-details__main-travel"" data-latitude=""32.2551"" data-longitude=""-81.21989"">
        <div class=""store-details__main-distance""></div>
        <a class=""store-details__main-directions"" href=""javascript:void(0);"" target=""_blank""></a>
    </div>",(912) 421-8010
"<img class=""store-details__map-image"" src=""https://maps.googleapis.com/maps/api/staticmap?center=Dollar+General%2C114+S+Columbia+Ave%2CRincon+GA+31326-1797&amp;zoom=15&amp;size=730x600&amp;markers=icon%3Ahttps%3A%2F%2Fwww.dollargeneral.com%2Fetc.clientlibs%2Fdollargeneral%2Fclientlibs%2Fclientlib-site%2Fresources%2Fimages%2Fstatic-map-pin.png%7C32.289138%2C-81.233712&amp;key=AIzaSyDi0nb6nKeHaDJWFtAvbAIPKBrUuAc_mTY&amp;signature=I_mC4Q8aTYVQfEmZ9tZUdiNq0eI="" alt=""Google map showing the dropped pin on Dollar General,114 S Columbia Ave,Rincon GA 31326-1797"">",114 S Columbia Ave,"Rincon, GA 31326-1797","<div class=""store-details__main-travel"" data-latitude=""32.289138"" data-longitude=""-81.233712"">
        <div class=""store-details__main-distance""></div>
        <a class=""store-details__main-directions"" href=""javascript:void(0);"" target=""_blank""></a>
    </div>",(912) 250-4120
"<img class=""store-details__map-image"" src=""https://maps.googleapis.com/maps/api/staticmap?center=Dollar+General%2C7449+Nashville+St%2CRinggold+GA+30736-2643&amp;zoom=15&amp;size=730x600&amp;markers=icon%3Ahttps%3A%2F%2Fwww.dollargeneral.com%2Fetc.clientlibs%2Fdollargeneral%2Fclientlibs%2Fclientlib-site%2Fresources%2Fimages%2Fstatic-map-pin.png%7C34.9178%2C-85.1144&amp;key=AIzaSyDi0nb6nKeHaDJWFtAvbAIPKBrUuAc_mTY&amp;signature=rtNJxSc7jpWgSBYv2jeGHIN0I7c="" alt=""Google map showing the dropped pin on Dollar General,7449 Nashville St,Ringgold GA 30736-2643"">",7449 Nashville St,"Ringgold, GA 30736-2643","<div class=""store-details__main-travel"" data-latitude=""34.9178"" data-longitude=""-85.1144"">
        <div class=""store-details__main-distance""></div>
        <a class=""store-details__main-directions"" href=""javascript:void(0);"" target=""_blank""></a>
    </div>",(423) 443-3018
"<img class=""store-details__map-image"" src=""https://maps.googleapis.com/maps/api/staticmap?center=Dollar+General%2C2410+Highway+41%2CRinggold+GA+30736-6140&amp;zoom=15&amp;size=730x600&amp;markers=icon%3Ahttps%3A%2F%2Fwww.dollargeneral.com%2Fetc.clientlibs%2Fdollargeneral%2Fclientlibs%2Fclientlib-site%2Fresources%2Fimages%2Fstatic-map-pin.png%7C34.960493%2C-85.168002&amp;key=AIzaSyDi0nb6nKeHaDJWFtAvbAIPKBrUuAc_mTY&amp;signature=zUfh8CWYvmTzUktauOfsjSYIVcE="" alt=""Google map showing the dropped pin on Dollar General,2410 Highway 41,Ringgold GA 30736-6140"">",2410 Highway 41,"Ringgold, GA 30736-6140","<div class=""store-details__main-travel"" data-latitude=""34.960493"" data-longitude=""-85.168002"" style=""display: none;"">
        <div class=""store-details__main-distance""></div>
        <a class=""store-details__main-directions"" href=""javascript:void(0);"" target=""_blank""></a>
    </div>",(470) 819-3990
"<img class=""store-details__map-image"" src=""https://maps.googleapis.com/maps/api/staticmap?center=Dollar+General%2C8532+Alabama+Hwy%2CRinggold+GA+30736-7531&amp;zoom=15&amp;size=730x600&amp;markers=icon%3Ahttps%3A%2F%2Fwww.dollargeneral.com%2Fetc.clientlibs%2Fdollargeneral%2Fclientlibs%2Fclientlib-site%2Fresources%2Fimages%2Fstatic-map-pin.png%7C34.868869%2C-85.143257&amp;key=AIzaSyDi0nb6nKeHaDJWFtAvbAIPKBrUuAc_mTY&amp;signature=Og7CR330F3gjlCQyJlO0wxBDTA0="" alt=""Google map showing the dropped pin on Dollar General,8532 Alabama Hwy,Ringgold GA 30736-7531"">",8532 Alabama Hwy,"Ringgold, GA 30736-7531","<div class=""store-details__main-travel"" data-latitude=""34.868869"" data-longitude=""-85.143257"">
        <div class=""store-details__main-distance""></div>
        <a class=""store-details__main-directions"" href=""javascript:void(0);"" target=""_blank""></a>
    </div>",(706) 609-5460
"<img class=""store-details__map-image"" src=""https://maps.googleapis.com/maps/api/staticmap?center=Dollar+General%2C70+Deer+Head+Cove+Rd%2CRising+Fawn+GA+30738-4810&amp;zoom=15&amp;size=730x600&amp;markers=icon%3Ahttps%3A%2F%2Fwww.dollargeneral.com%2Fetc.clientlibs%2Fdollargeneral%2Fclientlibs%2Fclientlib-site%2Fresources%2Fimages%2Fstatic-map-pin.png%7C34.7729%2C-85.5374&amp;key=AIzaSyDi0nb6nKeHaDJWFtAvbAIPKBrUuAc_mTY&amp;signature=VJx4vVeUI04PALnGegFxSeL_Y3o="" alt=""Google map showing the dropped pin on Dollar General,70 Deer Head Cove Rd,Rising Fawn GA 30738-4810"">",70 Deer Head Cove Rd,"Rising Fawn, GA 30738-4810","<div class=""store-details__main-travel"" data-latitude=""34.7729"" data-longitude=""-85.5374"" style=""display: none;"">
        <div class=""store-details__main-distance""></div>
        <a class=""store-details__main-directions"" href=""javascript:void(0);"" target=""_blank""></a>
    </div>",(470) 394-0612
"<img class=""store-details__map-image"" src=""https://maps.googleapis.com/maps/api/staticmap?center=Dollar+General%2C45+Scenic+Hwy%2CRising+Fawn+GA+30738-4337&amp;zoom=15&amp;size=730x600&amp;markers=icon%3Ahttps%3A%2F%2Fwww.dollargeneral.com%2Fetc.clientlibs%2Fdollargeneral%2Fclientlibs%2Fclientlib-site%2Fresources%2Fimages%2Fstatic-map-pin.png%7C34.8093%2C-85.4756&amp;key=AIzaSyDi0nb6nKeHaDJWFtAvbAIPKBrUuAc_mTY&amp;signature=5bC2x-vgjcSTBgY6RDSA7NmS-as="" alt=""Google map showing the dropped pin on Dollar General,45 Scenic Hwy,Rising Fawn GA 30738-4337"">",45 Scenic Hwy,"Rising Fawn, GA 30738-4337","<div class=""store-details__main-travel"" data-latitude=""34.8093"" data-longitude=""-85.4756"">
        <div class=""store-details__main-distance""></div>
        <a class=""store-details__main-directions"" href=""javascript:void(0);"" target=""_blank""></a>
    </div>",(478) 219-3287
"<img class=""store-details__map-image"" src=""https://maps.googleapis.com/maps/api/staticmap?center=Dollar+General%2C6620+Highway+85%2CRiverdale+GA+30274-2347&amp;zoom=15&amp;size=730x600&amp;markers=icon%3Ahttps%3A%2F%2Fwww.dollargeneral.com%2Fetc.clientlibs%2Fdollargeneral%2Fclientlibs%2Fclientlib-site%2Fresources%2Fimages%2Fstatic-map-pin.png%7C33.573872%2C-84.411152&amp;key=AIzaSyDi0nb6nKeHaDJWFtAvbAIPKBrUuAc_mTY&amp;signature=YGZDKtEv4T3tasJg_tJVEVFQeRo="" alt=""Google map showing the dropped pin on Dollar General,6620 Highway 85,Riverdale GA 30274-2347"">",6620 Highway 85,"Riverdale, GA 30274-2347","<div class=""store-details__main-travel"" data-latitude=""33.573872"" data-longitude=""-84.411152"">
        <div class=""store-details__main-distance""></div>
        <a class=""store-details__main-directions"" href=""javascript:void(0);"" target=""_blank""></a>
    </div>",(470) 317-2427
"<img class=""store-details__map-image"" src=""https://maps.googleapis.com/maps/api/staticmap?center=Dollar+General%2C286+Highway+138+Sw%2CRiverdale+GA+30274-4010&amp;zoom=15&amp;size=730x600&amp;markers=icon%3Ahttps%3A%2F%2Fwww.dollargeneral.com%2Fetc.clientlibs%2Fdollargeneral%2Fclientlibs%2Fclientlib-site%2Fresources%2Fimages%2Fstatic-map-pin.png%7C33.541829%2C-84.400813&amp;key=AIzaSyDi0nb6nKeHaDJWFtAvbAIPKBrUuAc_mTY&amp;signature=bfy6lNUc2i23SSBwwxjIXkw0wjs="" alt=""Google map showing the dropped pin on Dollar General,286 Highway 138 Sw,Riverdale GA 30274-4010"">",286 Highway 138 Sw,"Riverdale, GA 30274-4010","<div class=""store-details__main-travel"" data-latitude=""33.541829"" data-longitude=""-84.400813"">
        <div class=""store-details__main-distance""></div>
        <a class=""store-details__main-directions"" href=""javascript:void(0);"" target=""_blank""></a>
    </div>",(470) 781-8142
"<img class=""store-details__map-image"" src=""https://maps.googleapis.com/maps/api/staticmap?center=Dollar+General%2C1705+Highway+138+Sw%2CRiverdale+GA+30296-1921&amp;zoom=15&amp;size=730x600&amp;markers=icon%3Ahttps%3A%2F%2Fwww.dollargeneral.com%2Fetc.clientlibs%2Fdollargeneral%2Fclientlibs%2Fclientlib-site%2Fresources%2Fimages%2Fstatic-map-pin.png%7C33.551%2C-84.4465&amp;key=AIzaSyDi0nb6nKeHaDJWFtAvbAIPKBrUuAc_mTY&amp;signature=Snuoxb6Sc3sAqgoRrTtJeYxON1E="" alt=""Google map showing the dropped pin on Dollar General,1705 Highway 138 Sw,Riverdale GA 30296-1921"">",1705 Highway 138 Sw,"Riverdale, GA 30296-1921","<div class=""store-details__main-travel"" data-latitude=""33.551"" data-longitude=""-84.4465"" style=""display: none;"">
        <div class=""store-details__main-distance""></div>
        <a class=""store-details__main-directions"" href=""javascript:void(0);"" target=""_blank""></a>
    </div>",(470) 491-2503
"<img class=""store-details__map-image"" src=""https://maps.googleapis.com/maps/api/staticmap?center=Dollar+General%2C240+N+Dugger+Ave%2CRoberta+GA+31078-0533&amp;zoom=15&amp;size=730x600&amp;markers=icon%3Ahttps%3A%2F%2Fwww.dollargeneral.com%2Fetc.clientlibs%2Fdollargeneral%2Fclientlibs%2Fclientlib-site%2Fresources%2Fimages%2Fstatic-map-pin.png%7C32.722%2C-84.0131&amp;key=AIzaSyDi0nb6nKeHaDJWFtAvbAIPKBrUuAc_mTY&amp;signature=ZM1KRGSHcSVkch7LNMxJD_k2GlE="" alt=""Google map showing the dropped pin on Dollar General,240 N Dugger Ave,Roberta GA 31078-0533"">",240 N Dugger Ave,"Roberta, GA 31078-0533","<div class=""store-details__main-travel"" data-latitude=""32.722"" data-longitude=""-84.0131"">
        <div class=""store-details__main-distance""></div>
        <a class=""store-details__main-directions"" href=""javascript:void(0);"" target=""_blank""></a>
    </div>",(478) 238-8430
"<img class=""store-details__map-image"" src=""https://maps.googleapis.com/maps/api/staticmap?center=Dollar+General%2C763+Ashley+St%2CRochelle+GA+31079-2503&amp;zoom=15&amp;size=730x600&amp;markers=icon%3Ahttps%3A%2F%2Fwww.dollargeneral.com%2Fetc.clientlibs%2Fdollargeneral%2Fclientlibs%2Fclientlib-site%2Fresources%2Fimages%2Fstatic-map-pin.png%7C31.9488%2C-83.4568&amp;key=AIzaSyDi0nb6nKeHaDJWFtAvbAIPKBrUuAc_mTY&amp;signature=XuAIx0hruLilj5fyBMngFOmkyOU="" alt=""Google map showing the dropped pin on Dollar General,763 Ashley St,Rochelle GA 31079-2503"">",763 Ashley St,"Rochelle, GA 31079-2503","<div class=""store-details__main-travel"" data-latitude=""31.9488"" data-longitude=""-83.4568"">
        <div class=""store-details__main-distance""></div>
        <a class=""store-details__main-directions"" href=""javascript:void(0);"" target=""_blank""></a>
    </div>",(229) 466-0850
"<img class=""store-details__map-image"" src=""https://maps.googleapis.com/maps/api/staticmap?center=Dollar+General%2C115+Kay+Conley+Rd%2CRock+Spring+GA+30739-2172&amp;zoom=15&amp;size=730x600&amp;markers=icon%3Ahttps%3A%2F%2Fwww.dollargeneral.com%2Fetc.clientlibs%2Fdollargeneral%2Fclientlibs%2Fclientlib-site%2Fresources%2Fimages%2Fstatic-map-pin.png%7C34.8249%2C-85.2403&amp;key=AIzaSyDi0nb6nKeHaDJWFtAvbAIPKBrUuAc_mTY&amp;signature=_JiIm6rFdPdmuXRZ5oRQB_m3m5k="" alt=""Google map showing the dropped pin on Dollar General,115 Kay Conley Rd,Rock Spring GA 30739-2172"">",115 Kay Conley Rd,"Rock Spring, GA 30739-2172","<div class=""store-details__main-travel"" data-latitude=""34.8249"" data-longitude=""-85.2403"">
        <div class=""store-details__main-distance""></div>
        <a class=""store-details__main-directions"" href=""javascript:void(0);"" target=""_blank""></a>
    </div>",(470) 867-9092
"<img class=""store-details__map-image"" src=""https://maps.googleapis.com/maps/api/staticmap?center=Dollar+General%2C218+S+Piedmont+Ave%2CRockmart+GA+30153-2630&amp;zoom=15&amp;size=730x600&amp;markers=icon%3Ahttps%3A%2F%2Fwww.dollargeneral.com%2Fetc.clientlibs%2Fdollargeneral%2Fclientlibs%2Fclientlib-site%2Fresources%2Fimages%2Fstatic-map-pin.png%7C33.99555%2C-85.04127&amp;key=AIzaSyDi0nb6nKeHaDJWFtAvbAIPKBrUuAc_mTY&amp;signature=7-uSGxGrcP9_dQxCa_Kmb55PY7A="" alt=""Google map showing the dropped pin on Dollar General,218 S Piedmont Ave,Rockmart GA 30153-2630"">",218 S Piedmont Ave,"Rockmart, GA 30153-2630","<div class=""store-details__main-travel"" data-latitude=""33.99555"" data-longitude=""-85.04127"" style=""display: none;"">
        <div class=""store-details__main-distance""></div>
        <a class=""store-details__main-directions"" href=""javascript:void(0);"" target=""_blank""></a>
    </div>",(470) 598-0044
"<img class=""store-details__map-image"" src=""https://maps.googleapis.com/maps/api/staticmap?center=Dollar+General%2C2044+Cedartown+Highway%2CRockmart+GA+30153-4000&amp;zoom=15&amp;size=730x600&amp;markers=icon%3Ahttps%3A%2F%2Fwww.dollargeneral.com%2Fetc.clientlibs%2Fdollargeneral%2Fclientlibs%2Fclientlib-site%2Fresources%2Fimages%2Fstatic-map-pin.png%7C34.008539%2C-85.098207&amp;key=AIzaSyDi0nb6nKeHaDJWFtAvbAIPKBrUuAc_mTY&amp;signature=moY0iJTc0JvnnrN4uPrz7Ou2sGA="" alt=""Google map showing the dropped pin on Dollar General,2044 Cedartown Highway,Rockmart GA 30153-4000"">",2044 Cedartown Highway,"Rockmart, GA 30153-4000","<div class=""store-details__main-travel"" data-latitude=""34.008539"" data-longitude=""-85.098207"">
        <div class=""store-details__main-distance""></div>
        <a class=""store-details__main-directions"" href=""javascript:void(0);"" target=""_blank""></a>
    </div>",(470) 206-9090
"<img class=""store-details__map-image"" src=""https://maps.googleapis.com/maps/api/staticmap?center=Dollar+General%2C604+Lafayette+Rd%2CRocky+Face+GA+30740-9451&amp;zoom=15&amp;size=730x600&amp;markers=icon%3Ahttps%3A%2F%2Fwww.dollargeneral.com%2Fetc.clientlibs%2Fdollargeneral%2Fclientlibs%2Fclientlib-site%2Fresources%2Fimages%2Fstatic-map-pin.png%7C34.7841%2C-85.0517&amp;key=AIzaSyDi0nb6nKeHaDJWFtAvbAIPKBrUuAc_mTY&amp;signature=3N3kDFKA4r-SF8Nld7rgQ8A2EcY="" alt=""Google map showing the dropped pin on Dollar General,604 Lafayette Rd,Rocky Face GA 30740-9451"">",604 Lafayette Rd,"Rocky Face, GA 30740-9451","<div class=""store-details__main-travel"" data-latitude=""34.7841"" data-longitude=""-85.0517"">
        <div class=""store-details__main-distance""></div>
        <a class=""store-details__main-directions"" href=""javascript:void(0);"" target=""_blank""></a>
    </div>",(706) 659-0752
"<img class=""store-details__map-image"" src=""https://maps.googleapis.com/maps/api/staticmap?center=Dollar+General%2C434+Shorter+Ave+Nw+Ste+B%2CRome+GA+30165-4272&amp;zoom=15&amp;size=730x600&amp;markers=icon%3Ahttps%3A%2F%2Fwww.dollargeneral.com%2Fetc.clientlibs%2Fdollargeneral%2Fclientlibs%2Fclientlib-site%2Fresources%2Fimages%2Fstatic-map-pin.png%7C34.265379%2C-85.196228&amp;key=AIzaSyDi0nb6nKeHaDJWFtAvbAIPKBrUuAc_mTY&amp;signature=twKYJTwltEtlmLzol-XXsYP0DZ0="" alt=""Google map showing the dropped pin on Dollar General,434 Shorter Ave Nw Ste B,Rome GA 30165-4272"">",434 Shorter Ave Nw Ste B,"Rome, GA 30165-4272","<div class=""store-details__main-travel"" data-latitude=""34.265379"" data-longitude=""-85.196228"">
        <div class=""store-details__main-distance""></div>
        <a class=""store-details__main-directions"" href=""javascript:void(0);"" target=""_blank""></a>
    </div>",(706) 413-8370
"<img class=""store-details__map-image"" src=""https://maps.googleapis.com/maps/api/staticmap?center=Dollar+General%2C2000+Calhoun+Rd+Ne%2CRome+GA+30161-8978&amp;zoom=15&amp;size=730x600&amp;markers=icon%3Ahttps%3A%2F%2Fwww.dollargeneral.com%2Fetc.clientlibs%2Fdollargeneral%2Fclientlibs%2Fclientlib-site%2Fresources%2Fimages%2Fstatic-map-pin.png%7C34.28128%2C-85.12437&amp;key=AIzaSyDi0nb6nKeHaDJWFtAvbAIPKBrUuAc_mTY&amp;signature=Vc-nfR7A0WzXacfplFxbeyd75qY="" alt=""Google map showing the dropped pin on Dollar General,2000 Calhoun Rd Ne,Rome GA 30161-8978"">",2000 Calhoun Rd Ne,"Rome, GA 30161-8978","<div class=""store-details__main-travel"" data-latitude=""34.28128"" data-longitude=""-85.12437"">
        <div class=""store-details__main-distance""></div>
        <a class=""store-details__main-directions"" href=""javascript:void(0);"" target=""_blank""></a>
    </div>",(762) 235-6049
"<img class=""store-details__map-image"" src=""https://maps.googleapis.com/maps/api/staticmap?center=Dollar+General%2C1790+Redmond+Cir+Nw%2CRome+GA+30165&amp;zoom=15&amp;size=730x600&amp;markers=icon%3Ahttps%3A%2F%2Fwww.dollargeneral.com%2Fetc.clientlibs%2Fdollargeneral%2Fclientlibs%2Fclientlib-site%2Fresources%2Fimages%2Fstatic-map-pin.png%7C34.28563%2C-85.21598&amp;key=AIzaSyDi0nb6nKeHaDJWFtAvbAIPKBrUuAc_mTY&amp;signature=QKKwzIRNM9TTSvCECbYAMKWR2KI="" alt=""Google map showing the dropped pin on Dollar General,1790 Redmond Cir Nw,Rome GA 30165"">",1790 Redmond Cir Nw,"Rome, GA 30165","<div class=""store-details__main-travel"" data-latitude=""34.28563"" data-longitude=""-85.21598"">
        <div class=""store-details__main-distance""></div>
        <a class=""store-details__main-directions"" href=""javascript:void(0);"" target=""_blank""></a>
    </div>",(706) 413-8695
"<img class=""store-details__map-image"" src=""https://maps.googleapis.com/maps/api/staticmap?center=Dollar+General%2C25+Central+Plz%2CRome+GA+30161-3233&amp;zoom=15&amp;size=730x600&amp;markers=icon%3Ahttps%3A%2F%2Fwww.dollargeneral.com%2Fetc.clientlibs%2Fdollargeneral%2Fclientlibs%2Fclientlib-site%2Fresources%2Fimages%2Fstatic-map-pin.png%7C34.247%2C-85.1689&amp;key=AIzaSyDi0nb6nKeHaDJWFtAvbAIPKBrUuAc_mTY&amp;signature=yCF0RHYccJZ_uD9evVviHzmOM4E="" alt=""Google map showing the dropped pin on Dollar General,25 Central Plz,Rome GA 30161-3233"">",25 Central Plz,"Rome, GA 30161-3233","<div class=""store-details__main-travel"" data-latitude=""34.247"" data-longitude=""-85.1689"">
        <div class=""store-details__main-distance""></div>
        <a class=""store-details__main-directions"" href=""javascript:void(0);"" target=""_blank""></a>
    </div>",(706) 413-8305
"<img class=""store-details__map-image"" src=""https://maps.googleapis.com/maps/api/staticmap?center=Dollar+General%2C1605+N+Broad+St%2CRome+GA+30161-5215&amp;zoom=15&amp;size=730x600&amp;markers=icon%3Ahttps%3A%2F%2Fwww.dollargeneral.com%2Fetc.clientlibs%2Fdollargeneral%2Fclientlibs%2Fclientlib-site%2Fresources%2Fimages%2Fstatic-map-pin.png%7C34.266%2C-85.1566&amp;key=AIzaSyDi0nb6nKeHaDJWFtAvbAIPKBrUuAc_mTY&amp;signature=ZQHn2WqApTh_cWJS6nQa3DPH-eU="" alt=""Google map showing the dropped pin on Dollar General,1605 N Broad St,Rome GA 30161-5215"">",1605 N Broad St,"Rome, GA 30161-5215","<div class=""store-details__main-travel"" data-latitude=""34.266"" data-longitude=""-85.1566"">
        <div class=""store-details__main-distance""></div>
        <a class=""store-details__main-directions"" href=""javascript:void(0);"" target=""_blank""></a>
    </div>",(762) 235-6661
"<img class=""store-details__map-image"" src=""https://maps.googleapis.com/maps/api/staticmap?center=Dollar+General%2C1100+N+5th+Ave+Ne%2CRome+GA+30165-2604&amp;zoom=15&amp;size=730x600&amp;markers=icon%3Ahttps%3A%2F%2Fwww.dollargeneral.com%2Fetc.clientlibs%2Fdollargeneral%2Fclientlibs%2Fclientlib-site%2Fresources%2Fimages%2Fstatic-map-pin.png%7C34.265165%2C-85.178149&amp;key=AIzaSyDi0nb6nKeHaDJWFtAvbAIPKBrUuAc_mTY&amp;signature=CRc_ITSe_ETfQdtxxwLK_osJ3dU="" alt=""Google map showing the dropped pin on Dollar General,1100 N 5th Ave Ne,Rome GA 30165-2604"">",1100 N 5th Ave Ne,"Rome, GA 30165-2604","<div class=""store-details__main-travel"" data-latitude=""34.265165"" data-longitude=""-85.178149"">
        <div class=""store-details__main-distance""></div>
        <a class=""store-details__main-directions"" href=""javascript:void(0);"" target=""_blank""></a>
    </div>",(706) 314-8489
"<img class=""store-details__map-image"" src=""https://maps.googleapis.com/maps/api/staticmap?center=Dollar+General%2C1816+Dean+Ave+Se%2CRome+GA+30161-7108&amp;zoom=15&amp;size=730x600&amp;markers=icon%3Ahttps%3A%2F%2Fwww.dollargeneral.com%2Fetc.clientlibs%2Fdollargeneral%2Fclientlibs%2Fclientlib-site%2Fresources%2Fimages%2Fstatic-map-pin.png%7C34.230066%2C-85.160026&amp;key=AIzaSyDi0nb6nKeHaDJWFtAvbAIPKBrUuAc_mTY&amp;signature=edIfcFmsiA3qKLk6y7B8to9uhH4="" alt=""Google map showing the dropped pin on Dollar General,1816 Dean Ave Se,Rome GA 30161-7108"">",1816 Dean Ave Se,"Rome, GA 30161-7108","<div class=""store-details__main-travel"" data-latitude=""34.230066"" data-longitude=""-85.160026"" style=""display: none;"">
        <div class=""store-details__main-distance""></div>
        <a class=""store-details__main-directions"" href=""javascript:void(0);"" target=""_blank""></a>
    </div>",(706) 591-8682
"<img class=""store-details__map-image"" src=""https://maps.googleapis.com/maps/api/staticmap?center=Dollar+General%2C3880+Martha+Berry+Hwy+Ne%2CRome+GA+30165-8638&amp;zoom=15&amp;size=730x600&amp;markers=icon%3Ahttps%3A%2F%2Fwww.dollargeneral.com%2Fetc.clientlibs%2Fdollargeneral%2Fclientlibs%2Fclientlib-site%2Fresources%2Fimages%2Fstatic-map-pin.png%7C34.332705%2C-85.170659&amp;key=AIzaSyDi0nb6nKeHaDJWFtAvbAIPKBrUuAc_mTY&amp;signature=4p5gN0aE7M0EK2-H_C8C2gHjw1Q="" alt=""Google map showing the dropped pin on Dollar General,3880 Martha Berry Hwy Ne,Rome GA 30165-8638"">",3880 Martha Berry Hwy Ne,"Rome, GA 30165-8638","<div class=""store-details__main-travel"" data-latitude=""34.332705"" data-longitude=""-85.170659"">
        <div class=""store-details__main-distance""></div>
        <a class=""store-details__main-directions"" href=""javascript:void(0);"" target=""_blank""></a>
    </div>",(706) 591-8077
"<img class=""store-details__map-image"" src=""https://maps.googleapis.com/maps/api/staticmap?center=Dollar+General%2C2006+Kingston+Hwy+Se%2CRome+GA+30161-8953&amp;zoom=15&amp;size=730x600&amp;markers=icon%3Ahttps%3A%2F%2Fwww.dollargeneral.com%2Fetc.clientlibs%2Fdollargeneral%2Fclientlibs%2Fclientlib-site%2Fresources%2Fimages%2Fstatic-map-pin.png%7C34.254604%2C-85.110421&amp;key=AIzaSyDi0nb6nKeHaDJWFtAvbAIPKBrUuAc_mTY&amp;signature=iGmPMAfqSTMlX-tMNHhbVpoFArI="" alt=""Google map showing the dropped pin on Dollar General,2006 Kingston Hwy Se,Rome GA 30161-8953"">",2006 Kingston Hwy Se,"Rome, GA 30161-8953","<div class=""store-details__main-travel"" data-latitude=""34.254604"" data-longitude=""-85.110421"">
        <div class=""store-details__main-distance""></div>
        <a class=""store-details__main-directions"" href=""javascript:void(0);"" target=""_blank""></a>
    </div>",(762) 235-6650
"<img class=""store-details__map-image"" src=""https://maps.googleapis.com/maps/api/staticmap?center=Dollar+General%2C3080+Cave+Spring+Rd+Sw%2CRome+GA+30161-3862&amp;zoom=15&amp;size=730x600&amp;markers=icon%3Ahttps%3A%2F%2Fwww.dollargeneral.com%2Fetc.clientlibs%2Fdollargeneral%2Fclientlibs%2Fclientlib-site%2Fresources%2Fimages%2Fstatic-map-pin.png%7C34.175853%2C-85.208791&amp;key=AIzaSyDi0nb6nKeHaDJWFtAvbAIPKBrUuAc_mTY&amp;signature=cOVBmrvDGS1e7Vboqix0inz3r9M="" alt=""Google map showing the dropped pin on Dollar General,3080 Cave Spring Rd Sw,Rome GA 30161-3862"">",3080 Cave Spring Rd Sw,"Rome, GA 30161-3862","<div class=""store-details__main-travel"" data-latitude=""34.175853"" data-longitude=""-85.208791"">
        <div class=""store-details__main-distance""></div>
        <a class=""store-details__main-directions"" href=""javascript:void(0);"" target=""_blank""></a>
    </div>",(706) 413-8340
"<img class=""store-details__map-image"" src=""https://maps.googleapis.com/maps/api/staticmap?center=Dollar+General%2C5785+New+Calhoun+Hwy+Ne%2CRome+GA+30161-2051&amp;zoom=15&amp;size=730x600&amp;markers=icon%3Ahttps%3A%2F%2Fwww.dollargeneral.com%2Fetc.clientlibs%2Fdollargeneral%2Fclientlibs%2Fclientlib-site%2Fresources%2Fimages%2Fstatic-map-pin.png%7C34.34048%2C-85.07886&amp;key=AIzaSyDi0nb6nKeHaDJWFtAvbAIPKBrUuAc_mTY&amp;signature=ZKRDg7cBJM7-NtVeVUa-YDoQbaU="" alt=""Google map showing the dropped pin on Dollar General,5785 New Calhoun Hwy Ne,Rome GA 30161-2051"">",5785 New Calhoun Hwy Ne,"Rome, GA 30161-2051","<div class=""store-details__main-travel"" data-latitude=""34.34048"" data-longitude=""-85.07886"">
        <div class=""store-details__main-distance""></div>
        <a class=""store-details__main-directions"" href=""javascript:void(0);"" target=""_blank""></a>
    </div>",(706) 413-8552
"<img class=""store-details__map-image"" src=""https://maps.googleapis.com/maps/api/staticmap?center=Dollar+General%2C5535+Blacks+Bluff+Rd+Sw%2CRome+GA+30161&amp;zoom=15&amp;size=730x600&amp;markers=icon%3Ahttps%3A%2F%2Fwww.dollargeneral.com%2Fetc.clientlibs%2Fdollargeneral%2Fclientlibs%2Fclientlib-site%2Fresources%2Fimages%2Fstatic-map-pin.png%7C34.1673%2C-85.3424&amp;key=AIzaSyDi0nb6nKeHaDJWFtAvbAIPKBrUuAc_mTY&amp;signature=Atc21Wb2Iz1UoXAT6iAizWWmpSk="" alt=""Google map showing the dropped pin on Dollar General,5535 Blacks Bluff Rd Sw,Rome GA 30161"">",5535 Blacks Bluff Rd Sw,"Rome, GA 30161","<div class=""store-details__main-travel"" data-latitude=""34.1673"" data-longitude=""-85.3424"">
        <div class=""store-details__main-distance""></div>
        <a class=""store-details__main-directions"" href=""javascript:void(0);"" target=""_blank""></a>
    </div>",(762) 254-0081
"<img class=""store-details__map-image"" src=""https://maps.googleapis.com/maps/api/staticmap?center=Dollar+General%2C24980+Ga+Highway+100%2CRoopville+GA+30170-3024&amp;zoom=15&amp;size=730x600&amp;markers=icon%3Ahttps%3A%2F%2Fwww.dollargeneral.com%2Fetc.clientlibs%2Fdollargeneral%2Fclientlibs%2Fclientlib-site%2Fresources%2Fimages%2Fstatic-map-pin.png%7C33.412%2C-85.256&amp;key=AIzaSyDi0nb6nKeHaDJWFtAvbAIPKBrUuAc_mTY&amp;signature=kzb0DaV9YHeEmU-X0cYHFBOCWVc="" alt=""Google map showing the dropped pin on Dollar General,24980 Ga Highway 100,Roopville GA 30170-3024"">",24980 Ga Highway 100,"Roopville, GA 30170-3024","<div class=""store-details__main-travel"" data-latitude=""33.412"" data-longitude=""-85.256"">
        <div class=""store-details__main-distance""></div>
        <a class=""store-details__main-directions"" href=""javascript:void(0);"" target=""_blank""></a>
    </div>",(470) 722-0460
"<img class=""store-details__map-image"" src=""https://maps.googleapis.com/maps/api/staticmap?center=Dollar+General%2C27+Hilltop+Rd%2CRoopville+GA+30170-2225&amp;zoom=15&amp;size=730x600&amp;markers=icon%3Ahttps%3A%2F%2Fwww.dollargeneral.com%2Fetc.clientlibs%2Fdollargeneral%2Fclientlibs%2Fclientlib-site%2Fresources%2Fimages%2Fstatic-map-pin.png%7C33.460892%2C-85.124848&amp;key=AIzaSyDi0nb6nKeHaDJWFtAvbAIPKBrUuAc_mTY&amp;signature=v7Brx_FLKiN804F5CyO2ls3O9cI="" alt=""Google map showing the dropped pin on Dollar General,27 Hilltop Rd,Roopville GA 30170-2225"">",27 Hilltop Rd,"Roopville, GA 30170-2225","<div class=""store-details__main-travel"" data-latitude=""33.460892"" data-longitude=""-85.124848"" style=""display: none;"">
        <div class=""store-details__main-distance""></div>
        <a class=""store-details__main-directions"" href=""javascript:void(0);"" target=""_blank""></a>
    </div>",(470) 722-0392
"<img class=""store-details__map-image"" src=""https://maps.googleapis.com/maps/api/staticmap?center=Dollar+General%2C1408+Mcfarland+Ave%2CRossville+GA+30741-2216&amp;zoom=15&amp;size=730x600&amp;markers=icon%3Ahttps%3A%2F%2Fwww.dollargeneral.com%2Fetc.clientlibs%2Fdollargeneral%2Fclientlibs%2Fclientlib-site%2Fresources%2Fimages%2Fstatic-map-pin.png%7C34.9682%2C-85.2958&amp;key=AIzaSyDi0nb6nKeHaDJWFtAvbAIPKBrUuAc_mTY&amp;signature=KU9X1Way-_i8_5tAPoAPZtOb29k="" alt=""Google map showing the dropped pin on Dollar General,1408 Mcfarland Ave,Rossville GA 30741-2216"">",1408 Mcfarland Ave,"Rossville, GA 30741-2216","<div class=""store-details__main-travel"" data-latitude=""34.9682"" data-longitude=""-85.2958"">
        <div class=""store-details__main-distance""></div>
        <a class=""store-details__main-directions"" href=""javascript:void(0);"" target=""_blank""></a>
    </div>",(706) 406-1870
"<img class=""store-details__map-image"" src=""https://maps.googleapis.com/maps/api/staticmap?center=Dollar+General%2C4717+Sandy+Cross+Rd%2CRoyston+GA+30662-3383&amp;zoom=15&amp;size=730x600&amp;markers=icon%3Ahttps%3A%2F%2Fwww.dollargeneral.com%2Fetc.clientlibs%2Fdollargeneral%2Fclientlibs%2Fclientlib-site%2Fresources%2Fimages%2Fstatic-map-pin.png%7C34.2951%2C-83.257&amp;key=AIzaSyDi0nb6nKeHaDJWFtAvbAIPKBrUuAc_mTY&amp;signature=2k8vDnsvL7c7vU5mP6-_Bbf07fc="" alt=""Google map showing the dropped pin on Dollar General,4717 Sandy Cross Rd,Royston GA 30662-3383"">",4717 Sandy Cross Rd,"Royston, GA 30662-3383","<div class=""store-details__main-travel"" data-latitude=""34.2951"" data-longitude=""-83.257"">
        <div class=""store-details__main-distance""></div>
        <a class=""store-details__main-directions"" href=""javascript:void(0);"" target=""_blank""></a>
    </div>",(762) 338-0442
"<img class=""store-details__map-image"" src=""https://maps.googleapis.com/maps/api/staticmap?center=Dollar+General%2C33+Skelton+St%2CRoyston+GA+30662-2437&amp;zoom=15&amp;size=730x600&amp;markers=icon%3Ahttps%3A%2F%2Fwww.dollargeneral.com%2Fetc.clientlibs%2Fdollargeneral%2Fclientlibs%2Fclientlib-site%2Fresources%2Fimages%2Fstatic-map-pin.png%7C34.288791%2C-83.099018&amp;key=AIzaSyDi0nb6nKeHaDJWFtAvbAIPKBrUuAc_mTY&amp;signature=dylOplryI6ydst1HpFpeNXeTaaM="" alt=""Google map showing the dropped pin on Dollar General,33 Skelton St,Royston GA 30662-2437"">",33 Skelton St,"Royston, GA 30662-2437","<div class=""store-details__main-travel"" data-latitude=""34.288791"" data-longitude=""-83.099018"">
        <div class=""store-details__main-distance""></div>
        <a class=""store-details__main-directions"" href=""javascript:void(0);"" target=""_blank""></a>
    </div>",(762) 338-0013
"<img class=""store-details__map-image"" src=""https://maps.googleapis.com/maps/api/staticmap?center=Dollar+General%2C3049+W.+Main+St%2CRoyston+GA+30662-7020&amp;zoom=15&amp;size=730x600&amp;markers=icon%3Ahttps%3A%2F%2Fwww.dollargeneral.com%2Fetc.clientlibs%2Fdollargeneral%2Fclientlibs%2Fclientlib-site%2Fresources%2Fimages%2Fstatic-map-pin.png%7C34.2845%2C-83.161&amp;key=AIzaSyDi0nb6nKeHaDJWFtAvbAIPKBrUuAc_mTY&amp;signature=LhHCfhlXwq_iA27qRFHjSAAA8A0="" alt=""Google map showing the dropped pin on Dollar General,3049 W. Main St,Royston GA 30662-7020"">",3049 W. Main St,"Royston, GA 30662-7020","<div class=""store-details__main-travel"" data-latitude=""34.2845"" data-longitude=""-83.161"">
        <div class=""store-details__main-distance""></div>
        <a class=""store-details__main-directions"" href=""javascript:void(0);"" target=""_blank""></a>
    </div>",(762) 847-4200
"<img class=""store-details__map-image"" src=""https://maps.googleapis.com/maps/api/staticmap?center=Dollar+General%2C176+Newborn+Rd%2CRutledge+GA+30663-2667&amp;zoom=15&amp;size=730x600&amp;markers=icon%3Ahttps%3A%2F%2Fwww.dollargeneral.com%2Fetc.clientlibs%2Fdollargeneral%2Fclientlibs%2Fclientlib-site%2Fresources%2Fimages%2Fstatic-map-pin.png%7C33.622873%2C-83.611673&amp;key=AIzaSyDi0nb6nKeHaDJWFtAvbAIPKBrUuAc_mTY&amp;signature=RX7lAaZFU0fwUHz5hDuW_zJpoVM="" alt=""Google map showing the dropped pin on Dollar General,176 Newborn Rd,Rutledge GA 30663-2667"">",176 Newborn Rd,"Rutledge, GA 30663-2667","<div class=""store-details__main-travel"" data-latitude=""33.622873"" data-longitude=""-83.611673"" style=""display: none;"">
        <div class=""store-details__main-distance""></div>
        <a class=""store-details__main-directions"" href=""javascript:void(0);"" target=""_blank""></a>
    </div>",(762) 278-0418
"<img class=""store-details__map-image"" src=""https://maps.googleapis.com/maps/api/staticmap?center=Dollar+General%2C3566+Hwy+140%2CRydal+GA+30171-1205&amp;zoom=15&amp;size=730x600&amp;markers=icon%3Ahttps%3A%2F%2Fwww.dollargeneral.com%2Fetc.clientlibs%2Fdollargeneral%2Fclientlibs%2Fclientlib-site%2Fresources%2Fimages%2Fstatic-map-pin.png%7C34.3428%2C-84.7169&amp;key=AIzaSyDi0nb6nKeHaDJWFtAvbAIPKBrUuAc_mTY&amp;signature=LAZQOs9rZdiNLgDaISNSivKD97E="" alt=""Google map showing the dropped pin on Dollar General,3566 Hwy 140,Rydal GA 30171-1205"">",3566 Hwy 140,"Rydal, GA 30171-1205","<div class=""store-details__main-travel"" data-latitude=""34.3428"" data-longitude=""-84.7169"">
        <div class=""store-details__main-distance""></div>
        <a class=""store-details__main-directions"" href=""javascript:void(0);"" target=""_blank""></a>
    </div>",(470) 227-0184
"<img class=""store-details__map-image"" src=""https://maps.googleapis.com/maps/api/staticmap?center=Dollar+General%2C11829+Johnson+St%2CSaint+George+GA+31562-3747&amp;zoom=15&amp;size=730x600&amp;markers=icon%3Ahttps%3A%2F%2Fwww.dollargeneral.com%2Fetc.clientlibs%2Fdollargeneral%2Fclientlibs%2Fclientlib-site%2Fresources%2Fimages%2Fstatic-map-pin.png%7C30.5227%2C-82.0362&amp;key=AIzaSyDi0nb6nKeHaDJWFtAvbAIPKBrUuAc_mTY&amp;signature=LUs9v-YnDb5vU30aq5xFz0_8BLM="" alt=""Google map showing the dropped pin on Dollar General,11829 Johnson St,Saint George GA 31562-3747"">",11829 Johnson St,"Saint George, GA 31562-3747","<div class=""store-details__main-travel"" data-latitude=""30.5227"" data-longitude=""-82.0362"">
        <div class=""store-details__main-distance""></div>
        <a class=""store-details__main-directions"" href=""javascript:void(0);"" target=""_blank""></a>
    </div>",(912) 574-4610
"<img class=""store-details__map-image"" src=""https://maps.googleapis.com/maps/api/staticmap?center=Dollar+General%2C3901+Charlie+Smith+Sr+Hwy%2CSaint+Marys+GA+31558&amp;zoom=15&amp;size=730x600&amp;markers=icon%3Ahttps%3A%2F%2Fwww.dollargeneral.com%2Fetc.clientlibs%2Fdollargeneral%2Fclientlibs%2Fclientlib-site%2Fresources%2Fimages%2Fstatic-map-pin.png%7C30.8066%2C-81.5746&amp;key=AIzaSyDi0nb6nKeHaDJWFtAvbAIPKBrUuAc_mTY&amp;signature=dQ9mXxw6rJ5cH_1XMALiP24qdgI="" alt=""Google map showing the dropped pin on Dollar General,3901 Charlie Smith Sr Hwy,Saint Marys GA 31558"">",3901 Charlie Smith Sr Hwy,"Saint Marys, GA 31558","<div class=""store-details__main-travel"" data-latitude=""30.8066"" data-longitude=""-81.5746"">
        <div class=""store-details__main-distance""></div>
        <a class=""store-details__main-directions"" href=""javascript:void(0);"" target=""_blank""></a>
    </div>",(478) 219-3899
"<img class=""store-details__map-image"" src=""https://maps.googleapis.com/maps/api/staticmap?center=Dollar+General%2C675+Kings+Bay+Road%2CSaint+Marys+GA+31558-3734&amp;zoom=15&amp;size=730x600&amp;markers=icon%3Ahttps%3A%2F%2Fwww.dollargeneral.com%2Fetc.clientlibs%2Fdollargeneral%2Fclientlibs%2Fclientlib-site%2Fresources%2Fimages%2Fstatic-map-pin.png%7C30.7826%2C-81.6133&amp;key=AIzaSyDi0nb6nKeHaDJWFtAvbAIPKBrUuAc_mTY&amp;signature=C-2npIjMagp-FLCtNgMK2FYuxnk="" alt=""Google map showing the dropped pin on Dollar General,675 Kings Bay Road,Saint Marys GA 31558-3734"">",675 Kings Bay Road,"Saint Marys, GA 31558-3734","<div class=""store-details__main-travel"" data-latitude=""30.7826"" data-longitude=""-81.6133"" style=""display: none;"">
        <div class=""store-details__main-distance""></div>
        <a class=""store-details__main-directions"" href=""javascript:void(0);"" target=""_blank""></a>
    </div>",(912) 290-9075
"<img class=""store-details__map-image"" src=""https://maps.googleapis.com/maps/api/staticmap?center=Dollar+General%2C2225+Osborne+Rd%2CSaint+Marys+GA+31558-9136&amp;zoom=15&amp;size=730x600&amp;markers=icon%3Ahttps%3A%2F%2Fwww.dollargeneral.com%2Fetc.clientlibs%2Fdollargeneral%2Fclientlibs%2Fclientlib-site%2Fresources%2Fimages%2Fstatic-map-pin.png%7C30.747168%2C-81.566431&amp;key=AIzaSyDi0nb6nKeHaDJWFtAvbAIPKBrUuAc_mTY&amp;signature=1YugdZu0f_q5VCPenX3q8OB-ycU="" alt=""Google map showing the dropped pin on Dollar General,2225 Osborne Rd,Saint Marys GA 31558-9136"">",2225 Osborne Rd,"Saint Marys, GA 31558-9136","<div class=""store-details__main-travel"" data-latitude=""30.747168"" data-longitude=""-81.566431"">
        <div class=""store-details__main-distance""></div>
        <a class=""store-details__main-directions"" href=""javascript:void(0);"" target=""_blank""></a>
    </div>",(912) 226-0871
"<img class=""store-details__map-image"" src=""https://maps.googleapis.com/maps/api/staticmap?center=Dollar+General%2C600+Sand+Bar+Dr%2CSaint+Marys+GA+31558-4462&amp;zoom=15&amp;size=730x600&amp;markers=icon%3Ahttps%3A%2F%2Fwww.dollargeneral.com%2Fetc.clientlibs%2Fdollargeneral%2Fclientlibs%2Fclientlib-site%2Fresources%2Fimages%2Fstatic-map-pin.png%7C30.76351%2C-81.57621&amp;key=AIzaSyDi0nb6nKeHaDJWFtAvbAIPKBrUuAc_mTY&amp;signature=h_S6daxe7ENDRem2UeWBdLwZKJ8="" alt=""Google map showing the dropped pin on Dollar General,600 Sand Bar Dr,Saint Marys GA 31558-4462"">",600 Sand Bar Dr,"Saint Marys, GA 31558-4462","<div class=""store-details__main-travel"" data-latitude=""30.76351"" data-longitude=""-81.57621"">
        <div class=""store-details__main-distance""></div>
        <a class=""store-details__main-directions"" href=""javascript:void(0);"" target=""_blank""></a>
    </div>",(912) 514-0190
"<img class=""store-details__map-image"" src=""https://maps.googleapis.com/maps/api/staticmap?center=Dollar+General%2C1470+Point+Peter+Rd%2CSaint+Marys+GA+31558&amp;zoom=15&amp;size=730x600&amp;markers=icon%3Ahttps%3A%2F%2Fwww.dollargeneral.com%2Fetc.clientlibs%2Fdollargeneral%2Fclientlibs%2Fclientlib-site%2Fresources%2Fimages%2Fstatic-map-pin.png%7C30.7633%2C-81.5499&amp;key=AIzaSyDi0nb6nKeHaDJWFtAvbAIPKBrUuAc_mTY&amp;signature=mYYl5pRiJBlU7WH6M5z55zsDhxg="" alt=""Google map showing the dropped pin on Dollar General,1470 Point Peter Rd,Saint Marys GA 31558"">",1470 Point Peter Rd,"Saint Marys, GA 31558","<div class=""store-details__main-travel"" data-latitude=""30.7633"" data-longitude=""-81.5499"">
        <div class=""store-details__main-distance""></div>
        <a class=""store-details__main-directions"" href=""javascript:void(0);"" target=""_blank""></a>
    </div>",(470) 691-0658
"<img class=""store-details__map-image"" src=""https://maps.googleapis.com/maps/api/staticmap?center=Dollar+General%2C302+Arnow+Ct%2CSaint+Marys+GA+31558&amp;zoom=15&amp;size=730x600&amp;markers=icon%3Ahttps%3A%2F%2Fwww.dollargeneral.com%2Fetc.clientlibs%2Fdollargeneral%2Fclientlibs%2Fclientlib-site%2Fresources%2Fimages%2Fstatic-map-pin.png%7C30.7534%2C-81.5868&amp;key=AIzaSyDi0nb6nKeHaDJWFtAvbAIPKBrUuAc_mTY&amp;signature=4mnPStKOVLa6JjXMruj-E410Ha0="" alt=""Google map showing the dropped pin on Dollar General,302 Arnow Ct,Saint Marys GA 31558"">",302 Arnow Ct,"Saint Marys, GA 31558","<div class=""store-details__main-travel"" data-latitude=""30.7534"" data-longitude=""-81.5868"" style=""display: none;"">
        <div class=""store-details__main-distance""></div>
        <a class=""store-details__main-directions"" href=""javascript:void(0);"" target=""_blank""></a>
    </div>",(912) 542-8099
"<img class=""store-details__map-image"" src=""https://maps.googleapis.com/maps/api/staticmap?center=Dollar+General%2C612+S+Harris+St%2CSandersville+GA+31082-2821&amp;zoom=15&amp;size=730x600&amp;markers=icon%3Ahttps%3A%2F%2Fwww.dollargeneral.com%2Fetc.clientlibs%2Fdollargeneral%2Fclientlibs%2Fclientlib-site%2Fresources%2Fimages%2Fstatic-map-pin.png%7C32.9738%2C-82.8092&amp;key=AIzaSyDi0nb6nKeHaDJWFtAvbAIPKBrUuAc_mTY&amp;signature=rqmoq22tN59QGEWBgC5I0B4NZRM="" alt=""Google map showing the dropped pin on Dollar General,612 S Harris St,Sandersville GA 31082-2821"">",612 S Harris St,"Sandersville, GA 31082-2821","<div class=""store-details__main-travel"" data-latitude=""32.9738"" data-longitude=""-82.8092"">
        <div class=""store-details__main-distance""></div>
        <a class=""store-details__main-directions"" href=""javascript:void(0);"" target=""_blank""></a>
    </div>",(478) 412-5024
"<img class=""store-details__map-image"" src=""https://maps.googleapis.com/maps/api/staticmap?center=Dollar+General%2C605+East+Mccarty+Street%2CSandersville+GA+31082&amp;zoom=15&amp;size=730x600&amp;markers=icon%3Ahttps%3A%2F%2Fwww.dollargeneral.com%2Fetc.clientlibs%2Fdollargeneral%2Fclientlibs%2Fclientlib-site%2Fresources%2Fimages%2Fstatic-map-pin.png%7C32.98816%2C-82.79945&amp;key=AIzaSyDi0nb6nKeHaDJWFtAvbAIPKBrUuAc_mTY&amp;signature=znWtzfInCbjg6X37zNUpaJcgyGM="" alt=""Google map showing the dropped pin on Dollar General,605 East Mccarty Street,Sandersville GA 31082"">",605 East Mccarty Street,"Sandersville, GA 31082","<div class=""store-details__main-travel"" data-latitude=""32.98816"" data-longitude=""-82.79945"">
        <div class=""store-details__main-distance""></div>
        <a class=""store-details__main-directions"" href=""javascript:void(0);"" target=""_blank""></a>
    </div>",(478) 412-0185
"<img class=""store-details__map-image"" src=""https://maps.googleapis.com/maps/api/staticmap?center=Dollar+General%2C918+Charles+Perry+Ave%2CSardis+GA+30456&amp;zoom=15&amp;size=730x600&amp;markers=icon%3Ahttps%3A%2F%2Fwww.dollargeneral.com%2Fetc.clientlibs%2Fdollargeneral%2Fclientlibs%2Fclientlib-site%2Fresources%2Fimages%2Fstatic-map-pin.png%7C32.9765%2C-81.7614&amp;key=AIzaSyDi0nb6nKeHaDJWFtAvbAIPKBrUuAc_mTY&amp;signature=vLJjFEBHXYRLZDBgwhATMPRHjtM="" alt=""Google map showing the dropped pin on Dollar General,918 Charles Perry Ave,Sardis GA 30456"">",918 Charles Perry Ave,"Sardis, GA 30456","<div class=""store-details__main-travel"" data-latitude=""32.9765"" data-longitude=""-81.7614"">
        <div class=""store-details__main-distance""></div>
        <a class=""store-details__main-directions"" href=""javascript:void(0);"" target=""_blank""></a>
    </div>",(478) 569-7787
"<img class=""store-details__map-image"" src=""https://maps.googleapis.com/maps/api/staticmap?center=Dollar+General%2C4628+Ogeechee+Rd%2CSavannah+GA+31405-1210&amp;zoom=15&amp;size=730x600&amp;markers=icon%3Ahttps%3A%2F%2Fwww.dollargeneral.com%2Fetc.clientlibs%2Fdollargeneral%2Fclientlibs%2Fclientlib-site%2Fresources%2Fimages%2Fstatic-map-pin.png%7C32.04606%2C-81.177856&amp;key=AIzaSyDi0nb6nKeHaDJWFtAvbAIPKBrUuAc_mTY&amp;signature=Jq_AB3f0DEQWEnl5xi2GLeWEpoE="" alt=""Google map showing the dropped pin on Dollar General,4628 Ogeechee Rd,Savannah GA 31405-1210"">",4628 Ogeechee Rd,"Savannah, GA 31405-1210","<div class=""store-details__main-travel"" data-latitude=""32.04606"" data-longitude=""-81.177856"" style=""display: none;"">
        <div class=""store-details__main-distance""></div>
        <a class=""store-details__main-directions"" href=""javascript:void(0);"" target=""_blank""></a>
    </div>",(912) 226-5180
"<img class=""store-details__map-image"" src=""https://maps.googleapis.com/maps/api/staticmap?center=Dollar+General%2C418+Johnny+Mercer+Blvd%2CSavannah+GA+31410-2103&amp;zoom=15&amp;size=730x600&amp;markers=icon%3Ahttps%3A%2F%2Fwww.dollargeneral.com%2Fetc.clientlibs%2Fdollargeneral%2Fclientlibs%2Fclientlib-site%2Fresources%2Fimages%2Fstatic-map-pin.png%7C32.017093%2C-80.978935&amp;key=AIzaSyDi0nb6nKeHaDJWFtAvbAIPKBrUuAc_mTY&amp;signature=eceOUKyBtyqWuNoL9bhhwiDFC-Q="" alt=""Google map showing the dropped pin on Dollar General,418 Johnny Mercer Blvd,Savannah GA 31410-2103"">",418 Johnny Mercer Blvd,"Savannah, GA 31410-2103","<div class=""store-details__main-travel"" data-latitude=""32.017093"" data-longitude=""-80.978935"">
        <div class=""store-details__main-distance""></div>
        <a class=""store-details__main-directions"" href=""javascript:void(0);"" target=""_blank""></a>
    </div>",(912) 250-4301
"<img class=""store-details__map-image"" src=""https://maps.googleapis.com/maps/api/staticmap?center=Dollar+General%2C43+W+Montgomery+Xrds+Spc%2CSavannah+GA+31406-3412&amp;zoom=15&amp;size=730x600&amp;markers=icon%3Ahttps%3A%2F%2Fwww.dollargeneral.com%2Fetc.clientlibs%2Fdollargeneral%2Fclientlibs%2Fclientlib-site%2Fresources%2Fimages%2Fstatic-map-pin.png%7C31.997919%2C-81.126014&amp;key=AIzaSyDi0nb6nKeHaDJWFtAvbAIPKBrUuAc_mTY&amp;signature=i-2eIid6MhDxhp2UIdaNbTsI82I="" alt=""Google map showing the dropped pin on Dollar General,43 W Montgomery Xrds Spc,Savannah GA 31406-3412"">",43 W Montgomery Xrds Spc,"Savannah, GA 31406-3412","<div class=""store-details__main-travel"" data-latitude=""31.997919"" data-longitude=""-81.126014"">
        <div class=""store-details__main-distance""></div>
        <a class=""store-details__main-directions"" href=""javascript:void(0);"" target=""_blank""></a>
    </div>",(912) 226-0590
"<img class=""store-details__map-image"" src=""https://maps.googleapis.com/maps/api/staticmap?center=Dollar+General%2C3005+Ogeechee+Road%2CSavannah+GA+31405-1522&amp;zoom=15&amp;size=730x600&amp;markers=icon%3Ahttps%3A%2F%2Fwww.dollargeneral.com%2Fetc.clientlibs%2Fdollargeneral%2Fclientlibs%2Fclientlib-site%2Fresources%2Fimages%2Fstatic-map-pin.png%7C32.0562%2C-81.1315&amp;key=AIzaSyDi0nb6nKeHaDJWFtAvbAIPKBrUuAc_mTY&amp;signature=Hu_eJGrwevt3g1dm6JUmLA3gkTY="" alt=""Google map showing the dropped pin on Dollar General,3005 Ogeechee Road,Savannah GA 31405-1522"">",3005 Ogeechee Road,"Savannah, GA 31405-1522","<div class=""store-details__main-travel"" data-latitude=""32.0562"" data-longitude=""-81.1315"">
        <div class=""store-details__main-distance""></div>
        <a class=""store-details__main-directions"" href=""javascript:void(0);"" target=""_blank""></a>
    </div>",(912) 226-6116
"<img class=""store-details__map-image"" src=""https://maps.googleapis.com/maps/api/staticmap?center=Dollar+General%2C2110+West+Bay+St%2CSavannah+GA+31415-1511&amp;zoom=15&amp;size=730x600&amp;markers=icon%3Ahttps%3A%2F%2Fwww.dollargeneral.com%2Fetc.clientlibs%2Fdollargeneral%2Fclientlibs%2Fclientlib-site%2Fresources%2Fimages%2Fstatic-map-pin.png%7C32.090213%2C-81.123365&amp;key=AIzaSyDi0nb6nKeHaDJWFtAvbAIPKBrUuAc_mTY&amp;signature=LEGqyFkcmg4Gw53W-dU4EZBoRwo="" alt=""Google map showing the dropped pin on Dollar General,2110 West Bay St,Savannah GA 31415-1511"">",2110 West Bay St,"Savannah, GA 31415-1511","<div class=""store-details__main-travel"" data-latitude=""32.090213"" data-longitude=""-81.123365"" style=""display: none;"">
        <div class=""store-details__main-distance""></div>
        <a class=""store-details__main-directions"" href=""javascript:void(0);"" target=""_blank""></a>
    </div>",(912) 250-4238
"<img class=""store-details__map-image"" src=""https://maps.googleapis.com/maps/api/staticmap?center=Dollar+General%2C11975+Apache+Ave%2CSavannah+GA+31419-1603&amp;zoom=15&amp;size=730x600&amp;markers=icon%3Ahttps%3A%2F%2Fwww.dollargeneral.com%2Fetc.clientlibs%2Fdollargeneral%2Fclientlibs%2Fclientlib-site%2Fresources%2Fimages%2Fstatic-map-pin.png%7C31.982882%2C-81.167755&amp;key=AIzaSyDi0nb6nKeHaDJWFtAvbAIPKBrUuAc_mTY&amp;signature=NPVKvRQARSDbxhD-mv3WqpUoHPY="" alt=""Google map showing the dropped pin on Dollar General,11975 Apache Ave,Savannah GA 31419-1603"">",11975 Apache Ave,"Savannah, GA 31419-1603","<div class=""store-details__main-travel"" data-latitude=""31.982882"" data-longitude=""-81.167755"">
        <div class=""store-details__main-distance""></div>
        <a class=""store-details__main-directions"" href=""javascript:void(0);"" target=""_blank""></a>
    </div>",(912) 231-5290
"<img class=""store-details__map-image"" src=""https://maps.googleapis.com/maps/api/staticmap?center=Dollar+General%2C3111+Skidaway+Rd.%2CSavannah+GA+31404-4936&amp;zoom=15&amp;size=730x600&amp;markers=icon%3Ahttps%3A%2F%2Fwww.dollargeneral.com%2Fetc.clientlibs%2Fdollargeneral%2Fclientlibs%2Fclientlib-site%2Fresources%2Fimages%2Fstatic-map-pin.png%7C32.036087%2C-81.066852&amp;key=AIzaSyDi0nb6nKeHaDJWFtAvbAIPKBrUuAc_mTY&amp;signature=7OY3Ee9PYHvqyy9HbDg5iuiDQZM="" alt=""Google map showing the dropped pin on Dollar General,3111 Skidaway Rd.,Savannah GA 31404-4936"">",3111 Skidaway Rd.,"Savannah, GA 31404-4936","<div class=""store-details__main-travel"" data-latitude=""32.036087"" data-longitude=""-81.066852"">
        <div class=""store-details__main-distance""></div>
        <a class=""store-details__main-directions"" href=""javascript:void(0);"" target=""_blank""></a>
    </div>",(912) 417-8592
"<img class=""store-details__map-image"" src=""https://maps.googleapis.com/maps/api/staticmap?center=Dollar+General%2C1920+E+Presidents+St%2CSavannah+GA+31404-1022&amp;zoom=15&amp;size=730x600&amp;markers=icon%3Ahttps%3A%2F%2Fwww.dollargeneral.com%2Fetc.clientlibs%2Fdollargeneral%2Fclientlibs%2Fclientlib-site%2Fresources%2Fimages%2Fstatic-map-pin.png%7C32.070447%2C-81.056604&amp;key=AIzaSyDi0nb6nKeHaDJWFtAvbAIPKBrUuAc_mTY&amp;signature=xNM1j9tJjNe1oDzkzNznaeblPxE="" alt=""Google map showing the dropped pin on Dollar General,1920 E Presidents St,Savannah GA 31404-1022"">",1920 E Presidents St,"Savannah, GA 31404-1022","<div class=""store-details__main-travel"" data-latitude=""32.070447"" data-longitude=""-81.056604"">
        <div class=""store-details__main-distance""></div>
        <a class=""store-details__main-directions"" href=""javascript:void(0);"" target=""_blank""></a>
    </div>",(912) 231-4787
"<img class=""store-details__map-image"" src=""https://maps.googleapis.com/maps/api/staticmap?center=Dollar+General%2C1180+King+George+Blvd%2CSavannah+GA+31419-8991&amp;zoom=15&amp;size=730x600&amp;markers=icon%3Ahttps%3A%2F%2Fwww.dollargeneral.com%2Fetc.clientlibs%2Fdollargeneral%2Fclientlibs%2Fclientlib-site%2Fresources%2Fimages%2Fstatic-map-pin.png%7C31.9838%2C-81.2224&amp;key=AIzaSyDi0nb6nKeHaDJWFtAvbAIPKBrUuAc_mTY&amp;signature=wvQPYVEjMASE5flh1-GPFPwPlZM="" alt=""Google map showing the dropped pin on Dollar General,1180 King George Blvd,Savannah GA 31419-8991"">",1180 King George Blvd,"Savannah, GA 31419-8991","<div class=""store-details__main-travel"" data-latitude=""31.9838"" data-longitude=""-81.2224"">
        <div class=""store-details__main-distance""></div>
        <a class=""store-details__main-directions"" href=""javascript:void(0);"" target=""_blank""></a>
    </div>",(912) 244-4104
"<img class=""store-details__map-image"" src=""https://maps.googleapis.com/maps/api/staticmap?center=Dollar+General%2C6719+Waters+Ave%2CSavannah+GA+31406-2717&amp;zoom=15&amp;size=730x600&amp;markers=icon%3Ahttps%3A%2F%2Fwww.dollargeneral.com%2Fetc.clientlibs%2Fdollargeneral%2Fclientlibs%2Fclientlib-site%2Fresources%2Fimages%2Fstatic-map-pin.png%7C32.0092%2C-81.1004&amp;key=AIzaSyDi0nb6nKeHaDJWFtAvbAIPKBrUuAc_mTY&amp;signature=nUoZirP7YUrMNis3Zx8R4W-IMsE="" alt=""Google map showing the dropped pin on Dollar General,6719 Waters Ave,Savannah GA 31406-2717"">",6719 Waters Ave,"Savannah, GA 31406-2717","<div class=""store-details__main-travel"" data-latitude=""32.0092"" data-longitude=""-81.1004"" style=""display: none;"">
        <div class=""store-details__main-distance""></div>
        <a class=""store-details__main-directions"" href=""javascript:void(0);"" target=""_blank""></a>
    </div>",(912) 417-8588
"<img class=""store-details__map-image"" src=""https://maps.googleapis.com/maps/api/staticmap?center=Dollar+General%2C3510+N+Decatur+Rd%2CScottdale+GA+30079-1805&amp;zoom=15&amp;size=730x600&amp;markers=icon%3Ahttps%3A%2F%2Fwww.dollargeneral.com%2Fetc.clientlibs%2Fdollargeneral%2Fclientlibs%2Fclientlib-site%2Fresources%2Fimages%2Fstatic-map-pin.png%7C33.788623%2C-84.249261&amp;key=AIzaSyDi0nb6nKeHaDJWFtAvbAIPKBrUuAc_mTY&amp;signature=rfqefcw5zuq_Gt6zKqUV9etirng="" alt=""Google map showing the dropped pin on Dollar General,3510 N Decatur Rd,Scottdale GA 30079-1805"">",3510 N Decatur Rd,"Scottdale, GA 30079-1805","<div class=""store-details__main-travel"" data-latitude=""33.788623"" data-longitude=""-84.249261"">
        <div class=""store-details__main-distance""></div>
        <a class=""store-details__main-directions"" href=""javascript:void(0);"" target=""_blank""></a>
    </div>",(470) 391-0879
"<img class=""store-details__map-image"" src=""https://maps.googleapis.com/maps/api/staticmap?center=Dollar+General%2C195+Village+Circle%2CSenoia+GA+30276&amp;zoom=15&amp;size=730x600&amp;markers=icon%3Ahttps%3A%2F%2Fwww.dollargeneral.com%2Fetc.clientlibs%2Fdollargeneral%2Fclientlibs%2Fclientlib-site%2Fresources%2Fimages%2Fstatic-map-pin.png%7C33.29396%2C-84.574255&amp;key=AIzaSyDi0nb6nKeHaDJWFtAvbAIPKBrUuAc_mTY&amp;signature=RqXikw-qh1rcJWciSgAcNNeU80U="" alt=""Google map showing the dropped pin on Dollar General,195 Village Circle,Senoia GA 30276"">",195 Village Circle,"Senoia, GA 30276","<div class=""store-details__main-travel"" data-latitude=""33.29396"" data-longitude=""-84.574255"">
        <div class=""store-details__main-distance""></div>
        <a class=""store-details__main-directions"" href=""javascript:void(0);"" target=""_blank""></a>
    </div>",(470) 980-2005
"<img class=""store-details__map-image"" src=""https://maps.googleapis.com/maps/api/staticmap?center=Dollar+General%2C3523+Highway+142%2CShady+Dale+GA+31085&amp;zoom=15&amp;size=730x600&amp;markers=icon%3Ahttps%3A%2F%2Fwww.dollargeneral.com%2Fetc.clientlibs%2Fdollargeneral%2Fclientlibs%2Fclientlib-site%2Fresources%2Fimages%2Fstatic-map-pin.png%7C33.4005%2C-83.5903&amp;key=AIzaSyDi0nb6nKeHaDJWFtAvbAIPKBrUuAc_mTY&amp;signature=Ri0QSH5sZufgOV_-3_j0z8vNuJg="" alt=""Google map showing the dropped pin on Dollar General,3523 Highway 142,Shady Dale GA 31085"">",3523 Highway 142,"Shady Dale, GA 31085","<div class=""store-details__main-travel"" data-latitude=""33.4005"" data-longitude=""-83.5903"" style=""display: none;"">
        <div class=""store-details__main-distance""></div>
        <a class=""store-details__main-directions"" href=""javascript:void(0);"" target=""_blank""></a>
    </div>",(706) 819-4476
"<img class=""store-details__map-image"" src=""https://maps.googleapis.com/maps/api/staticmap?center=Dollar+General%2C6742+Hwy+54%2CSharpsburg+GA+30277-2349&amp;zoom=15&amp;size=730x600&amp;markers=icon%3Ahttps%3A%2F%2Fwww.dollargeneral.com%2Fetc.clientlibs%2Fdollargeneral%2Fclientlibs%2Fclientlib-site%2Fresources%2Fimages%2Fstatic-map-pin.png%7C33.345012%2C-84.644541&amp;key=AIzaSyDi0nb6nKeHaDJWFtAvbAIPKBrUuAc_mTY&amp;signature=MTSNx9vCViFy-0RqH0V8EwCMZ70="" alt=""Google map showing the dropped pin on Dollar General,6742 Hwy 54,Sharpsburg GA 30277-2349"">",6742 Hwy 54,"Sharpsburg, GA 30277-2349","<div class=""store-details__main-travel"" data-latitude=""33.345012"" data-longitude=""-84.644541"">
        <div class=""store-details__main-distance""></div>
        <a class=""store-details__main-directions"" href=""javascript:void(0);"" target=""_blank""></a>
    </div>",(470) 347-3341
"<img class=""store-details__map-image"" src=""https://maps.googleapis.com/maps/api/staticmap?center=Dollar+General%2C2668+Us+Highway+82+E%2CShellman+GA+39886&amp;zoom=15&amp;size=730x600&amp;markers=icon%3Ahttps%3A%2F%2Fwww.dollargeneral.com%2Fetc.clientlibs%2Fdollargeneral%2Fclientlibs%2Fclientlib-site%2Fresources%2Fimages%2Fstatic-map-pin.png%7C31.7718%2C-84.6222&amp;key=AIzaSyDi0nb6nKeHaDJWFtAvbAIPKBrUuAc_mTY&amp;signature=m0SepGkBLHymatalfKG5F4H1xzs="" alt=""Google map showing the dropped pin on Dollar General,2668 Us Highway 82 E,Shellman GA 39886"">",2668 Us Highway 82 E,"Shellman, GA 39886","<div class=""store-details__main-travel"" data-latitude=""31.7718"" data-longitude=""-84.6222"">
        <div class=""store-details__main-distance""></div>
        <a class=""store-details__main-directions"" href=""javascript:void(0);"" target=""_blank""></a>
    </div>",(229) 231-1289
"<img class=""store-details__map-image"" src=""https://maps.googleapis.com/maps/api/staticmap?center=Dollar+General%2C20+Old+Shiloh+Rd%2CShiloh+GA+31826-2002&amp;zoom=15&amp;size=730x600&amp;markers=icon%3Ahttps%3A%2F%2Fwww.dollargeneral.com%2Fetc.clientlibs%2Fdollargeneral%2Fclientlibs%2Fclientlib-site%2Fresources%2Fimages%2Fstatic-map-pin.png%7C32.820976%2C-84.697794&amp;key=AIzaSyDi0nb6nKeHaDJWFtAvbAIPKBrUuAc_mTY&amp;signature=ggHxVCoUseippV0Cbh7Kwh7dN6o="" alt=""Google map showing the dropped pin on Dollar General,20 Old Shiloh Rd,Shiloh GA 31826-2002"">",20 Old Shiloh Rd,"Shiloh, GA 31826-2002","<div class=""store-details__main-travel"" data-latitude=""32.820976"" data-longitude=""-84.697794"">
        <div class=""store-details__main-distance""></div>
        <a class=""store-details__main-directions"" href=""javascript:void(0);"" target=""_blank""></a>
    </div>",(470) 766-0083
"<img class=""store-details__map-image"" src=""https://maps.googleapis.com/maps/api/staticmap?center=Dollar+General%2C216+Church+Street%2CSmithville+GA+31787-2400&amp;zoom=15&amp;size=730x600&amp;markers=icon%3Ahttps%3A%2F%2Fwww.dollargeneral.com%2Fetc.clientlibs%2Fdollargeneral%2Fclientlibs%2Fclientlib-site%2Fresources%2Fimages%2Fstatic-map-pin.png%7C31.9018%2C-84.2618&amp;key=AIzaSyDi0nb6nKeHaDJWFtAvbAIPKBrUuAc_mTY&amp;signature=lRkwbm7qE8G4YNYfInbAeDXUzFY="" alt=""Google map showing the dropped pin on Dollar General,216 Church Street,Smithville GA 31787-2400"">",216 Church Street,"Smithville, GA 31787-2400","<div class=""store-details__main-travel"" data-latitude=""31.9018"" data-longitude=""-84.2618"" style=""display: none;"">
        <div class=""store-details__main-distance""></div>
        <a class=""store-details__main-directions"" href=""javascript:void(0);"" target=""_blank""></a>
    </div>",(912) 387-2185
"<img class=""store-details__map-image"" src=""https://maps.googleapis.com/maps/api/staticmap?center=Dollar+General%2C3201+S+Cobb+Dr%2CSmyrna+GA+30080-4115&amp;zoom=15&amp;size=730x600&amp;markers=icon%3Ahttps%3A%2F%2Fwww.dollargeneral.com%2Fetc.clientlibs%2Fdollargeneral%2Fclientlibs%2Fclientlib-site%2Fresources%2Fimages%2Fstatic-map-pin.png%7C33.8753%2C-84.5311&amp;key=AIzaSyDi0nb6nKeHaDJWFtAvbAIPKBrUuAc_mTY&amp;signature=xdIG5YK_Ya-7UhgA13PN3H07MoM="" alt=""Google map showing the dropped pin on Dollar General,3201 S Cobb Dr,Smyrna GA 30080-4115"">",3201 S Cobb Dr,"Smyrna, GA 30080-4115","<div class=""store-details__main-travel"" data-latitude=""33.8753"" data-longitude=""-84.5311"">
        <div class=""store-details__main-distance""></div>
        <a class=""store-details__main-directions"" href=""javascript:void(0);"" target=""_blank""></a>
    </div>",(470) 663-6756
"<img class=""store-details__map-image"" src=""https://maps.googleapis.com/maps/api/staticmap?center=Dollar+General%2C4385+Castle+Gate+Dr%2CSnellville+GA+30039&amp;zoom=15&amp;size=730x600&amp;markers=icon%3Ahttps%3A%2F%2Fwww.dollargeneral.com%2Fetc.clientlibs%2Fdollargeneral%2Fclientlibs%2Fclientlib-site%2Fresources%2Fimages%2Fstatic-map-pin.png%7C33.7805%2C-84.0469&amp;key=AIzaSyDi0nb6nKeHaDJWFtAvbAIPKBrUuAc_mTY&amp;signature=rJYV1UysdEVRipidn9q_5VYUSuE="" alt=""Google map showing the dropped pin on Dollar General,4385 Castle Gate Dr,Snellville GA 30039"">",4385 Castle Gate Dr,"Snellville, GA 30039","<div class=""store-details__main-travel"" data-latitude=""33.7805"" data-longitude=""-84.0469"">
        <div class=""store-details__main-distance""></div>
        <a class=""store-details__main-directions"" href=""javascript:void(0);"" target=""_blank""></a>
    </div>",(470) 242-8273
"<img class=""store-details__map-image"" src=""https://maps.googleapis.com/maps/api/staticmap?center=Dollar+General%2C2326+Henry+Clower+Blvd%2CSnellville+GA+30078-3108&amp;zoom=15&amp;size=730x600&amp;markers=icon%3Ahttps%3A%2F%2Fwww.dollargeneral.com%2Fetc.clientlibs%2Fdollargeneral%2Fclientlibs%2Fclientlib-site%2Fresources%2Fimages%2Fstatic-map-pin.png%7C33.8544%2C-84.0243&amp;key=AIzaSyDi0nb6nKeHaDJWFtAvbAIPKBrUuAc_mTY&amp;signature=-roDvsuKlr0prU1LqVMiz3l506U="" alt=""Google map showing the dropped pin on Dollar General,2326 Henry Clower Blvd,Snellville GA 30078-3108"">",2326 Henry Clower Blvd,"Snellville, GA 30078-3108","<div class=""store-details__main-travel"" data-latitude=""33.8544"" data-longitude=""-84.0243"">
        <div class=""store-details__main-distance""></div>
        <a class=""store-details__main-directions"" href=""javascript:void(0);"" target=""_blank""></a>
    </div>",(770) 847-7527
"<img class=""store-details__map-image"" src=""https://maps.googleapis.com/maps/api/staticmap?center=Dollar+General%2C3570+Lee+Rd%2CSnellville+GA+30039-5624&amp;zoom=15&amp;size=730x600&amp;markers=icon%3Ahttps%3A%2F%2Fwww.dollargeneral.com%2Fetc.clientlibs%2Fdollargeneral%2Fclientlibs%2Fclientlib-site%2Fresources%2Fimages%2Fstatic-map-pin.png%7C33.782545%2C-84.011012&amp;key=AIzaSyDi0nb6nKeHaDJWFtAvbAIPKBrUuAc_mTY&amp;signature=DCAebyA3dNZvxsASulcWAr6_NnY="" alt=""Google map showing the dropped pin on Dollar General,3570 Lee Rd,Snellville GA 30039-5624"">",3570 Lee Rd,"Snellville, GA 30039-5624","<div class=""store-details__main-travel"" data-latitude=""33.782545"" data-longitude=""-84.011012"" style=""display: none;"">
        <div class=""store-details__main-distance""></div>
        <a class=""store-details__main-directions"" href=""javascript:void(0);"" target=""_blank""></a>
    </div>",(470) 433-0097
"<img class=""store-details__map-image"" src=""https://maps.googleapis.com/maps/api/staticmap?center=Dollar+General%2C58+Hwy+11%2CSocial+Circle+GA+30025-5022&amp;zoom=15&amp;size=730x600&amp;markers=icon%3Ahttps%3A%2F%2Fwww.dollargeneral.com%2Fetc.clientlibs%2Fdollargeneral%2Fclientlibs%2Fclientlib-site%2Fresources%2Fimages%2Fstatic-map-pin.png%7C33.6006%2C-83.7503&amp;key=AIzaSyDi0nb6nKeHaDJWFtAvbAIPKBrUuAc_mTY&amp;signature=hGwngOv5UgY7-Hf9yqLPgM_A7yc="" alt=""Google map showing the dropped pin on Dollar General,58 Hwy 11,Social Circle GA 30025-5022"">",58 Hwy 11,"Social Circle, GA 30025-5022","<div class=""store-details__main-travel"" data-latitude=""33.6006"" data-longitude=""-83.7503"">
        <div class=""store-details__main-distance""></div>
        <a class=""store-details__main-directions"" href=""javascript:void(0);"" target=""_blank""></a>
    </div>",(470) 285-0612
"<img class=""store-details__map-image"" src=""https://maps.googleapis.com/maps/api/staticmap?center=Dollar+General%2C400+E+Main+St%2CSoperton+GA+30457-3655&amp;zoom=15&amp;size=730x600&amp;markers=icon%3Ahttps%3A%2F%2Fwww.dollargeneral.com%2Fetc.clientlibs%2Fdollargeneral%2Fclientlibs%2Fclientlib-site%2Fresources%2Fimages%2Fstatic-map-pin.png%7C32.374114%2C-82.58872&amp;key=AIzaSyDi0nb6nKeHaDJWFtAvbAIPKBrUuAc_mTY&amp;signature=0APe19X4jt0t4GCDaNh1vJlkUyE="" alt=""Google map showing the dropped pin on Dollar General,400 E Main St,Soperton GA 30457-3655"">",400 E Main St,"Soperton, GA 30457-3655","<div class=""store-details__main-travel"" data-latitude=""32.374114"" data-longitude=""-82.58872"">
        <div class=""store-details__main-distance""></div>
        <a class=""store-details__main-directions"" href=""javascript:void(0);"" target=""_blank""></a>
    </div>",(470) 766-0839
"<img class=""store-details__map-image"" src=""https://maps.googleapis.com/maps/api/staticmap?center=Dollar+General%2C109+S+Goodman+St%2CSparks+GA+31647-7547&amp;zoom=15&amp;size=730x600&amp;markers=icon%3Ahttps%3A%2F%2Fwww.dollargeneral.com%2Fetc.clientlibs%2Fdollargeneral%2Fclientlibs%2Fclientlib-site%2Fresources%2Fimages%2Fstatic-map-pin.png%7C31.165584%2C-83.436548&amp;key=AIzaSyDi0nb6nKeHaDJWFtAvbAIPKBrUuAc_mTY&amp;signature=J_2YD8_pmZQEbRI3DhE73ndkPiM="" alt=""Google map showing the dropped pin on Dollar General,109 S Goodman St,Sparks GA 31647-7547"">",109 S Goodman St,"Sparks, GA 31647-7547","<div class=""store-details__main-travel"" data-latitude=""31.165584"" data-longitude=""-83.436548"">
        <div class=""store-details__main-distance""></div>
        <a class=""store-details__main-directions"" href=""javascript:void(0);"" target=""_blank""></a>
    </div>",(706) 417-8162
"<img class=""store-details__map-image"" src=""https://maps.googleapis.com/maps/api/staticmap?center=Dollar+General%2C9632+Jones+St%2CSparta+GA+31087-1500&amp;zoom=15&amp;size=730x600&amp;markers=icon%3Ahttps%3A%2F%2Fwww.dollargeneral.com%2Fetc.clientlibs%2Fdollargeneral%2Fclientlibs%2Fclientlib-site%2Fresources%2Fimages%2Fstatic-map-pin.png%7C33.278138%2C-82.976276&amp;key=AIzaSyDi0nb6nKeHaDJWFtAvbAIPKBrUuAc_mTY&amp;signature=vZj5iDplgWb6kksQszOJCr-mNCM="" alt=""Google map showing the dropped pin on Dollar General,9632 Jones St,Sparta GA 31087-1500"">",9632 Jones St,"Sparta, GA 31087-1500","<div class=""store-details__main-travel"" data-latitude=""33.278138"" data-longitude=""-82.976276"" style=""display: none;"">
        <div class=""store-details__main-distance""></div>
        <a class=""store-details__main-directions"" href=""javascript:void(0);"" target=""_blank""></a>
    </div>",(706) 417-8412
"<img class=""store-details__map-image"" src=""https://maps.googleapis.com/maps/api/staticmap?center=Dollar+General%2C5121+Hwy+22+W%2CSparta+GA+31087&amp;zoom=15&amp;size=730x600&amp;markers=icon%3Ahttps%3A%2F%2Fwww.dollargeneral.com%2Fetc.clientlibs%2Fdollargeneral%2Fclientlibs%2Fclientlib-site%2Fresources%2Fimages%2Fstatic-map-pin.png%7C33.216%2C-83.0752&amp;key=AIzaSyDi0nb6nKeHaDJWFtAvbAIPKBrUuAc_mTY&amp;signature=ECmYE5TNZSNHNxdAoMeBnXA1tSg="" alt=""Google map showing the dropped pin on Dollar General,5121 Hwy 22 W,Sparta GA 31087"">",5121 Hwy 22 W,"Sparta, GA 31087","<div class=""store-details__main-travel"" data-latitude=""33.216"" data-longitude=""-83.0752"">
        <div class=""store-details__main-distance""></div>
        <a class=""store-details__main-directions"" href=""javascript:void(0);"" target=""_blank""></a>
    </div>",(706) 873-1976
"<img class=""store-details__map-image"" src=""https://maps.googleapis.com/maps/api/staticmap?center=Dollar+General%2C1375+Ga+Highway+21+S%2CSpringfield+GA+31329-5216&amp;zoom=15&amp;size=730x600&amp;markers=icon%3Ahttps%3A%2F%2Fwww.dollargeneral.com%2Fetc.clientlibs%2Fdollargeneral%2Fclientlibs%2Fclientlib-site%2Fresources%2Fimages%2Fstatic-map-pin.png%7C32.3513%2C-81.2942&amp;key=AIzaSyDi0nb6nKeHaDJWFtAvbAIPKBrUuAc_mTY&amp;signature=60uOq6nLmw2QRbv6_B1i7DVuEs4="" alt=""Google map showing the dropped pin on Dollar General,1375 Ga Highway 21 S,Springfield GA 31329-5216"">",1375 Ga Highway 21 S,"Springfield, GA 31329-5216","<div class=""store-details__main-travel"" data-latitude=""32.3513"" data-longitude=""-81.2942"" style=""display: none;"">
        <div class=""store-details__main-distance""></div>
        <a class=""store-details__main-directions"" href=""javascript:void(0);"" target=""_blank""></a>
    </div>",(912) 244-4210
"<img class=""store-details__map-image"" src=""https://maps.googleapis.com/maps/api/staticmap?center=Dollar+General%2C247+E+Main+St%2CStapleton+GA+30823-5127&amp;zoom=15&amp;size=730x600&amp;markers=icon%3Ahttps%3A%2F%2Fwww.dollargeneral.com%2Fetc.clientlibs%2Fdollargeneral%2Fclientlibs%2Fclientlib-site%2Fresources%2Fimages%2Fstatic-map-pin.png%7C33.216%2C-82.4666&amp;key=AIzaSyDi0nb6nKeHaDJWFtAvbAIPKBrUuAc_mTY&amp;signature=IXq2eXfuXbmh-rds4W9rtQ1Iilk="" alt=""Google map showing the dropped pin on Dollar General,247 E Main St,Stapleton GA 30823-5127"">",247 E Main St,"Stapleton, GA 30823-5127","<div class=""store-details__main-travel"" data-latitude=""33.216"" data-longitude=""-82.4666"">
        <div class=""store-details__main-distance""></div>
        <a class=""store-details__main-directions"" href=""javascript:void(0);"" target=""_blank""></a>
    </div>",(470) 604-7790
"<img class=""store-details__map-image"" src=""https://maps.googleapis.com/maps/api/staticmap?center=Dollar+General%2C148+Hwy+94+E%2CStatenville+GA+31648-2000&amp;zoom=15&amp;size=730x600&amp;markers=icon%3Ahttps%3A%2F%2Fwww.dollargeneral.com%2Fetc.clientlibs%2Fdollargeneral%2Fclientlibs%2Fclientlib-site%2Fresources%2Fimages%2Fstatic-map-pin.png%7C30.7034%2C-83.0264&amp;key=AIzaSyDi0nb6nKeHaDJWFtAvbAIPKBrUuAc_mTY&amp;signature=9Sq_jyE2n2IAYZJPmhvctTtdgPw="" alt=""Google map showing the dropped pin on Dollar General,148 Hwy 94 E,Statenville GA 31648-2000"">",148 Hwy 94 E,"Statenville, GA 31648-2000","<div class=""store-details__main-travel"" data-latitude=""30.7034"" data-longitude=""-83.0264"">
        <div class=""store-details__main-distance""></div>
        <a class=""store-details__main-directions"" href=""javascript:void(0);"" target=""_blank""></a>
    </div>",(229) 466-0758
"<img class=""store-details__map-image"" src=""https://maps.googleapis.com/maps/api/staticmap?center=Dollar+General%2C21246+Highway+301+N%2CStatesboro+GA+30461&amp;zoom=15&amp;size=730x600&amp;markers=icon%3Ahttps%3A%2F%2Fwww.dollargeneral.com%2Fetc.clientlibs%2Fdollargeneral%2Fclientlibs%2Fclientlib-site%2Fresources%2Fimages%2Fstatic-map-pin.png%7C32.5117%2C-81.7356&amp;key=AIzaSyDi0nb6nKeHaDJWFtAvbAIPKBrUuAc_mTY&amp;signature=sp1An09vdaTHs3NooUaAGb2Umf8="" alt=""Google map showing the dropped pin on Dollar General,21246 Highway 301 N,Statesboro GA 30461"">",21246 Highway 301 N,"Statesboro, GA 30461","<div class=""store-details__main-travel"" data-latitude=""32.5117"" data-longitude=""-81.7356"">
        <div class=""store-details__main-distance""></div>
        <a class=""store-details__main-directions"" href=""javascript:void(0);"" target=""_blank""></a>
    </div>",(912) 290-2168
"<img class=""store-details__map-image"" src=""https://maps.googleapis.com/maps/api/staticmap?center=Dollar+General%2C1895+Atlanta+Hwy+Se%2CStatham+GA+30666&amp;zoom=15&amp;size=730x600&amp;markers=icon%3Ahttps%3A%2F%2Fwww.dollargeneral.com%2Fetc.clientlibs%2Fdollargeneral%2Fclientlibs%2Fclientlib-site%2Fresources%2Fimages%2Fstatic-map-pin.png%7C33.965201%2C-83.5991&amp;key=AIzaSyDi0nb6nKeHaDJWFtAvbAIPKBrUuAc_mTY&amp;signature=-8NckYCkbfqm3yG-6woIFKyybrE="" alt=""Google map showing the dropped pin on Dollar General,1895 Atlanta Hwy Se,Statham GA 30666"">",1895 Atlanta Hwy Se,"Statham, GA 30666","<div class=""store-details__main-travel"" data-latitude=""33.965201"" data-longitude=""-83.5991"" style=""display: none;"">
        <div class=""store-details__main-distance""></div>
        <a class=""store-details__main-directions"" href=""javascript:void(0);"" target=""_blank""></a>
    </div>",(470) 499-2540
"<img class=""store-details__map-image"" src=""https://maps.googleapis.com/maps/api/staticmap?center=Dollar+General%2C5627+N+Henry+Blvd+Ste+100%2CStockbridge+GA+30281-3244&amp;zoom=15&amp;size=730x600&amp;markers=icon%3Ahttps%3A%2F%2Fwww.dollargeneral.com%2Fetc.clientlibs%2Fdollargeneral%2Fclientlibs%2Fclientlib-site%2Fresources%2Fimages%2Fstatic-map-pin.png%7C33.554607%2C-84.260833&amp;key=AIzaSyDi0nb6nKeHaDJWFtAvbAIPKBrUuAc_mTY&amp;signature=rFhX7Fix2KNteWP7rvkA9CYRczw="" alt=""Google map showing the dropped pin on Dollar General,5627 N Henry Blvd Ste 100,Stockbridge GA 30281-3244"">",5627 N Henry Blvd Ste 100,"Stockbridge, GA 30281-3244","<div class=""store-details__main-travel"" data-latitude=""33.554607"" data-longitude=""-84.260833"">
        <div class=""store-details__main-distance""></div>
        <a class=""store-details__main-directions"" href=""javascript:void(0);"" target=""_blank""></a>
    </div>",(470) 615-6007
"<img class=""store-details__map-image"" src=""https://maps.googleapis.com/maps/api/staticmap?center=Dollar+General%2C875+East+Atlanta+Road%2CStockbridge+GA+30281-2568&amp;zoom=15&amp;size=730x600&amp;markers=icon%3Ahttps%3A%2F%2Fwww.dollargeneral.com%2Fetc.clientlibs%2Fdollargeneral%2Fclientlibs%2Fclientlib-site%2Fresources%2Fimages%2Fstatic-map-pin.png%7C33.569264%2C-84.23408&amp;key=AIzaSyDi0nb6nKeHaDJWFtAvbAIPKBrUuAc_mTY&amp;signature=voOX37u5_ez0jQnCpGAyDrckfKM="" alt=""Google map showing the dropped pin on Dollar General,875 East Atlanta Road,Stockbridge GA 30281-2568"">",875 East Atlanta Road,"Stockbridge, GA 30281-2568","<div class=""store-details__main-travel"" data-latitude=""33.5687"" data-longitude=""-84.2342"">
        <div class=""store-details__main-distance""></div>
        <a class=""store-details__main-directions"" href=""javascript:void(0);"" target=""_blank""></a>
    </div>",(678) 829-7765
"<img class=""store-details__map-image"" src=""https://maps.googleapis.com/maps/api/staticmap?center=Dollar+General%2C1005+Brentwood+Pkwy%2CStockbridge+GA+30281-7156&amp;zoom=15&amp;size=730x600&amp;markers=icon%3Ahttps%3A%2F%2Fwww.dollargeneral.com%2Fetc.clientlibs%2Fdollargeneral%2Fclientlibs%2Fclientlib-site%2Fresources%2Fimages%2Fstatic-map-pin.png%7C33.527272%2C-84.267426&amp;key=AIzaSyDi0nb6nKeHaDJWFtAvbAIPKBrUuAc_mTY&amp;signature=3XEcpQqd46dZ0oFaqzBshSwaa2s="" alt=""Google map showing the dropped pin on Dollar General,1005 Brentwood Pkwy,Stockbridge GA 30281-7156"">",1005 Brentwood Pkwy #106,"Stockbridge, GA 30281-7156","<div class=""store-details__main-travel"" data-latitude=""33.527272"" data-longitude=""-84.267426"">
        <div class=""store-details__main-distance""></div>
        <a class=""store-details__main-directions"" href=""javascript:void(0);"" target=""_blank""></a>
    </div>",(470) 491-2065
"<img class=""store-details__map-image"" src=""https://maps.googleapis.com/maps/api/staticmap?center=Dollar+General%2C5400+E+Fairview+Rd+Sw%2CStockbridge+GA+30281-5301&amp;zoom=15&amp;size=730x600&amp;markers=icon%3Ahttps%3A%2F%2Fwww.dollargeneral.com%2Fetc.clientlibs%2Fdollargeneral%2Fclientlibs%2Fclientlib-site%2Fresources%2Fimages%2Fstatic-map-pin.png%7C33.6108%2C-84.1644&amp;key=AIzaSyDi0nb6nKeHaDJWFtAvbAIPKBrUuAc_mTY&amp;signature=jPJQv6wQgfFlEkJYgbLAMHYJ3F0="" alt=""Google map showing the dropped pin on Dollar General,5400 E Fairview Rd Sw,Stockbridge GA 30281-5301"">",5400 E Fairview Rd Sw,"Stockbridge, GA 30281-5301","<div class=""store-details__main-travel"" data-latitude=""33.6108"" data-longitude=""-84.1644"">
        <div class=""store-details__main-distance""></div>
        <a class=""store-details__main-directions"" href=""javascript:void(0);"" target=""_blank""></a>
    </div>",(470) 369-7812
"<img class=""store-details__map-image"" src=""https://maps.googleapis.com/maps/api/staticmap?center=Dollar+General%2C1910+Jodeco+Rd%2CStockbridge+GA+30281-5118&amp;zoom=15&amp;size=730x600&amp;markers=icon%3Ahttps%3A%2F%2Fwww.dollargeneral.com%2Fetc.clientlibs%2Fdollargeneral%2Fclientlibs%2Fclientlib-site%2Fresources%2Fimages%2Fstatic-map-pin.png%7C33.483379%2C-84.230052&amp;key=AIzaSyDi0nb6nKeHaDJWFtAvbAIPKBrUuAc_mTY&amp;signature=u61W9SaR_oDSIK5qZl6sl1iOA3c="" alt=""Google map showing the dropped pin on Dollar General,1910 Jodeco Rd,Stockbridge GA 30281-5118"">",1910 Jodeco Rd,"Stockbridge, GA 30281-5118","<div class=""store-details__main-travel"" data-latitude=""33.483379"" data-longitude=""-84.230052"">
        <div class=""store-details__main-distance""></div>
        <a class=""store-details__main-directions"" href=""javascript:void(0);"" target=""_blank""></a>
    </div>",(470) 615-0170
"<img class=""store-details__map-image"" src=""https://maps.googleapis.com/maps/api/staticmap?center=Dollar+General%2C3440+Highway+42%2CStockbridge+GA+30281-4443&amp;zoom=15&amp;size=730x600&amp;markers=icon%3Ahttps%3A%2F%2Fwww.dollargeneral.com%2Fetc.clientlibs%2Fdollargeneral%2Fclientlibs%2Fclientlib-site%2Fresources%2Fimages%2Fstatic-map-pin.png%7C33.533294%2C-84.198421&amp;key=AIzaSyDi0nb6nKeHaDJWFtAvbAIPKBrUuAc_mTY&amp;signature=clZeWpNFkofNFtkHleG-X9goTFs="" alt=""Google map showing the dropped pin on Dollar General,3440 Highway 42,Stockbridge GA 30281-4443"">",3440 Highway 42,"Stockbridge, GA 30281-4443","<div class=""store-details__main-travel"" data-latitude=""33.533294"" data-longitude=""-84.198421"">
        <div class=""store-details__main-distance""></div>
        <a class=""store-details__main-directions"" href=""javascript:void(0);"" target=""_blank""></a>
    </div>",(470) 851-2775
"<img class=""store-details__map-image"" src=""https://maps.googleapis.com/maps/api/staticmap?center=Dollar+General%2C4945+N.+Highway+155%2CStockbridge+GA+30281-2345&amp;zoom=15&amp;size=730x600&amp;markers=icon%3Ahttps%3A%2F%2Fwww.dollargeneral.com%2Fetc.clientlibs%2Fdollargeneral%2Fclientlibs%2Fclientlib-site%2Fresources%2Fimages%2Fstatic-map-pin.png%7C33.582022%2C-84.149821&amp;key=AIzaSyDi0nb6nKeHaDJWFtAvbAIPKBrUuAc_mTY&amp;signature=HH3_nR0qViPHun1vnBEBCZPduEw="" alt=""Google map showing the dropped pin on Dollar General,4945 N. Highway 155,Stockbridge GA 30281-2345"">",4945 N. Highway 155,"Stockbridge, GA 30281-2345","<div class=""store-details__main-travel"" data-latitude=""33.582022"" data-longitude=""-84.149821"">
        <div class=""store-details__main-distance""></div>
        <a class=""store-details__main-directions"" href=""javascript:void(0);"" target=""_blank""></a>
    </div>",(470) 491-2049
"<img class=""store-details__map-image"" src=""https://maps.googleapis.com/maps/api/staticmap?center=Dollar+General%2C4733+Redan+Road%2CStone+Mountain+GA+30088-4541&amp;zoom=15&amp;size=730x600&amp;markers=icon%3Ahttps%3A%2F%2Fwww.dollargeneral.com%2Fetc.clientlibs%2Fdollargeneral%2Fclientlibs%2Fclientlib-site%2Fresources%2Fimages%2Fstatic-map-pin.png%7C33.761577%2C-84.198778&amp;key=AIzaSyDi0nb6nKeHaDJWFtAvbAIPKBrUuAc_mTY&amp;signature=8eTxwqfZhj7TEEXM-1oP855Fjug="" alt=""Google map showing the dropped pin on Dollar General,4733 Redan Road,Stone Mountain GA 30088-4541"">",4733 Redan Road,"Stone Mountain, GA 30088-4541","<div class=""store-details__main-travel"" data-latitude=""33.761577"" data-longitude=""-84.198778"">
        <div class=""store-details__main-distance""></div>
        <a class=""store-details__main-directions"" href=""javascript:void(0);"" target=""_blank""></a>
    </div>",(470) 344-2750
"<img class=""store-details__map-image"" src=""https://maps.googleapis.com/maps/api/staticmap?center=Dollar+General%2C2873+Sugar+Valley+Rd+Nw%2CSugar+Valley+GA+30746-5175&amp;zoom=15&amp;size=730x600&amp;markers=icon%3Ahttps%3A%2F%2Fwww.dollargeneral.com%2Fetc.clientlibs%2Fdollargeneral%2Fclientlibs%2Fclientlib-site%2Fresources%2Fimages%2Fstatic-map-pin.png%7C34.5539%2C-85.0078&amp;key=AIzaSyDi0nb6nKeHaDJWFtAvbAIPKBrUuAc_mTY&amp;signature=id-MM3xW1sGqFy2DPO-GlWcPQnc="" alt=""Google map showing the dropped pin on Dollar General,2873 Sugar Valley Rd Nw,Sugar Valley GA 30746-5175"">",2873 Sugar Valley Rd Nw,"Sugar Valley, GA 30746-5175","<div class=""store-details__main-travel"" data-latitude=""34.5539"" data-longitude=""-85.0078"">
        <div class=""store-details__main-distance""></div>
        <a class=""store-details__main-directions"" href=""javascript:void(0);"" target=""_blank""></a>
    </div>",(706) 609-0040
"<img class=""store-details__map-image"" src=""https://maps.googleapis.com/maps/api/staticmap?center=Dollar+General%2C49+Gore+Subligna+Rd%2CSummerville+GA+30747&amp;zoom=15&amp;size=730x600&amp;markers=icon%3Ahttps%3A%2F%2Fwww.dollargeneral.com%2Fetc.clientlibs%2Fdollargeneral%2Fclientlibs%2Fclientlib-site%2Fresources%2Fimages%2Fstatic-map-pin.png%7C34.4662%2C-85.2693&amp;key=AIzaSyDi0nb6nKeHaDJWFtAvbAIPKBrUuAc_mTY&amp;signature=dz0psLHnPuvBpf8XPz_7LtGngPo="" alt=""Google map showing the dropped pin on Dollar General,49 Gore Subligna Rd,Summerville GA 30747"">",49 Gore Subligna Rd,"Summerville, GA 30747","<div class=""store-details__main-travel"" data-latitude=""34.4662"" data-longitude=""-85.2693"">
        <div class=""store-details__main-distance""></div>
        <a class=""store-details__main-directions"" href=""javascript:void(0);"" target=""_blank""></a>
    </div>",(706) 907-0185
"<img class=""store-details__map-image"" src=""https://maps.googleapis.com/maps/api/staticmap?center=Dollar+General%2C104+Sumner+Rd+S%2CSumner+GA+31789-4425&amp;zoom=15&amp;size=730x600&amp;markers=icon%3Ahttps%3A%2F%2Fwww.dollargeneral.com%2Fetc.clientlibs%2Fdollargeneral%2Fclientlibs%2Fclientlib-site%2Fresources%2Fimages%2Fstatic-map-pin.png%7C31.50815%2C-83.73938&amp;key=AIzaSyDi0nb6nKeHaDJWFtAvbAIPKBrUuAc_mTY&amp;signature=CR5WVoSLThKH9oteNh8SF6T_jdg="" alt=""Google map showing the dropped pin on Dollar General,104 Sumner Rd S,Sumner GA 31789-4425"">",104 Sumner Rd S,"Sumner, GA 31789-4425","<div class=""store-details__main-travel"" data-latitude=""31.50815"" data-longitude=""-83.73938"">
        <div class=""store-details__main-distance""></div>
        <a class=""store-details__main-directions"" href=""javascript:void(0);"" target=""_blank""></a>
    </div>",(229) 256-2098
"<img class=""store-details__map-image"" src=""https://maps.googleapis.com/maps/api/staticmap?center=Dollar+General%2C9690+Golden+Isles+E%2CSurrency+GA+31563&amp;zoom=15&amp;size=730x600&amp;markers=icon%3Ahttps%3A%2F%2Fwww.dollargeneral.com%2Fetc.clientlibs%2Fdollargeneral%2Fclientlibs%2Fclientlib-site%2Fresources%2Fimages%2Fstatic-map-pin.png%7C31.7251%2C-82.1969&amp;key=AIzaSyDi0nb6nKeHaDJWFtAvbAIPKBrUuAc_mTY&amp;signature=AQEWCtB3JN5eV57x88R6osLpDMs="" alt=""Google map showing the dropped pin on Dollar General,9690 Golden Isles E,Surrency GA 31563"">",9690 Golden Isles E,"Surrency, GA 31563","<div class=""store-details__main-travel"" data-latitude=""31.7251"" data-longitude=""-82.1969"">
        <div class=""store-details__main-distance""></div>
        <a class=""store-details__main-directions"" href=""javascript:void(0);"" target=""_blank""></a>
    </div>",(912) 937-0342
"<img class=""store-details__map-image"" src=""https://maps.googleapis.com/maps/api/staticmap?center=Dollar+General%2C2100+Lawrenceville+Suwane%2CSuwanee+GA+30024-2621&amp;zoom=15&amp;size=730x600&amp;markers=icon%3Ahttps%3A%2F%2Fwww.dollargeneral.com%2Fetc.clientlibs%2Fdollargeneral%2Fclientlibs%2Fclientlib-site%2Fresources%2Fimages%2Fstatic-map-pin.png%7C34.0025%2C-84.04107&amp;key=AIzaSyDi0nb6nKeHaDJWFtAvbAIPKBrUuAc_mTY&amp;signature=X060cJ16g4iWGHIsZp8ttpTaBvA="" alt=""Google map showing the dropped pin on Dollar General,2100 Lawrenceville Suwane,Suwanee GA 30024-2621"">",2100 Lawrenceville Suwane,"Suwanee, GA 30024-2621","<div class=""store-details__main-travel"" data-latitude=""34.0025"" data-longitude=""-84.04107"" style=""display: none;"">
        <div class=""store-details__main-distance""></div>
        <a class=""store-details__main-directions"" href=""javascript:void(0);"" target=""_blank""></a>
    </div>",(470) 655-1853
"<img class=""store-details__map-image"" src=""https://maps.googleapis.com/maps/api/staticmap?center=Dollar+General%2C221+W+Main+St%2CSwainsboro+GA+30401-3102&amp;zoom=15&amp;size=730x600&amp;markers=icon%3Ahttps%3A%2F%2Fwww.dollargeneral.com%2Fetc.clientlibs%2Fdollargeneral%2Fclientlibs%2Fclientlib-site%2Fresources%2Fimages%2Fstatic-map-pin.png%7C32.5955%2C-82.3371&amp;key=AIzaSyDi0nb6nKeHaDJWFtAvbAIPKBrUuAc_mTY&amp;signature=_R1osFTT3RzEb0ZW-OgmZPXO23A="" alt=""Google map showing the dropped pin on Dollar General,221 W Main St,Swainsboro GA 30401-3102"">",221 W Main St,"Swainsboro, GA 30401-3102","<div class=""store-details__main-travel"" data-latitude=""32.5955"" data-longitude=""-82.3371"">
        <div class=""store-details__main-distance""></div>
        <a class=""store-details__main-directions"" href=""javascript:void(0);"" target=""_blank""></a>
    </div>",(478) 268-3495
"<img class=""store-details__map-image"" src=""https://maps.googleapis.com/maps/api/staticmap?center=Dollar+General%2C2515+Ga+Highway+41%2CSycamore+GA+31790-2201&amp;zoom=15&amp;size=730x600&amp;markers=icon%3Ahttps%3A%2F%2Fwww.dollargeneral.com%2Fetc.clientlibs%2Fdollargeneral%2Fclientlibs%2Fclientlib-site%2Fresources%2Fimages%2Fstatic-map-pin.png%7C31.67378%2C-83.6371&amp;key=AIzaSyDi0nb6nKeHaDJWFtAvbAIPKBrUuAc_mTY&amp;signature=4FcCecny2uqC09OuYY43-VU60ys="" alt=""Google map showing the dropped pin on Dollar General,2515 Ga Highway 41,Sycamore GA 31790-2201"">",2515 Ga Highway 41,"Sycamore, GA 31790-2201","<div class=""store-details__main-travel"" data-latitude=""31.67378"" data-longitude=""-83.6371"">
        <div class=""store-details__main-distance""></div>
        <a class=""store-details__main-directions"" href=""javascript:void(0);"" target=""_blank""></a>
    </div>",(706) 748-8300
"<img class=""store-details__map-image"" src=""https://maps.googleapis.com/maps/api/staticmap?center=Dollar+General%2C518+W+Ogeechee+St%2CSylvania+GA+30467-2231&amp;zoom=15&amp;size=730x600&amp;markers=icon%3Ahttps%3A%2F%2Fwww.dollargeneral.com%2Fetc.clientlibs%2Fdollargeneral%2Fclientlibs%2Fclientlib-site%2Fresources%2Fimages%2Fstatic-map-pin.png%7C32.7458%2C-81.6464&amp;key=AIzaSyDi0nb6nKeHaDJWFtAvbAIPKBrUuAc_mTY&amp;signature=klfnm8fNZO-zpNRZwNw1JP9xJUE="" alt=""Google map showing the dropped pin on Dollar General,518 W Ogeechee St,Sylvania GA 30467-2231"">",518 W Ogeechee St,"Sylvania, GA 30467-2231","<div class=""store-details__main-travel"" data-latitude=""32.7458"" data-longitude=""-81.6464"">
        <div class=""store-details__main-distance""></div>
        <a class=""store-details__main-directions"" href=""javascript:void(0);"" target=""_blank""></a>
    </div>",(470) 344-2756
"<img class=""store-details__map-image"" src=""https://maps.googleapis.com/maps/api/staticmap?center=Dollar+General%2C6509+Statesboro+Highway%2CSylvania+GA+30467&amp;zoom=15&amp;size=730x600&amp;markers=icon%3Ahttps%3A%2F%2Fwww.dollargeneral.com%2Fetc.clientlibs%2Fdollargeneral%2Fclientlibs%2Fclientlib-site%2Fresources%2Fimages%2Fstatic-map-pin.png%7C32.591675%2C-81.703324&amp;key=AIzaSyDi0nb6nKeHaDJWFtAvbAIPKBrUuAc_mTY&amp;signature=7evAKgVUbgGCa4dBphOJmav9vl4="" alt=""Google map showing the dropped pin on Dollar General,6509 Statesboro Highway,Sylvania GA 30467"">",6509 Statesboro Highway,"Sylvania, GA 30467","<div class=""store-details__main-travel"" data-latitude=""32.591675"" data-longitude=""-81.703324"">
        <div class=""store-details__main-distance""></div>
        <a class=""store-details__main-directions"" href=""javascript:void(0);"" target=""_blank""></a>
    </div>",(470) 571-0010
"<img class=""store-details__map-image"" src=""https://maps.googleapis.com/maps/api/staticmap?center=Dollar+General%2C383+Halcyondale+Rd%2CSylvania+GA+30467&amp;zoom=15&amp;size=730x600&amp;markers=icon%3Ahttps%3A%2F%2Fwww.dollargeneral.com%2Fetc.clientlibs%2Fdollargeneral%2Fclientlibs%2Fclientlib-site%2Fresources%2Fimages%2Fstatic-map-pin.png%7C32.7335%2C-81.6302&amp;key=AIzaSyDi0nb6nKeHaDJWFtAvbAIPKBrUuAc_mTY&amp;signature=IUgubqx_ctAjQpKpGV0-BW0gG6I="" alt=""Google map showing the dropped pin on Dollar General,383 Halcyondale Rd,Sylvania GA 30467"">",383 Halcyondale Rd,"Sylvania, GA 30467","<div class=""store-details__main-travel"" data-latitude=""32.7335"" data-longitude=""-81.6302"" style=""display: none;"">
        <div class=""store-details__main-distance""></div>
        <a class=""store-details__main-directions"" href=""javascript:void(0);"" target=""_blank""></a>
    </div>",(615) 855-4000
"<img class=""store-details__map-image"" src=""https://maps.googleapis.com/maps/api/staticmap?center=Dollar+General%2C107+Woodcrest+Rd%2CSylvester+GA+31791&amp;zoom=15&amp;size=730x600&amp;markers=icon%3Ahttps%3A%2F%2Fwww.dollargeneral.com%2Fetc.clientlibs%2Fdollargeneral%2Fclientlibs%2Fclientlib-site%2Fresources%2Fimages%2Fstatic-map-pin.png%7C31.5519%2C-83.9373&amp;key=AIzaSyDi0nb6nKeHaDJWFtAvbAIPKBrUuAc_mTY&amp;signature=jf61tnqzeIq4_K3jI5fuMwQWQsc="" alt=""Google map showing the dropped pin on Dollar General,107 Woodcrest Rd,Sylvester GA 31791"">",107 Woodcrest Rd,"Sylvester, GA 31791","<div class=""store-details__main-travel"" data-latitude=""31.5519"" data-longitude=""-83.9373"">
        <div class=""store-details__main-distance""></div>
        <a class=""store-details__main-directions"" href=""javascript:void(0);"" target=""_blank""></a>
    </div>",(470) 440-4969
"<img class=""store-details__map-image"" src=""https://maps.googleapis.com/maps/api/staticmap?center=Dollar+General%2C402+W+Franklin+St%2CSylvester+GA+31791-2048&amp;zoom=15&amp;size=730x600&amp;markers=icon%3Ahttps%3A%2F%2Fwww.dollargeneral.com%2Fetc.clientlibs%2Fdollargeneral%2Fclientlibs%2Fclientlib-site%2Fresources%2Fimages%2Fstatic-map-pin.png%7C31.53098%2C-83.84173&amp;key=AIzaSyDi0nb6nKeHaDJWFtAvbAIPKBrUuAc_mTY&amp;signature=PGd79y5ie4fSr2zcPm5Ej0BoAnE="" alt=""Google map showing the dropped pin on Dollar General,402 W Franklin St,Sylvester GA 31791-2048"">",402 W Franklin St,"Sylvester, GA 31791-2048","<div class=""store-details__main-travel"" data-latitude=""31.53098"" data-longitude=""-83.84173"">
        <div class=""store-details__main-distance""></div>
        <a class=""store-details__main-directions"" href=""javascript:void(0);"" target=""_blank""></a>
    </div>",(478) 721-4550
"<img class=""store-details__map-image"" src=""https://maps.googleapis.com/maps/api/staticmap?center=Dollar+General%2C2310+Highway+313%2CSylvester+GA+31791-7427&amp;zoom=15&amp;size=730x600&amp;markers=icon%3Ahttps%3A%2F%2Fwww.dollargeneral.com%2Fetc.clientlibs%2Fdollargeneral%2Fclientlibs%2Fclientlib-site%2Fresources%2Fimages%2Fstatic-map-pin.png%7C31.5684%2C-83.8538&amp;key=AIzaSyDi0nb6nKeHaDJWFtAvbAIPKBrUuAc_mTY&amp;signature=vSkCajpolpdeZYDoj8-1DgXpD7o="" alt=""Google map showing the dropped pin on Dollar General,2310 Highway 313,Sylvester GA 31791-7427"">",2310 Highway 313,"Sylvester, GA 31791-7427","<div class=""store-details__main-travel"" data-latitude=""31.5684"" data-longitude=""-83.8538"" style=""display: none;"">
        <div class=""store-details__main-distance""></div>
        <a class=""store-details__main-directions"" href=""javascript:void(0);"" target=""_blank""></a>
    </div>",(478) 207-5935
"<img class=""store-details__map-image"" src=""https://maps.googleapis.com/maps/api/staticmap?center=Dollar+General%2C306+N+Washington+Ave%2CTalbotton+GA+31827-2035&amp;zoom=15&amp;size=730x600&amp;markers=icon%3Ahttps%3A%2F%2Fwww.dollargeneral.com%2Fetc.clientlibs%2Fdollargeneral%2Fclientlibs%2Fclientlib-site%2Fresources%2Fimages%2Fstatic-map-pin.png%7C32.682828%2C-84.539212&amp;key=AIzaSyDi0nb6nKeHaDJWFtAvbAIPKBrUuAc_mTY&amp;signature=vaz_edxEl6WYq1Scnw7Qfupd03k="" alt=""Google map showing the dropped pin on Dollar General,306 N Washington Ave,Talbotton GA 31827-2035"">",306 N Washington Ave,"Talbotton, GA 31827-2035","<div class=""store-details__main-travel"" data-latitude=""32.682828"" data-longitude=""-84.539212"">
        <div class=""store-details__main-distance""></div>
        <a class=""store-details__main-directions"" href=""javascript:void(0);"" target=""_blank""></a>
    </div>",(706) 780-6740
"<img class=""store-details__map-image"" src=""https://maps.googleapis.com/maps/api/staticmap?center=Dollar+General%2C2335+Highway+136+Connecto%2CTalking+Rock+GA+30175-3354&amp;zoom=15&amp;size=730x600&amp;markers=icon%3Ahttps%3A%2F%2Fwww.dollargeneral.com%2Fetc.clientlibs%2Fdollargeneral%2Fclientlibs%2Fclientlib-site%2Fresources%2Fimages%2Fstatic-map-pin.png%7C34.4832%2C-84.5821&amp;key=AIzaSyDi0nb6nKeHaDJWFtAvbAIPKBrUuAc_mTY&amp;signature=tRXYjiqoDRPqNyZahIVwX9GMpMw="" alt=""Google map showing the dropped pin on Dollar General,2335 Highway 136 Connecto,Talking Rock GA 30175-3354"">",2335 Highway 136 Connecto,"Talking Rock, GA 30175-3354","<div class=""store-details__main-travel"" data-latitude=""34.4832"" data-longitude=""-84.5821"">
        <div class=""store-details__main-distance""></div>
        <a class=""store-details__main-directions"" href=""javascript:void(0);"" target=""_blank""></a>
    </div>",(470) 648-0907
"<img class=""store-details__map-image"" src=""https://maps.googleapis.com/maps/api/staticmap?center=Dollar+General%2C105+Dewey+St%2CTallapoosa+GA+30176-1512&amp;zoom=15&amp;size=730x600&amp;markers=icon%3Ahttps%3A%2F%2Fwww.dollargeneral.com%2Fetc.clientlibs%2Fdollargeneral%2Fclientlibs%2Fclientlib-site%2Fresources%2Fimages%2Fstatic-map-pin.png%7C33.7429%2C-85.2823&amp;key=AIzaSyDi0nb6nKeHaDJWFtAvbAIPKBrUuAc_mTY&amp;signature=_fMp7IqFMTFPM9RrR-JFTjZIGP8="" alt=""Google map showing the dropped pin on Dollar General,105 Dewey St,Tallapoosa GA 30176-1512"">",105 Dewey St,"Tallapoosa, GA 30176-1512","<div class=""store-details__main-travel"" data-latitude=""33.7429"" data-longitude=""-85.2823"">
        <div class=""store-details__main-distance""></div>
        <a class=""store-details__main-directions"" href=""javascript:void(0);"" target=""_blank""></a>
    </div>",(470) 837-0002
"<img class=""store-details__map-image"" src=""https://maps.googleapis.com/maps/api/staticmap?center=Dollar+General%2C760+Georgia+Highway+100+S%2CTallapoosa+GA+30176&amp;zoom=15&amp;size=730x600&amp;markers=icon%3Ahttps%3A%2F%2Fwww.dollargeneral.com%2Fetc.clientlibs%2Fdollargeneral%2Fclientlibs%2Fclientlib-site%2Fresources%2Fimages%2Fstatic-map-pin.png%7C33.6795%2C-85.2634&amp;key=AIzaSyDi0nb6nKeHaDJWFtAvbAIPKBrUuAc_mTY&amp;signature=ZxakPpxryXxgRxSGT-B5RjW_LiE="" alt=""Google map showing the dropped pin on Dollar General,760 Georgia Highway 100 S,Tallapoosa GA 30176"">",760 Georgia Highway 100 S,"Tallapoosa, GA 30176","<div class=""store-details__main-travel"" data-latitude=""33.6795"" data-longitude=""-85.2634"" style=""display: none;"">
        <div class=""store-details__main-distance""></div>
        <a class=""store-details__main-directions"" href=""javascript:void(0);"" target=""_blank""></a>
    </div>",(470) 329-0521
"<img class=""store-details__map-image"" src=""https://maps.googleapis.com/maps/api/staticmap?center=Dollar+General%2C50+Main+St%2CTalmo+GA+30575-1812&amp;zoom=15&amp;size=730x600&amp;markers=icon%3Ahttps%3A%2F%2Fwww.dollargeneral.com%2Fetc.clientlibs%2Fdollargeneral%2Fclientlibs%2Fclientlib-site%2Fresources%2Fimages%2Fstatic-map-pin.png%7C34.181745%2C-83.713562&amp;key=AIzaSyDi0nb6nKeHaDJWFtAvbAIPKBrUuAc_mTY&amp;signature=cIq-wgC2kzrVI5v5gtKAK_kyUmY="" alt=""Google map showing the dropped pin on Dollar General,50 Main St,Talmo GA 30575-1812"">",50 Main St,"Talmo, GA 30575-1812","<div class=""store-details__main-travel"" data-latitude=""34.181745"" data-longitude=""-83.713562"">
        <div class=""store-details__main-distance""></div>
        <a class=""store-details__main-directions"" href=""javascript:void(0);"" target=""_blank""></a>
    </div>",(470) 208-1535
"<img class=""store-details__map-image"" src=""https://maps.googleapis.com/maps/api/staticmap?center=Dollar+General%2C2335+Highway+113%2CTaylorsville+GA+30178-1832&amp;zoom=15&amp;size=730x600&amp;markers=icon%3Ahttps%3A%2F%2Fwww.dollargeneral.com%2Fetc.clientlibs%2Fdollargeneral%2Fclientlibs%2Fclientlib-site%2Fresources%2Fimages%2Fstatic-map-pin.png%7C34.102609%2C-84.922098&amp;key=AIzaSyDi0nb6nKeHaDJWFtAvbAIPKBrUuAc_mTY&amp;signature=YTuPkma5tcgUr1QlZKA4i0BqVRA="" alt=""Google map showing the dropped pin on Dollar General,2335 Highway 113,Taylorsville GA 30178-1832"">",2335 Highway 113,"Taylorsville, GA 30178-1832","<div class=""store-details__main-travel"" data-latitude=""34.102609"" data-longitude=""-84.922098"">
        <div class=""store-details__main-distance""></div>
        <a class=""store-details__main-directions"" href=""javascript:void(0);"" target=""_blank""></a>
    </div>",(470) 397-9811
"<img class=""store-details__map-image"" src=""https://maps.googleapis.com/maps/api/staticmap?center=Dollar+General%2C51+Eaves+Drive%2CTemple+GA+30179&amp;zoom=15&amp;size=730x600&amp;markers=icon%3Ahttps%3A%2F%2Fwww.dollargeneral.com%2Fetc.clientlibs%2Fdollargeneral%2Fclientlibs%2Fclientlib-site%2Fresources%2Fimages%2Fstatic-map-pin.png%7C33.828298%2C-85.037353&amp;key=AIzaSyDi0nb6nKeHaDJWFtAvbAIPKBrUuAc_mTY&amp;signature=fxPG27e-lGQzfb2Z8z24TQNiDpo="" alt=""Google map showing the dropped pin on Dollar General,51 Eaves Drive,Temple GA 30179"">",51 Eaves Drive,"Temple, GA 30179","<div class=""store-details__main-travel"" data-latitude=""33.828298"" data-longitude=""-85.037353"">
        <div class=""store-details__main-distance""></div>
        <a class=""store-details__main-directions"" href=""javascript:void(0);"" target=""_blank""></a>
    </div>",(678) 506-5472
"<img class=""store-details__map-image"" src=""https://maps.googleapis.com/maps/api/staticmap?center=Dollar+General%2C268+Carrollton+St%2CTemple+GA+30179-3714&amp;zoom=15&amp;size=730x600&amp;markers=icon%3Ahttps%3A%2F%2Fwww.dollargeneral.com%2Fetc.clientlibs%2Fdollargeneral%2Fclientlibs%2Fclientlib-site%2Fresources%2Fimages%2Fstatic-map-pin.png%7C33.7299%2C-85.0287&amp;key=AIzaSyDi0nb6nKeHaDJWFtAvbAIPKBrUuAc_mTY&amp;signature=vS_TE0H0SDtslci8dt48AHEtHKk="" alt=""Google map showing the dropped pin on Dollar General,268 Carrollton St,Temple GA 30179-3714"">",268 Carrollton St,"Temple, GA 30179-3714","<div class=""store-details__main-travel"" data-latitude=""33.7299"" data-longitude=""-85.0287"">
        <div class=""store-details__main-distance""></div>
        <a class=""store-details__main-directions"" href=""javascript:void(0);"" target=""_blank""></a>
    </div>",(470) 869-2437
"<img class=""store-details__map-image"" src=""https://maps.googleapis.com/maps/api/staticmap?center=Dollar+General%2C14+Pine+Street%2CTennga+GA+30751-0159&amp;zoom=15&amp;size=730x600&amp;markers=icon%3Ahttps%3A%2F%2Fwww.dollargeneral.com%2Fetc.clientlibs%2Fdollargeneral%2Fclientlibs%2Fclientlib-site%2Fresources%2Fimages%2Fstatic-map-pin.png%7C34.986566%2C-84.739025&amp;key=AIzaSyDi0nb6nKeHaDJWFtAvbAIPKBrUuAc_mTY&amp;signature=wCu9Zi6FF-szXy3_byP8F2NuGuA="" alt=""Google map showing the dropped pin on Dollar General,14 Pine Street,Tennga GA 30751-0159"">",14 Pine Street,"Tennga, GA 30751-0159","<div class=""store-details__main-travel"" data-latitude=""34.986566"" data-longitude=""-84.739025"">
        <div class=""store-details__main-distance""></div>
        <a class=""store-details__main-directions"" href=""javascript:void(0);"" target=""_blank""></a>
    </div>",(762) 236-9401
"<img class=""store-details__map-image"" src=""https://maps.googleapis.com/maps/api/staticmap?center=Dollar+General%2C487+Ga+Hwy+15+South%2CTennille+GA+31089&amp;zoom=15&amp;size=730x600&amp;markers=icon%3Ahttps%3A%2F%2Fwww.dollargeneral.com%2Fetc.clientlibs%2Fdollargeneral%2Fclientlibs%2Fclientlib-site%2Fresources%2Fimages%2Fstatic-map-pin.png%7C32.931454%2C-82.805754&amp;key=AIzaSyDi0nb6nKeHaDJWFtAvbAIPKBrUuAc_mTY&amp;signature=Yxx4U9MNSjQBp5kbFebNikZHdGg="" alt=""Google map showing the dropped pin on Dollar General,487 Ga Hwy 15 South,Tennille GA 31089"">",487 Ga Hwy 15 South,"Tennille, GA 31089","<div class=""store-details__main-travel"" data-latitude=""32.931454"" data-longitude=""-82.805754"">
        <div class=""store-details__main-distance""></div>
        <a class=""store-details__main-directions"" href=""javascript:void(0);"" target=""_blank""></a>
    </div>",(478) 412-5580
"<img class=""store-details__map-image"" src=""https://maps.googleapis.com/maps/api/staticmap?center=Dollar+General%2C217+East+Main+Street%2CThomaston+GA+30286-4110&amp;zoom=15&amp;size=730x600&amp;markers=icon%3Ahttps%3A%2F%2Fwww.dollargeneral.com%2Fetc.clientlibs%2Fdollargeneral%2Fclientlibs%2Fclientlib-site%2Fresources%2Fimages%2Fstatic-map-pin.png%7C32.888417%2C-84.32417&amp;key=AIzaSyDi0nb6nKeHaDJWFtAvbAIPKBrUuAc_mTY&amp;signature=aS-9kX5cwB9WW6txd9zvxa5TzfY="" alt=""Google map showing the dropped pin on Dollar General,217 East Main Street,Thomaston GA 30286-4110"">",217 East Main Street,"Thomaston, GA 30286-4110","<div class=""store-details__main-travel"" data-latitude=""32.888417"" data-longitude=""-84.32417"">
        <div class=""store-details__main-distance""></div>
        <a class=""store-details__main-directions"" href=""javascript:void(0);"" target=""_blank""></a>
    </div>",(470) 592-3301
"<img class=""store-details__map-image"" src=""https://maps.googleapis.com/maps/api/staticmap?center=Dollar+General%2C3092+Crest+Hwy.%2CThomaston+GA+30286-2619&amp;zoom=15&amp;size=730x600&amp;markers=icon%3Ahttps%3A%2F%2Fwww.dollargeneral.com%2Fetc.clientlibs%2Fdollargeneral%2Fclientlibs%2Fclientlib-site%2Fresources%2Fimages%2Fstatic-map-pin.png%7C32.89856%2C-84.40338&amp;key=AIzaSyDi0nb6nKeHaDJWFtAvbAIPKBrUuAc_mTY&amp;signature=a6s--VzGzTPBYN5sSfLISHuqCjg="" alt=""Google map showing the dropped pin on Dollar General,3092 Crest Hwy.,Thomaston GA 30286-2619"">",3092 Crest Hwy.,"Thomaston, GA 30286-2619","<div class=""store-details__main-travel"" data-latitude=""32.89856"" data-longitude=""-84.40338"">
        <div class=""store-details__main-distance""></div>
        <a class=""store-details__main-directions"" href=""javascript:void(0);"" target=""_blank""></a>
    </div>",(470) 592-0365
"<img class=""store-details__map-image"" src=""https://maps.googleapis.com/maps/api/staticmap?center=Dollar+General%2C3291+Barnesville+Hwy%2CThomaston+GA+30286-1510&amp;zoom=15&amp;size=730x600&amp;markers=icon%3Ahttps%3A%2F%2Fwww.dollargeneral.com%2Fetc.clientlibs%2Fdollargeneral%2Fclientlibs%2Fclientlib-site%2Fresources%2Fimages%2Fstatic-map-pin.png%7C32.9331%2C-84.2621&amp;key=AIzaSyDi0nb6nKeHaDJWFtAvbAIPKBrUuAc_mTY&amp;signature=MXbdleHh6Bf7qr2p0BLAu_2xNcM="" alt=""Google map showing the dropped pin on Dollar General,3291 Barnesville Hwy,Thomaston GA 30286-1510"">",3291 Barnesville Hwy,"Thomaston, GA 30286-1510","<div class=""store-details__main-travel"" data-latitude=""32.9331"" data-longitude=""-84.2621"" style=""display: none;"">
        <div class=""store-details__main-distance""></div>
        <a class=""store-details__main-directions"" href=""javascript:void(0);"" target=""_blank""></a>
    </div>",(470) 592-2320
"<img class=""store-details__map-image"" src=""https://maps.googleapis.com/maps/api/staticmap?center=Dollar+General%2C1749+Highway+19+N%2CThomaston+GA+30286-1968&amp;zoom=15&amp;size=730x600&amp;markers=icon%3Ahttps%3A%2F%2Fwww.dollargeneral.com%2Fetc.clientlibs%2Fdollargeneral%2Fclientlibs%2Fclientlib-site%2Fresources%2Fimages%2Fstatic-map-pin.png%7C32.94284%2C-84.3346&amp;key=AIzaSyDi0nb6nKeHaDJWFtAvbAIPKBrUuAc_mTY&amp;signature=86bLt1RiyYUrMWhrAf59i8-KkEw="" alt=""Google map showing the dropped pin on Dollar General,1749 Highway 19 N,Thomaston GA 30286-1968"">",1749 Highway 19 N,"Thomaston, GA 30286-1968","<div class=""store-details__main-travel"" data-latitude=""32.94284"" data-longitude=""-84.3346"">
        <div class=""store-details__main-distance""></div>
        <a class=""store-details__main-directions"" href=""javascript:void(0);"" target=""_blank""></a>
    </div>",(470) 735-4243
"<img class=""store-details__map-image"" src=""https://maps.googleapis.com/maps/api/staticmap?center=Dollar+General%2C1401+Hwy+19+S%2CThomaston+GA+30286-4751&amp;zoom=15&amp;size=730x600&amp;markers=icon%3Ahttps%3A%2F%2Fwww.dollargeneral.com%2Fetc.clientlibs%2Fdollargeneral%2Fclientlibs%2Fclientlib-site%2Fresources%2Fimages%2Fstatic-map-pin.png%7C32.867%2C-84.3205&amp;key=AIzaSyDi0nb6nKeHaDJWFtAvbAIPKBrUuAc_mTY&amp;signature=70VW4HcyYuv4BrZkTeW5xXoE_Lw="" alt=""Google map showing the dropped pin on Dollar General,1401 Hwy 19 S,Thomaston GA 30286-4751"">",1401 Hwy 19 S,"Thomaston, GA 30286-4751","<div class=""store-details__main-travel"" data-latitude=""32.867"" data-longitude=""-84.3205"">
        <div class=""store-details__main-distance""></div>
        <a class=""store-details__main-directions"" href=""javascript:void(0);"" target=""_blank""></a>
    </div>",(470) 887-1869
"<img class=""store-details__map-image"" src=""https://maps.googleapis.com/maps/api/staticmap?center=Dollar+General%2C11200+Hwy+84+E%2CThomasville+GA+31757-1639&amp;zoom=15&amp;size=730x600&amp;markers=icon%3Ahttps%3A%2F%2Fwww.dollargeneral.com%2Fetc.clientlibs%2Fdollargeneral%2Fclientlibs%2Fclientlib-site%2Fresources%2Fimages%2Fstatic-map-pin.png%7C30.8297%2C-83.9274&amp;key=AIzaSyDi0nb6nKeHaDJWFtAvbAIPKBrUuAc_mTY&amp;signature=D7gMoQB6OmOZKIvyS3RT3E3ftv0="" alt=""Google map showing the dropped pin on Dollar General,11200 Hwy 84 E,Thomasville GA 31757-1639"">",11200 Hwy 84 E,"Thomasville, GA 31757-1639","<div class=""store-details__main-travel"" data-latitude=""30.8297"" data-longitude=""-83.9274"">
        <div class=""store-details__main-distance""></div>
        <a class=""store-details__main-directions"" href=""javascript:void(0);"" target=""_blank""></a>
    </div>",(850) 739-6541
"<img class=""store-details__map-image"" src=""https://maps.googleapis.com/maps/api/staticmap?center=Dollar+General%2C607+N+Madison+St%2CThomasville+GA+31792-5042&amp;zoom=15&amp;size=730x600&amp;markers=icon%3Ahttps%3A%2F%2Fwww.dollargeneral.com%2Fetc.clientlibs%2Fdollargeneral%2Fclientlibs%2Fclientlib-site%2Fresources%2Fimages%2Fstatic-map-pin.png%7C30.842255%2C-83.986712&amp;key=AIzaSyDi0nb6nKeHaDJWFtAvbAIPKBrUuAc_mTY&amp;signature=c7xWXnVWN6xTnUDVbWvf3YdcYXY="" alt=""Google map showing the dropped pin on Dollar General,607 N Madison St,Thomasville GA 31792-5042"">",607 N Madison St,"Thomasville, GA 31792-5042","<div class=""store-details__main-travel"" data-latitude=""30.842255"" data-longitude=""-83.986712"" style=""display: none;"">
        <div class=""store-details__main-distance""></div>
        <a class=""store-details__main-directions"" href=""javascript:void(0);"" target=""_blank""></a>
    </div>",(912) 387-0102
"<img class=""store-details__map-image"" src=""https://maps.googleapis.com/maps/api/staticmap?center=Dollar+General%2C1106+W+Jackson+St%2CThomasville+GA+31792-6315&amp;zoom=15&amp;size=730x600&amp;markers=icon%3Ahttps%3A%2F%2Fwww.dollargeneral.com%2Fetc.clientlibs%2Fdollargeneral%2Fclientlibs%2Fclientlib-site%2Fresources%2Fimages%2Fstatic-map-pin.png%7C30.8236%2C-83.9932&amp;key=AIzaSyDi0nb6nKeHaDJWFtAvbAIPKBrUuAc_mTY&amp;signature=H5G9b_ZUiIHvExbihVnBdOD4EXk="" alt=""Google map showing the dropped pin on Dollar General,1106 W Jackson St,Thomasville GA 31792-6315"">",1106 W Jackson St,"Thomasville, GA 31792-6315","<div class=""store-details__main-travel"" data-latitude=""30.8236"" data-longitude=""-83.9932"">
        <div class=""store-details__main-distance""></div>
        <a class=""store-details__main-directions"" href=""javascript:void(0);"" target=""_blank""></a>
    </div>",(229) 233-4276
"<img class=""store-details__map-image"" src=""https://maps.googleapis.com/maps/api/staticmap?center=Dollar+General%2C1225+E+Jackson+St%2CThomasville+GA+31792-4748&amp;zoom=15&amp;size=730x600&amp;markers=icon%3Ahttps%3A%2F%2Fwww.dollargeneral.com%2Fetc.clientlibs%2Fdollargeneral%2Fclientlibs%2Fclientlib-site%2Fresources%2Fimages%2Fstatic-map-pin.png%7C30.850857%2C-83.961999&amp;key=AIzaSyDi0nb6nKeHaDJWFtAvbAIPKBrUuAc_mTY&amp;signature=HDhZWSasOVCAexE0N7zct6b7KLc="" alt=""Google map showing the dropped pin on Dollar General,1225 E Jackson St,Thomasville GA 31792-4748"">",1225 E Jackson St,"Thomasville, GA 31792-4748","<div class=""store-details__main-travel"" data-latitude=""30.850857"" data-longitude=""-83.961999"">
        <div class=""store-details__main-distance""></div>
        <a class=""store-details__main-directions"" href=""javascript:void(0);"" target=""_blank""></a>
    </div>",(334) 456-0050
"<img class=""store-details__map-image"" src=""https://maps.googleapis.com/maps/api/staticmap?center=Dollar+General%2C69+Duren+Drive%2CThomasville+GA+31757-2103&amp;zoom=15&amp;size=730x600&amp;markers=icon%3Ahttps%3A%2F%2Fwww.dollargeneral.com%2Fetc.clientlibs%2Fdollargeneral%2Fclientlibs%2Fclientlib-site%2Fresources%2Fimages%2Fstatic-map-pin.png%7C30.8794%2C-83.932093&amp;key=AIzaSyDi0nb6nKeHaDJWFtAvbAIPKBrUuAc_mTY&amp;signature=N-9ANFMtXszqfIuhtIDguRwdusM="" alt=""Google map showing the dropped pin on Dollar General,69 Duren Drive,Thomasville GA 31757-2103"">",69 Duren Drive,"Thomasville, GA 31757-2103","<div class=""store-details__main-travel"" data-latitude=""30.8794"" data-longitude=""-83.932093"">
        <div class=""store-details__main-distance""></div>
        <a class=""store-details__main-directions"" href=""javascript:void(0);"" target=""_blank""></a>
    </div>",(706) 341-3085
"<img class=""store-details__map-image"" src=""https://maps.googleapis.com/maps/api/staticmap?center=Dollar+General%2C15187+Us+Highway+19+S%2CThomasville+GA+31792-4853&amp;zoom=15&amp;size=730x600&amp;markers=icon%3Ahttps%3A%2F%2Fwww.dollargeneral.com%2Fetc.clientlibs%2Fdollargeneral%2Fclientlibs%2Fclientlib-site%2Fresources%2Fimages%2Fstatic-map-pin.png%7C30.856436%2C-83.947403&amp;key=AIzaSyDi0nb6nKeHaDJWFtAvbAIPKBrUuAc_mTY&amp;signature=qYtxEya2nuGtkpZ9AbwF25wlpOc="" alt=""Google map showing the dropped pin on Dollar General,15187 Us Highway 19 S,Thomasville GA 31792-4853"">",15187 Us Highway 19 S,"Thomasville, GA 31792-4853","<div class=""store-details__main-travel"" data-latitude=""30.856436"" data-longitude=""-83.947403"" style=""display: none;"">
        <div class=""store-details__main-distance""></div>
        <a class=""store-details__main-directions"" href=""javascript:void(0);"" target=""_blank""></a>
    </div>",(478) 207-5680
"<img class=""store-details__map-image"" src=""https://maps.googleapis.com/maps/api/staticmap?center=Dollar+General%2C19440+Us+Hwy+19+N%2CThomasville+GA+31757-7857&amp;zoom=15&amp;size=730x600&amp;markers=icon%3Ahttps%3A%2F%2Fwww.dollargeneral.com%2Fetc.clientlibs%2Fdollargeneral%2Fclientlibs%2Fclientlib-site%2Fresources%2Fimages%2Fstatic-map-pin.png%7C30.9059%2C-83.9753&amp;key=AIzaSyDi0nb6nKeHaDJWFtAvbAIPKBrUuAc_mTY&amp;signature=S-cTwnTBa7ThiYscT3FCnA1_61Y="" alt=""Google map showing the dropped pin on Dollar General,19440 Us Hwy 19 N,Thomasville GA 31757-7857"">",19440 Us Hwy 19 N,"Thomasville, GA 31757-7857","<div class=""store-details__main-travel"" data-latitude=""30.9059"" data-longitude=""-83.9753"">
        <div class=""store-details__main-distance""></div>
        <a class=""store-details__main-directions"" href=""javascript:void(0);"" target=""_blank""></a>
    </div>",(229) 516-1335
"<img class=""store-details__map-image"" src=""https://maps.googleapis.com/maps/api/staticmap?center=Dollar+General%2C644+Main+St%2CThomson+GA+30824-7406&amp;zoom=15&amp;size=730x600&amp;markers=icon%3Ahttps%3A%2F%2Fwww.dollargeneral.com%2Fetc.clientlibs%2Fdollargeneral%2Fclientlibs%2Fclientlib-site%2Fresources%2Fimages%2Fstatic-map-pin.png%7C33.480156%2C-82.504907&amp;key=AIzaSyDi0nb6nKeHaDJWFtAvbAIPKBrUuAc_mTY&amp;signature=J4m904ODMAdYF69sfBm-jt1SJ5c="" alt=""Google map showing the dropped pin on Dollar General,644 Main St,Thomson GA 30824-7406"">",644 Main St,"Thomson, GA 30824-7406","<div class=""store-details__main-travel"" data-latitude=""33.480156"" data-longitude=""-82.504907"">
        <div class=""store-details__main-distance""></div>
        <a class=""store-details__main-directions"" href=""javascript:void(0);"" target=""_blank""></a>
    </div>",(706) 703-2010
"<img class=""store-details__map-image"" src=""https://maps.googleapis.com/maps/api/staticmap?center=Dollar+General%2C300+E+Hill+St%2CThomson+GA+30824-2931&amp;zoom=15&amp;size=730x600&amp;markers=icon%3Ahttps%3A%2F%2Fwww.dollargeneral.com%2Fetc.clientlibs%2Fdollargeneral%2Fclientlibs%2Fclientlib-site%2Fresources%2Fimages%2Fstatic-map-pin.png%7C33.464362%2C-82.497065&amp;key=AIzaSyDi0nb6nKeHaDJWFtAvbAIPKBrUuAc_mTY&amp;signature=DyPlhWpwsUDOeLJENkipvCQMRH0="" alt=""Google map showing the dropped pin on Dollar General,300 E Hill St,Thomson GA 30824-2931"">",300 E Hill St,"Thomson, GA 30824-2931","<div class=""store-details__main-travel"" data-latitude=""33.464362"" data-longitude=""-82.497065"" style=""display: none;"">
        <div class=""store-details__main-distance""></div>
        <a class=""store-details__main-directions"" href=""javascript:void(0);"" target=""_blank""></a>
    </div>",(706) 690-8884
"<img class=""store-details__map-image"" src=""https://maps.googleapis.com/maps/api/staticmap?center=Dollar+General%2C1618+Tift+Ave+N%2CTifton+GA+31794&amp;zoom=15&amp;size=730x600&amp;markers=icon%3Ahttps%3A%2F%2Fwww.dollargeneral.com%2Fetc.clientlibs%2Fdollargeneral%2Fclientlibs%2Fclientlib-site%2Fresources%2Fimages%2Fstatic-map-pin.png%7C31.4699%2C-83.5034&amp;key=AIzaSyDi0nb6nKeHaDJWFtAvbAIPKBrUuAc_mTY&amp;signature=VIT7Y1q1p9C9EXqYgY6kBPFvHxs="" alt=""Google map showing the dropped pin on Dollar General,1618 Tift Ave N,Tifton GA 31794"">",1618 Tift Ave N,"Tifton, GA 31794","<div class=""store-details__main-travel"" data-latitude=""31.4699"" data-longitude=""-83.5034"">
        <div class=""store-details__main-distance""></div>
        <a class=""store-details__main-directions"" href=""javascript:void(0);"" target=""_blank""></a>
    </div>",(912) 387-4320
"<img class=""store-details__map-image"" src=""https://maps.googleapis.com/maps/api/staticmap?center=Dollar+General%2C2504+Us+Hwy+82+E.%2CTifton+GA+31794-9262&amp;zoom=15&amp;size=730x600&amp;markers=icon%3Ahttps%3A%2F%2Fwww.dollargeneral.com%2Fetc.clientlibs%2Fdollargeneral%2Fclientlibs%2Fclientlib-site%2Fresources%2Fimages%2Fstatic-map-pin.png%7C31.4185%2C-83.3901&amp;key=AIzaSyDi0nb6nKeHaDJWFtAvbAIPKBrUuAc_mTY&amp;signature=elQ_3cE2SBoHgNnKRfKavoTVDsY="" alt=""Google map showing the dropped pin on Dollar General,2504 Us Hwy 82 E.,Tifton GA 31794-9262"">",2504 Us Hwy 82 E.,"Tifton, GA 31794-9262","<div class=""store-details__main-travel"" data-latitude=""31.4185"" data-longitude=""-83.3901"">
        <div class=""store-details__main-distance""></div>
        <a class=""store-details__main-directions"" href=""javascript:void(0);"" target=""_blank""></a>
    </div>",(912) 387-4171
"<img class=""store-details__map-image"" src=""https://maps.googleapis.com/maps/api/staticmap?center=Dollar+General%2C2704+Us+Hwy+41+S%2CTifton+GA+31794-5852&amp;zoom=15&amp;size=730x600&amp;markers=icon%3Ahttps%3A%2F%2Fwww.dollargeneral.com%2Fetc.clientlibs%2Fdollargeneral%2Fclientlibs%2Fclientlib-site%2Fresources%2Fimages%2Fstatic-map-pin.png%7C31.43943%2C-83.505564&amp;key=AIzaSyDi0nb6nKeHaDJWFtAvbAIPKBrUuAc_mTY&amp;signature=z2Fq6tQ878HPk3NkojFOcmgTOQk="" alt=""Google map showing the dropped pin on Dollar General,2704 Us Hwy 41 S,Tifton GA 31794-5852"">",2704 Us Hwy 41 S,"Tifton, GA 31794-5852","<div class=""store-details__main-travel"" data-latitude=""31.43943"" data-longitude=""-83.505564"" style=""display: none;"">
        <div class=""store-details__main-distance""></div>
        <a class=""store-details__main-directions"" href=""javascript:void(0);"" target=""_blank""></a>
    </div>",(478) 273-3120
"<img class=""store-details__map-image"" src=""https://maps.googleapis.com/maps/api/staticmap?center=Dollar+General%2C10+Upper+Ty+Ty+Rd%2CTifton+GA+31793&amp;zoom=15&amp;size=730x600&amp;markers=icon%3Ahttps%3A%2F%2Fwww.dollargeneral.com%2Fetc.clientlibs%2Fdollargeneral%2Fclientlibs%2Fclientlib-site%2Fresources%2Fimages%2Fstatic-map-pin.png%7C31.48001%2C-83.56001&amp;key=AIzaSyDi0nb6nKeHaDJWFtAvbAIPKBrUuAc_mTY&amp;signature=zEQetnaax5sJut4o2xKu925PIv8="" alt=""Google map showing the dropped pin on Dollar General,10 Upper Ty Ty Rd,Tifton GA 31793"">",10 Upper Ty Ty Rd,"Tifton, GA 31793","<div class=""store-details__main-travel"" data-latitude=""31.48001"" data-longitude=""-83.56001"">
        <div class=""store-details__main-distance""></div>
        <a class=""store-details__main-directions"" href=""javascript:void(0);"" target=""_blank""></a>
    </div>",(770) 769-2352
"<img class=""store-details__map-image"" src=""https://maps.googleapis.com/maps/api/staticmap?center=Dollar+General%2C1290+Hwy+82+E%2CTifton+GA+31794-9444&amp;zoom=15&amp;size=730x600&amp;markers=icon%3Ahttps%3A%2F%2Fwww.dollargeneral.com%2Fetc.clientlibs%2Fdollargeneral%2Fclientlibs%2Fclientlib-site%2Fresources%2Fimages%2Fstatic-map-pin.png%7C31.4456%2C-83.4867&amp;key=AIzaSyDi0nb6nKeHaDJWFtAvbAIPKBrUuAc_mTY&amp;signature=lTlP9U32lHTELxWetKacnXAdW9I="" alt=""Google map showing the dropped pin on Dollar General,1290 Hwy 82 E,Tifton GA 31794-9444"">",1290 Hwy 82 E,"Tifton, GA 31794-9444","<div class=""store-details__main-travel"" data-latitude=""31.4456"" data-longitude=""-83.4867"">
        <div class=""store-details__main-distance""></div>
        <a class=""store-details__main-directions"" href=""javascript:void(0);"" target=""_blank""></a>
    </div>",(912) 387-4330
"<img class=""store-details__map-image"" src=""https://maps.googleapis.com/maps/api/staticmap?center=Dollar+General%2C125+Virginia+Ave+S%2CTifton+GA+31794-8027&amp;zoom=15&amp;size=730x600&amp;markers=icon%3Ahttps%3A%2F%2Fwww.dollargeneral.com%2Fetc.clientlibs%2Fdollargeneral%2Fclientlibs%2Fclientlib-site%2Fresources%2Fimages%2Fstatic-map-pin.png%7C31.455784%2C-83.526183&amp;key=AIzaSyDi0nb6nKeHaDJWFtAvbAIPKBrUuAc_mTY&amp;signature=AEN5XiTzg3R9bqGDKirNLJHzYTs="" alt=""Google map showing the dropped pin on Dollar General,125 Virginia Ave S,Tifton GA 31794-8027"">",125 Virginia Ave S,"Tifton, GA 31794-8027","<div class=""store-details__main-travel"" data-latitude=""31.455784"" data-longitude=""-83.526183"">
        <div class=""store-details__main-distance""></div>
        <a class=""store-details__main-directions"" href=""javascript:void(0);"" target=""_blank""></a>
    </div>",(229) 256-2943
"<img class=""store-details__map-image"" src=""https://maps.googleapis.com/maps/api/staticmap?center=Dollar+General%2C3306+Us+Highway+82+W%2CTifton+GA+31793-6857&amp;zoom=15&amp;size=730x600&amp;markers=icon%3Ahttps%3A%2F%2Fwww.dollargeneral.com%2Fetc.clientlibs%2Fdollargeneral%2Fclientlibs%2Fclientlib-site%2Fresources%2Fimages%2Fstatic-map-pin.png%7C31.444922%2C-83.548092&amp;key=AIzaSyDi0nb6nKeHaDJWFtAvbAIPKBrUuAc_mTY&amp;signature=xOd_AfN2sdrBWK7YAoAozCxTDX0="" alt=""Google map showing the dropped pin on Dollar General,3306 Us Highway 82 W,Tifton GA 31793-6857"">",3306 Us Highway 82 W,"Tifton, GA 31793-6857","<div class=""store-details__main-travel"" data-latitude=""31.444922"" data-longitude=""-83.548092"">
        <div class=""store-details__main-distance""></div>
        <a class=""store-details__main-directions"" href=""javascript:void(0);"" target=""_blank""></a>
    </div>",(478) 200-5310
"<img class=""store-details__map-image"" src=""https://maps.googleapis.com/maps/api/staticmap?center=Dollar+General%2C1807+Us+Hwy+41+N%2CTifton+GA+31794-2754&amp;zoom=15&amp;size=730x600&amp;markers=icon%3Ahttps%3A%2F%2Fwww.dollargeneral.com%2Fetc.clientlibs%2Fdollargeneral%2Fclientlibs%2Fclientlib-site%2Fresources%2Fimages%2Fstatic-map-pin.png%7C31.472016%2C-83.51846&amp;key=AIzaSyDi0nb6nKeHaDJWFtAvbAIPKBrUuAc_mTY&amp;signature=-mGkqXKQUvlI1aIqMEKpiXUoxms="" alt=""Google map showing the dropped pin on Dollar General,1807 Us Hwy 41 N,Tifton GA 31794-2754"">",1807 Us Hwy 41 N,"Tifton, GA 31794-2754","<div class=""store-details__main-travel"" data-latitude=""31.472016"" data-longitude=""-83.51846"">
        <div class=""store-details__main-distance""></div>
        <a class=""store-details__main-directions"" href=""javascript:void(0);"" target=""_blank""></a>
    </div>",(706) 760-4657
"<img class=""store-details__map-image"" src=""https://maps.googleapis.com/maps/api/staticmap?center=Dollar+General%2C1103+Ferry+Lake+Road%2CTifton+GA+31794&amp;zoom=15&amp;size=730x600&amp;markers=icon%3Ahttps%3A%2F%2Fwww.dollargeneral.com%2Fetc.clientlibs%2Fdollargeneral%2Fclientlibs%2Fclientlib-site%2Fresources%2Fimages%2Fstatic-map-pin.png%7C31.4561%2C-83.4928&amp;key=AIzaSyDi0nb6nKeHaDJWFtAvbAIPKBrUuAc_mTY&amp;signature=XTig3XkDZTFmNR5REjGPZtwoUWk="" alt=""Google map showing the dropped pin on Dollar General,1103 Ferry Lake Road,Tifton GA 31794"">",1103 Ferry Lake Road,"Tifton, GA 31794","<div class=""store-details__main-travel"" data-latitude=""31.4561"" data-longitude=""-83.4928"">
        <div class=""store-details__main-distance""></div>
        <a class=""store-details__main-directions"" href=""javascript:void(0);"" target=""_blank""></a>
    </div>",(229) 391-2237
"<img class=""store-details__map-image"" src=""https://maps.googleapis.com/maps/api/staticmap?center=Dollar+General%2C100+Hollifield+Connector%2CTiger+GA+30576&amp;zoom=15&amp;size=730x600&amp;markers=icon%3Ahttps%3A%2F%2Fwww.dollargeneral.com%2Fetc.clientlibs%2Fdollargeneral%2Fclientlibs%2Fclientlib-site%2Fresources%2Fimages%2Fstatic-map-pin.png%7C34.8311%2C-83.4272&amp;key=AIzaSyDi0nb6nKeHaDJWFtAvbAIPKBrUuAc_mTY&amp;signature=BGwSCx7OvT8y5_-0zykq7OTfz_I="" alt=""Google map showing the dropped pin on Dollar General,100 Hollifield Connector,Tiger GA 30576"">",100 Hollifield Connector,"Tiger, GA 30576","<div class=""store-details__main-travel"" data-latitude=""34.8311"" data-longitude=""-83.4272"">
        <div class=""store-details__main-distance""></div>
        <a class=""store-details__main-directions"" href=""javascript:void(0);"" target=""_blank""></a>
    </div>",(470) 607-3244
"<img class=""store-details__map-image"" src=""https://maps.googleapis.com/maps/api/staticmap?center=Dollar+General%2C153+S+Hulin+Ave%2CTignall+GA+30668-2733&amp;zoom=15&amp;size=730x600&amp;markers=icon%3Ahttps%3A%2F%2Fwww.dollargeneral.com%2Fetc.clientlibs%2Fdollargeneral%2Fclientlibs%2Fclientlib-site%2Fresources%2Fimages%2Fstatic-map-pin.png%7C33.866059%2C-82.742172&amp;key=AIzaSyDi0nb6nKeHaDJWFtAvbAIPKBrUuAc_mTY&amp;signature=d043v8EqSAOzhKyV8IOhK67oblY="" alt=""Google map showing the dropped pin on Dollar General,153 S Hulin Ave,Tignall GA 30668-2733"">",153 S Hulin Ave,"Tignall, GA 30668-2733","<div class=""store-details__main-travel"" data-latitude=""33.866059"" data-longitude=""-82.742172"" style=""display: none;"">
        <div class=""store-details__main-distance""></div>
        <a class=""store-details__main-directions"" href=""javascript:void(0);"" target=""_blank""></a>
    </div>",(470) 391-2735
"<img class=""store-details__map-image"" src=""https://maps.googleapis.com/maps/api/staticmap?center=Dollar+General%2C804+Collins+Rd%2CToccoa+GA+30577-6386&amp;zoom=15&amp;size=730x600&amp;markers=icon%3Ahttps%3A%2F%2Fwww.dollargeneral.com%2Fetc.clientlibs%2Fdollargeneral%2Fclientlibs%2Fclientlib-site%2Fresources%2Fimages%2Fstatic-map-pin.png%7C34.5705%2C-83.311928&amp;key=AIzaSyDi0nb6nKeHaDJWFtAvbAIPKBrUuAc_mTY&amp;signature=v6JjXjzwSNtAokiDr1PTDswcJYs="" alt=""Google map showing the dropped pin on Dollar General,804 Collins Rd,Toccoa GA 30577-6386"">",804 Collins Rd,"Toccoa, GA 30577-6386","<div class=""store-details__main-travel"" data-latitude=""34.5705"" data-longitude=""-83.311928"">
        <div class=""store-details__main-distance""></div>
        <a class=""store-details__main-directions"" href=""javascript:void(0);"" target=""_blank""></a>
    </div>",(470) 462-2234
"<img class=""store-details__map-image"" src=""https://maps.googleapis.com/maps/api/staticmap?center=Dollar+General%2C7220+Mize+Road%2CToccoa+GA+30577-0687&amp;zoom=15&amp;size=730x600&amp;markers=icon%3Ahttps%3A%2F%2Fwww.dollargeneral.com%2Fetc.clientlibs%2Fdollargeneral%2Fclientlibs%2Fclientlib-site%2Fresources%2Fimages%2Fstatic-map-pin.png%7C34.47342%2C-83.33708&amp;key=AIzaSyDi0nb6nKeHaDJWFtAvbAIPKBrUuAc_mTY&amp;signature=tsP2jdvan6sNpILMB37VImPPR-k="" alt=""Google map showing the dropped pin on Dollar General,7220 Mize Road,Toccoa GA 30577-0687"">",7220 Mize Road,"Toccoa, GA 30577-0687","<div class=""store-details__main-travel"" data-latitude=""34.47342"" data-longitude=""-83.33708"">
        <div class=""store-details__main-distance""></div>
        <a class=""store-details__main-directions"" href=""javascript:void(0);"" target=""_blank""></a>
    </div>",(478) 200-0069
"<img class=""store-details__map-image"" src=""https://maps.googleapis.com/maps/api/staticmap?center=Dollar+General%2C18+S+Tallulah+St%2CToccoa+GA+30577&amp;zoom=15&amp;size=730x600&amp;markers=icon%3Ahttps%3A%2F%2Fwww.dollargeneral.com%2Fetc.clientlibs%2Fdollargeneral%2Fclientlibs%2Fclientlib-site%2Fresources%2Fimages%2Fstatic-map-pin.png%7C34.577%2C-83.3352&amp;key=AIzaSyDi0nb6nKeHaDJWFtAvbAIPKBrUuAc_mTY&amp;signature=6F7NkQ3tV8sQuLovrz5U3qoOPdA="" alt=""Google map showing the dropped pin on Dollar General,18 S Tallulah St,Toccoa GA 30577"">",18 S Tallulah St,"Toccoa, GA 30577","<div class=""store-details__main-travel"" data-latitude=""34.577"" data-longitude=""-83.3352"">
        <div class=""store-details__main-distance""></div>
        <a class=""store-details__main-directions"" href=""javascript:void(0);"" target=""_blank""></a>
    </div>",(470) 354-3330
"<img class=""store-details__map-image"" src=""https://maps.googleapis.com/maps/api/staticmap?center=Dollar+General%2C220+Irwinton+Rd%2CToomsboro+GA+31090&amp;zoom=15&amp;size=730x600&amp;markers=icon%3Ahttps%3A%2F%2Fwww.dollargeneral.com%2Fetc.clientlibs%2Fdollargeneral%2Fclientlibs%2Fclientlib-site%2Fresources%2Fimages%2Fstatic-map-pin.png%7C32.8214%2C-83.0786&amp;key=AIzaSyDi0nb6nKeHaDJWFtAvbAIPKBrUuAc_mTY&amp;signature=TYCVnpRu_MzJqCMBx9DyCQ0qzRg="" alt=""Google map showing the dropped pin on Dollar General,220 Irwinton Rd,Toomsboro GA 31090"">",220 Irwinton Rd,"Toomsboro, GA 31090","<div class=""store-details__main-travel"" data-latitude=""32.8214"" data-longitude=""-83.0786"" style=""display: none;"">
        <div class=""store-details__main-distance""></div>
        <a class=""store-details__main-directions"" href=""javascript:void(0);"" target=""_blank""></a>
    </div>",(762) 354-0036
"<img class=""store-details__map-image"" src=""https://maps.googleapis.com/maps/api/staticmap?center=Dollar+General%2C7554+Shellman+Bluff+Road+Ne%2CTownsend+GA+31331-4660&amp;zoom=15&amp;size=730x600&amp;markers=icon%3Ahttps%3A%2F%2Fwww.dollargeneral.com%2Fetc.clientlibs%2Fdollargeneral%2Fclientlibs%2Fclientlib-site%2Fresources%2Fimages%2Fstatic-map-pin.png%7C31.574331%2C-81.327797&amp;key=AIzaSyDi0nb6nKeHaDJWFtAvbAIPKBrUuAc_mTY&amp;signature=sJbCnzPeoVzoaG3PcAxwIL32GQQ="" alt=""Google map showing the dropped pin on Dollar General,7554 Shellman Bluff Road Ne,Townsend GA 31331-4660"">",7554 Shellman Bluff Road Ne,"Townsend, GA 31331-4660","<div class=""store-details__main-travel"" data-latitude=""31.574331"" data-longitude=""-81.327797"">
        <div class=""store-details__main-distance""></div>
        <a class=""store-details__main-directions"" href=""javascript:void(0);"" target=""_blank""></a>
    </div>",(478) 216-4969
"<img class=""store-details__map-image"" src=""https://maps.googleapis.com/maps/api/staticmap?center=Dollar+General%2C1070+Ga+Highway+57%2CTownsend+GA+31331-8124&amp;zoom=15&amp;size=730x600&amp;markers=icon%3Ahttps%3A%2F%2Fwww.dollargeneral.com%2Fetc.clientlibs%2Fdollargeneral%2Fclientlibs%2Fclientlib-site%2Fresources%2Fimages%2Fstatic-map-pin.png%7C31.525607%2C-81.431833&amp;key=AIzaSyDi0nb6nKeHaDJWFtAvbAIPKBrUuAc_mTY&amp;signature=kWzxdkOJatfS58v0WY5k5zY2Qa4="" alt=""Google map showing the dropped pin on Dollar General,1070 Ga Highway 57,Townsend GA 31331-8124"">",1070 Ga Highway 57,"Townsend, GA 31331-8124","<div class=""store-details__main-travel"" data-latitude=""31.525607"" data-longitude=""-81.431833"">
        <div class=""store-details__main-distance""></div>
        <a class=""store-details__main-directions"" href=""javascript:void(0);"" target=""_blank""></a>
    </div>",(912) 217-3740
"<img class=""store-details__map-image"" src=""https://maps.googleapis.com/maps/api/staticmap?center=Dollar+General%2C35+Smith+Rd%2CTrenton+GA+30752-5030&amp;zoom=15&amp;size=730x600&amp;markers=icon%3Ahttps%3A%2F%2Fwww.dollargeneral.com%2Fetc.clientlibs%2Fdollargeneral%2Fclientlibs%2Fclientlib-site%2Fresources%2Fimages%2Fstatic-map-pin.png%7C34.92999%2C-85.59165&amp;key=AIzaSyDi0nb6nKeHaDJWFtAvbAIPKBrUuAc_mTY&amp;signature=6eMPjmvR7nyGtekf45T18_DXg6I="" alt=""Google map showing the dropped pin on Dollar General,35 Smith Rd,Trenton GA 30752-5030"">",35 Smith Rd,"Trenton, GA 30752-5030","<div class=""store-details__main-travel"" data-latitude=""34.92999"" data-longitude=""-85.59165"">
        <div class=""store-details__main-distance""></div>
        <a class=""store-details__main-directions"" href=""javascript:void(0);"" target=""_blank""></a>
    </div>",(423) 771-9980
"<img class=""store-details__map-image"" src=""https://maps.googleapis.com/maps/api/staticmap?center=Dollar+General%2C4929+Highway+136%2CTrenton+GA+30752-2908&amp;zoom=15&amp;size=730x600&amp;markers=icon%3Ahttps%3A%2F%2Fwww.dollargeneral.com%2Fetc.clientlibs%2Fdollargeneral%2Fclientlibs%2Fclientlib-site%2Fresources%2Fimages%2Fstatic-map-pin.png%7C34.869972%2C-85.520537&amp;key=AIzaSyDi0nb6nKeHaDJWFtAvbAIPKBrUuAc_mTY&amp;signature=yS-OMWOIVdNc6FAAeeXSc38xMPA="" alt=""Google map showing the dropped pin on Dollar General,4929 Highway 136,Trenton GA 30752-2908"">",4929 Highway 136,"Trenton, GA 30752-2908","<div class=""store-details__main-travel"" data-latitude=""34.869972"" data-longitude=""-85.520537"" style=""display: none;"">
        <div class=""store-details__main-distance""></div>
        <a class=""store-details__main-directions"" href=""javascript:void(0);"" target=""_blank""></a>
    </div>",(470) 502-0670
"<img class=""store-details__map-image"" src=""https://maps.googleapis.com/maps/api/staticmap?center=Dollar+General%2C11858+S+Main+St%2CTrenton+GA+30752-2834&amp;zoom=15&amp;size=730x600&amp;markers=icon%3Ahttps%3A%2F%2Fwww.dollargeneral.com%2Fetc.clientlibs%2Fdollargeneral%2Fclientlibs%2Fclientlib-site%2Fresources%2Fimages%2Fstatic-map-pin.png%7C34.8654%2C-85.5135&amp;key=AIzaSyDi0nb6nKeHaDJWFtAvbAIPKBrUuAc_mTY&amp;signature=0j-2-OS2tjk--JXxNZGMEKY-JXY="" alt=""Google map showing the dropped pin on Dollar General,11858 S Main St,Trenton GA 30752-2834"">",11858 S Main St,"Trenton, GA 30752-2834","<div class=""store-details__main-travel"" data-latitude=""34.8654"" data-longitude=""-85.5135"">
        <div class=""store-details__main-distance""></div>
        <a class=""store-details__main-directions"" href=""javascript:void(0);"" target=""_blank""></a>
    </div>",(706) 450-0880
"<img class=""store-details__map-image"" src=""https://maps.googleapis.com/maps/api/staticmap?center=Dollar+General%2C12574+N+Main+St%2CTrenton+GA+30752-0982&amp;zoom=15&amp;size=730x600&amp;markers=icon%3Ahttps%3A%2F%2Fwww.dollargeneral.com%2Fetc.clientlibs%2Fdollargeneral%2Fclientlibs%2Fclientlib-site%2Fresources%2Fimages%2Fstatic-map-pin.png%7C34.874464%2C-85.507078&amp;key=AIzaSyDi0nb6nKeHaDJWFtAvbAIPKBrUuAc_mTY&amp;signature=J2Pa9ldOSo-gPqI9ciX4aQH_hn0="" alt=""Google map showing the dropped pin on Dollar General,12574 N Main St,Trenton GA 30752-0982"">",12574 N Main St,"Trenton, GA 30752-0982","<div class=""store-details__main-travel"" data-latitude=""34.874464"" data-longitude=""-85.507078"">
        <div class=""store-details__main-distance""></div>
        <a class=""store-details__main-directions"" href=""javascript:void(0);"" target=""_blank""></a>
    </div>",(423) 417-1740
"<img class=""store-details__map-image"" src=""https://maps.googleapis.com/maps/api/staticmap?center=Dollar+General%2C21+Hwy+151+Spur%2CTrion+GA+30753&amp;zoom=15&amp;size=730x600&amp;markers=icon%3Ahttps%3A%2F%2Fwww.dollargeneral.com%2Fetc.clientlibs%2Fdollargeneral%2Fclientlibs%2Fclientlib-site%2Fresources%2Fimages%2Fstatic-map-pin.png%7C34.5948%2C-85.2841&amp;key=AIzaSyDi0nb6nKeHaDJWFtAvbAIPKBrUuAc_mTY&amp;signature=EMbJGIQozaxP1Jmn4B6OAerE-To="" alt=""Google map showing the dropped pin on Dollar General,21 Hwy 151 Spur,Trion GA 30753"">",21 Hwy 151 Spur,"Trion, GA 30753","<div class=""store-details__main-travel"" data-latitude=""34.5948"" data-longitude=""-85.2841"" style=""display: none;"">
        <div class=""store-details__main-distance""></div>
        <a class=""store-details__main-directions"" href=""javascript:void(0);"" target=""_blank""></a>
    </div>",(470) 391-0677
"<img class=""store-details__map-image"" src=""https://maps.googleapis.com/maps/api/staticmap?center=Dollar+General%2C14368+Old+Highway+27%2CTrion+GA+30753-1502&amp;zoom=15&amp;size=730x600&amp;markers=icon%3Ahttps%3A%2F%2Fwww.dollargeneral.com%2Fetc.clientlibs%2Fdollargeneral%2Fclientlibs%2Fclientlib-site%2Fresources%2Fimages%2Fstatic-map-pin.png%7C34.532%2C-85.3073&amp;key=AIzaSyDi0nb6nKeHaDJWFtAvbAIPKBrUuAc_mTY&amp;signature=xwccVgWyvnvL1ruBn1Lz1WB92BU="" alt=""Google map showing the dropped pin on Dollar General,14368 Old Highway 27,Trion GA 30753-1502"">",14368 Old Highway 27,"Trion, GA 30753-1502","<div class=""store-details__main-travel"" data-latitude=""34.532"" data-longitude=""-85.3073"">
        <div class=""store-details__main-distance""></div>
        <a class=""store-details__main-directions"" href=""javascript:void(0);"" target=""_blank""></a>
    </div>",(706) 622-8980
"<img class=""store-details__map-image"" src=""https://maps.googleapis.com/maps/api/staticmap?center=Dollar+General%2C4312+Chamblee+Tucker+Road%2CTucker+GA+30084-2105&amp;zoom=15&amp;size=730x600&amp;markers=icon%3Ahttps%3A%2F%2Fwww.dollargeneral.com%2Fetc.clientlibs%2Fdollargeneral%2Fclientlibs%2Fclientlib-site%2Fresources%2Fimages%2Fstatic-map-pin.png%7C33.8811%2C-84.2197&amp;key=AIzaSyDi0nb6nKeHaDJWFtAvbAIPKBrUuAc_mTY&amp;signature=5RuocnUr2rgFDz--GBFoIGRYfcg="" alt=""Google map showing the dropped pin on Dollar General,4312 Chamblee Tucker Road,Tucker GA 30084-2105"">",4312 Chamblee Tucker Road,"Tucker, GA 30084-2105","<div class=""store-details__main-travel"" data-latitude=""33.8811"" data-longitude=""-84.2197"">
        <div class=""store-details__main-distance""></div>
        <a class=""store-details__main-directions"" href=""javascript:void(0);"" target=""_blank""></a>
    </div>",(470) 893-2140
"<img class=""store-details__map-image"" src=""https://maps.googleapis.com/maps/api/staticmap?center=Dollar+General%2C3605+Chattanooga+Rd%2CTunnel+Hill+GA+30755-0996&amp;zoom=15&amp;size=730x600&amp;markers=icon%3Ahttps%3A%2F%2Fwww.dollargeneral.com%2Fetc.clientlibs%2Fdollargeneral%2Fclientlibs%2Fclientlib-site%2Fresources%2Fimages%2Fstatic-map-pin.png%7C34.844565%2C-85.048081&amp;key=AIzaSyDi0nb6nKeHaDJWFtAvbAIPKBrUuAc_mTY&amp;signature=BYFeIsUrZJCmJo6XWIAK6JieOKU="" alt=""Google map showing the dropped pin on Dollar General,3605 Chattanooga Rd,Tunnel Hill GA 30755-0996"">",3605 Chattanooga Rd,"Tunnel Hill, GA 30755-0996","<div class=""store-details__main-travel"" data-latitude=""34.844565"" data-longitude=""-85.048081"">
        <div class=""store-details__main-distance""></div>
        <a class=""store-details__main-directions"" href=""javascript:void(0);"" target=""_blank""></a>
    </div>",(762) 236-2475
"<img class=""store-details__map-image"" src=""https://maps.googleapis.com/maps/api/staticmap?center=Dollar+General%2C2162+Catoosa+Pkwy%2CTunnel+Hill+GA+30755-7351&amp;zoom=15&amp;size=730x600&amp;markers=icon%3Ahttps%3A%2F%2Fwww.dollargeneral.com%2Fetc.clientlibs%2Fdollargeneral%2Fclientlibs%2Fclientlib-site%2Fresources%2Fimages%2Fstatic-map-pin.png%7C34.899%2C-85.0442&amp;key=AIzaSyDi0nb6nKeHaDJWFtAvbAIPKBrUuAc_mTY&amp;signature=Tk8NQa49EkAYY5cv78lmav3VdNc="" alt=""Google map showing the dropped pin on Dollar General,2162 Catoosa Pkwy,Tunnel Hill GA 30755-7351"">",2162 Catoosa Pkwy,"Tunnel Hill, GA 30755-7351","<div class=""store-details__main-travel"" data-latitude=""34.899"" data-longitude=""-85.0442"">
        <div class=""store-details__main-distance""></div>
        <a class=""store-details__main-directions"" href=""javascript:void(0);"" target=""_blank""></a>
    </div>",(706) 686-3775
"<img class=""store-details__map-image"" src=""https://maps.googleapis.com/maps/api/staticmap?center=Dollar+General%2C1800+Tunnel+Hill+Varnell+Rd%2CTunnel+Hill+GA+30755-9244&amp;zoom=15&amp;size=730x600&amp;markers=icon%3Ahttps%3A%2F%2Fwww.dollargeneral.com%2Fetc.clientlibs%2Fdollargeneral%2Fclientlibs%2Fclientlib-site%2Fresources%2Fimages%2Fstatic-map-pin.png%7C34.875%2C-85.0059&amp;key=AIzaSyDi0nb6nKeHaDJWFtAvbAIPKBrUuAc_mTY&amp;signature=Ctmfw5toKQztt_qbPbVjHbgXiAI="" alt=""Google map showing the dropped pin on Dollar General,1800 Tunnel Hill Varnell Rd,Tunnel Hill GA 30755-9244"">",1800 Tunnel Hill Varnell Rd,"Tunnel Hill, GA 30755-9244","<div class=""store-details__main-travel"" data-latitude=""34.875"" data-longitude=""-85.0059"">
        <div class=""store-details__main-distance""></div>
        <a class=""store-details__main-directions"" href=""javascript:void(0);"" target=""_blank""></a>
    </div>",(762) 236-0872
"<img class=""store-details__map-image"" src=""https://maps.googleapis.com/maps/api/staticmap?center=Dollar+General%2C2758+Us+Highway+80+E%2CTwin+City+GA+30471-5142&amp;zoom=15&amp;size=730x600&amp;markers=icon%3Ahttps%3A%2F%2Fwww.dollargeneral.com%2Fetc.clientlibs%2Fdollargeneral%2Fclientlibs%2Fclientlib-site%2Fresources%2Fimages%2Fstatic-map-pin.png%7C32.583766%2C-82.158402&amp;key=AIzaSyDi0nb6nKeHaDJWFtAvbAIPKBrUuAc_mTY&amp;signature=zUN-DdKBBZv7f6J7u54fns-yJzc="" alt=""Google map showing the dropped pin on Dollar General,2758 Us Highway 80 E,Twin City GA 30471-5142"">",2758 Us Highway 80 E,"Twin City, GA 30471-5142","<div class=""store-details__main-travel"" data-latitude=""32.583766"" data-longitude=""-82.158402"">
        <div class=""store-details__main-distance""></div>
        <a class=""store-details__main-directions"" href=""javascript:void(0);"" target=""_blank""></a>
    </div>",(912) 244-4011
"<img class=""store-details__map-image"" src=""https://maps.googleapis.com/maps/api/staticmap?center=Dollar+General%2C4716+Hwy+82+W%2CTy+Ty+GA+31795-3001&amp;zoom=15&amp;size=730x600&amp;markers=icon%3Ahttps%3A%2F%2Fwww.dollargeneral.com%2Fetc.clientlibs%2Fdollargeneral%2Fclientlibs%2Fclientlib-site%2Fresources%2Fimages%2Fstatic-map-pin.png%7C31.472075%2C-83.652308&amp;key=AIzaSyDi0nb6nKeHaDJWFtAvbAIPKBrUuAc_mTY&amp;signature=2V5tLu5CKnYfzMRC4vPg67zEk3w="" alt=""Google map showing the dropped pin on Dollar General,4716 Hwy 82 W,Ty Ty GA 31795-3001"">",4716 Hwy 82 W,"Ty Ty, GA 31795-3001","<div class=""store-details__main-travel"" data-latitude=""31.472075"" data-longitude=""-83.652308"">
        <div class=""store-details__main-distance""></div>
        <a class=""store-details__main-directions"" href=""javascript:void(0);"" target=""_blank""></a>
    </div>",(912) 387-4305
"<img class=""store-details__map-image"" src=""https://maps.googleapis.com/maps/api/staticmap?center=Dollar+General%2C989+Senoia+Rd%2CTyrone+GA+30290-2067&amp;zoom=15&amp;size=730x600&amp;markers=icon%3Ahttps%3A%2F%2Fwww.dollargeneral.com%2Fetc.clientlibs%2Fdollargeneral%2Fclientlibs%2Fclientlib-site%2Fresources%2Fimages%2Fstatic-map-pin.png%7C33.4787%2C-84.5929&amp;key=AIzaSyDi0nb6nKeHaDJWFtAvbAIPKBrUuAc_mTY&amp;signature=20YXwbuRUCS96TXkxDVXO3lAXvg="" alt=""Google map showing the dropped pin on Dollar General,989 Senoia Rd,Tyrone GA 30290-2067"">",989 Senoia Rd,"Tyrone, GA 30290-2067","<div class=""store-details__main-travel"" data-latitude=""33.4787"" data-longitude=""-84.5929"" style=""display: none;"">
        <div class=""store-details__main-distance""></div>
        <a class=""store-details__main-directions"" href=""javascript:void(0);"" target=""_blank""></a>
    </div>",(470) 615-1072
"<img class=""store-details__map-image"" src=""https://maps.googleapis.com/maps/api/staticmap?center=Dollar+General%2C1342+Pine+Street%2CUnadilla+GA+31091&amp;zoom=15&amp;size=730x600&amp;markers=icon%3Ahttps%3A%2F%2Fwww.dollargeneral.com%2Fetc.clientlibs%2Fdollargeneral%2Fclientlibs%2Fclientlib-site%2Fresources%2Fimages%2Fstatic-map-pin.png%7C32.252355%2C-83.739699&amp;key=AIzaSyDi0nb6nKeHaDJWFtAvbAIPKBrUuAc_mTY&amp;signature=0Hi-G-5rJwWHFqiif8wo_2TvFjg="" alt=""Google map showing the dropped pin on Dollar General,1342 Pine Street,Unadilla GA 31091"">",1342 Pine Street,"Unadilla, GA 31091","<div class=""store-details__main-travel"" data-latitude=""32.252355"" data-longitude=""-83.739699"">
        <div class=""store-details__main-distance""></div>
        <a class=""store-details__main-directions"" href=""javascript:void(0);"" target=""_blank""></a>
    </div>",(478) 721-4468
"<img class=""store-details__map-image"" src=""https://maps.googleapis.com/maps/api/staticmap?center=Dollar+General%2C6641+Roosevelt+Hwy%2CUnion+City+GA+30291-1659&amp;zoom=15&amp;size=730x600&amp;markers=icon%3Ahttps%3A%2F%2Fwww.dollargeneral.com%2Fetc.clientlibs%2Fdollargeneral%2Fclientlibs%2Fclientlib-site%2Fresources%2Fimages%2Fstatic-map-pin.png%7C33.578522%2C-84.558734&amp;key=AIzaSyDi0nb6nKeHaDJWFtAvbAIPKBrUuAc_mTY&amp;signature=jRe-ezf4C_Zm3sUpOIbyL3Ewl3k="" alt=""Google map showing the dropped pin on Dollar General,6641 Roosevelt Hwy,Union City GA 30291-1659"">",6641 Roosevelt Hwy,"Union City, GA 30291-1659","<div class=""store-details__main-travel"" data-latitude=""33.578522"" data-longitude=""-84.558734"">
        <div class=""store-details__main-distance""></div>
        <a class=""store-details__main-directions"" href=""javascript:void(0);"" target=""_blank""></a>
    </div>",(470) 615-1055
"<img class=""store-details__map-image"" src=""https://maps.googleapis.com/maps/api/staticmap?center=Dollar+General%2C1011+Industrial+Park+Blvd%2CUnion+Point+GA+30669-1121&amp;zoom=15&amp;size=730x600&amp;markers=icon%3Ahttps%3A%2F%2Fwww.dollargeneral.com%2Fetc.clientlibs%2Fdollargeneral%2Fclientlibs%2Fclientlib-site%2Fresources%2Fimages%2Fstatic-map-pin.png%7C33.6145%2C-83.0791&amp;key=AIzaSyDi0nb6nKeHaDJWFtAvbAIPKBrUuAc_mTY&amp;signature=hoL50D0WSpF_gJ0lrt4-1gxRSeg="" alt=""Google map showing the dropped pin on Dollar General,1011 Industrial Park Blvd,Union Point GA 30669-1121"">",1011 Industrial Park Blvd,"Union Point, GA 30669-1121","<div class=""store-details__main-travel"" data-latitude=""33.6145"" data-longitude=""-83.0791"">
        <div class=""store-details__main-distance""></div>
        <a class=""store-details__main-directions"" href=""javascript:void(0);"" target=""_blank""></a>
    </div>",(706) 920-2725
"<img class=""store-details__map-image"" src=""https://maps.googleapis.com/maps/api/staticmap?center=Dollar+General%2C317+S+First+St%2CUvalda+GA+30473-0143&amp;zoom=15&amp;size=730x600&amp;markers=icon%3Ahttps%3A%2F%2Fwww.dollargeneral.com%2Fetc.clientlibs%2Fdollargeneral%2Fclientlibs%2Fclientlib-site%2Fresources%2Fimages%2Fstatic-map-pin.png%7C32.032552%2C-82.508309&amp;key=AIzaSyDi0nb6nKeHaDJWFtAvbAIPKBrUuAc_mTY&amp;signature=Dc0ndmrff9JQi6zuNIf23ffAicw="" alt=""Google map showing the dropped pin on Dollar General,317 S First St,Uvalda GA 30473-0143"">",317 S First St,"Uvalda, GA 30473-0143","<div class=""store-details__main-travel"" data-latitude=""32.032552"" data-longitude=""-82.508309"" style=""display: none;"">
        <div class=""store-details__main-distance""></div>
        <a class=""store-details__main-directions"" href=""javascript:void(0);"" target=""_blank""></a>
    </div>",(762) 354-4648
"<img class=""store-details__map-image"" src=""https://maps.googleapis.com/maps/api/staticmap?center=Dollar+General%2C1001+Baytree+Road%2CValdosta+GA+31602-2730&amp;zoom=15&amp;size=730x600&amp;markers=icon%3Ahttps%3A%2F%2Fwww.dollargeneral.com%2Fetc.clientlibs%2Fdollargeneral%2Fclientlibs%2Fclientlib-site%2Fresources%2Fimages%2Fstatic-map-pin.png%7C30.846255%2C-83.304501&amp;key=AIzaSyDi0nb6nKeHaDJWFtAvbAIPKBrUuAc_mTY&amp;signature=BmxgYyZaxkXm2uMwZA9qRrahAXs="" alt=""Google map showing the dropped pin on Dollar General,1001 Baytree Road,Valdosta GA 31602-2730"">",1001 Baytree Road,"Valdosta, GA 31602-2730","<div class=""store-details__main-travel"" data-latitude=""30.846255"" data-longitude=""-83.304501"">
        <div class=""store-details__main-distance""></div>
        <a class=""store-details__main-directions"" href=""javascript:void(0);"" target=""_blank""></a>
    </div>",(762) 999-0070
"<img class=""store-details__map-image"" src=""https://maps.googleapis.com/maps/api/staticmap?center=Dollar+General%2C5353+Madison+Hwy.%2CValdosta+GA+31601-0889&amp;zoom=15&amp;size=730x600&amp;markers=icon%3Ahttps%3A%2F%2Fwww.dollargeneral.com%2Fetc.clientlibs%2Fdollargeneral%2Fclientlibs%2Fclientlib-site%2Fresources%2Fimages%2Fstatic-map-pin.png%7C30.689464%2C-83.314849&amp;key=AIzaSyDi0nb6nKeHaDJWFtAvbAIPKBrUuAc_mTY&amp;signature=tgWyZ66wz-mrQIMJPPkEcRSBeTU="" alt=""Google map showing the dropped pin on Dollar General,5353 Madison Hwy.,Valdosta GA 31601-0889"">",5353 Madison Hwy.,"Valdosta, GA 31601-0889","<div class=""store-details__main-travel"" data-latitude=""30.689464"" data-longitude=""-83.314849"">
        <div class=""store-details__main-distance""></div>
        <a class=""store-details__main-directions"" href=""javascript:void(0);"" target=""_blank""></a>
    </div>",(912) 387-2338
"<img class=""store-details__map-image"" src=""https://maps.googleapis.com/maps/api/staticmap?center=Dollar+General%2C823+Patterson+St%2CValdosta+GA+31601&amp;zoom=15&amp;size=730x600&amp;markers=icon%3Ahttps%3A%2F%2Fwww.dollargeneral.com%2Fetc.clientlibs%2Fdollargeneral%2Fclientlibs%2Fclientlib-site%2Fresources%2Fimages%2Fstatic-map-pin.png%7C30.8208%2C-83.2727&amp;key=AIzaSyDi0nb6nKeHaDJWFtAvbAIPKBrUuAc_mTY&amp;signature=ZUUe5OqomIkw-FSFm3vJbckyvi4="" alt=""Google map showing the dropped pin on Dollar General,823 Patterson St,Valdosta GA 31601"">",823 Patterson St,"Valdosta, GA 31601","<div class=""store-details__main-travel"" data-latitude=""30.8208"" data-longitude=""-83.2727"">
        <div class=""store-details__main-distance""></div>
        <a class=""store-details__main-directions"" href=""javascript:void(0);"" target=""_blank""></a>
    </div>",(912) 387-4201
"<img class=""store-details__map-image"" src=""https://maps.googleapis.com/maps/api/staticmap?center=Dollar+General%2C4160+Bemiss+Rd%2CValdosta+GA+31605-6042&amp;zoom=15&amp;size=730x600&amp;markers=icon%3Ahttps%3A%2F%2Fwww.dollargeneral.com%2Fetc.clientlibs%2Fdollargeneral%2Fclientlibs%2Fclientlib-site%2Fresources%2Fimages%2Fstatic-map-pin.png%7C30.9144%2C-83.2581&amp;key=AIzaSyDi0nb6nKeHaDJWFtAvbAIPKBrUuAc_mTY&amp;signature=MiNIvaYtOnIQv3tyTp6Ez5AjLho="" alt=""Google map showing the dropped pin on Dollar General,4160 Bemiss Rd,Valdosta GA 31605-6042"">",4160 Bemiss Rd,"Valdosta, GA 31605-6042","<div class=""store-details__main-travel"" data-latitude=""30.9144"" data-longitude=""-83.2581"">
        <div class=""store-details__main-distance""></div>
        <a class=""store-details__main-directions"" href=""javascript:void(0);"" target=""_blank""></a>
    </div>",(912) 244-4220
"<img class=""store-details__map-image"" src=""https://maps.googleapis.com/maps/api/staticmap?center=Dollar+General%2C19540+Valdosta+Hwy%2CValdosta+GA+31602-8206&amp;zoom=15&amp;size=730x600&amp;markers=icon%3Ahttps%3A%2F%2Fwww.dollargeneral.com%2Fetc.clientlibs%2Fdollargeneral%2Fclientlibs%2Fclientlib-site%2Fresources%2Fimages%2Fstatic-map-pin.png%7C30.853876%2C-83.357758&amp;key=AIzaSyDi0nb6nKeHaDJWFtAvbAIPKBrUuAc_mTY&amp;signature=euhmcQYgiHTAWYhXPKwzHHccOdo="" alt=""Google map showing the dropped pin on Dollar General,19540 Valdosta Hwy,Valdosta GA 31602-8206"">",19540 Valdosta Hwy,"Valdosta, GA 31602-8206","<div class=""store-details__main-travel"" data-latitude=""30.853876"" data-longitude=""-83.357758"">
        <div class=""store-details__main-distance""></div>
        <a class=""store-details__main-directions"" href=""javascript:void(0);"" target=""_blank""></a>
    </div>",(912) 387-4311
"<img class=""store-details__map-image"" src=""https://maps.googleapis.com/maps/api/staticmap?center=Dollar+General%2C7290+Bemiss+Road%2CValdosta+GA+31601&amp;zoom=15&amp;size=730x600&amp;markers=icon%3Ahttps%3A%2F%2Fwww.dollargeneral.com%2Fetc.clientlibs%2Fdollargeneral%2Fclientlibs%2Fclientlib-site%2Fresources%2Fimages%2Fstatic-map-pin.png%7C31.025262%2C-83.197352&amp;key=AIzaSyDi0nb6nKeHaDJWFtAvbAIPKBrUuAc_mTY&amp;signature=CjAIb47djCYOF2BBQdRElU3QjzA="" alt=""Google map showing the dropped pin on Dollar General,7290 Bemiss Road,Valdosta GA 31601"">",7290 Bemiss Road,"Valdosta, GA 31601","<div class=""store-details__main-travel"" data-latitude=""31.025262"" data-longitude=""-83.197352"">
        <div class=""store-details__main-distance""></div>
        <a class=""store-details__main-directions"" href=""javascript:void(0);"" target=""_blank""></a>
    </div>",(912) 387-4280
"<img class=""store-details__map-image"" src=""https://maps.googleapis.com/maps/api/staticmap?center=Dollar+General%2C4762+Davidson+Rd%2CValdosta+GA+31605-5599&amp;zoom=15&amp;size=730x600&amp;markers=icon%3Ahttps%3A%2F%2Fwww.dollargeneral.com%2Fetc.clientlibs%2Fdollargeneral%2Fclientlibs%2Fclientlib-site%2Fresources%2Fimages%2Fstatic-map-pin.png%7C30.96142%2C-83.22192&amp;key=AIzaSyDi0nb6nKeHaDJWFtAvbAIPKBrUuAc_mTY&amp;signature=r-z7PQcA6IucIXrycZ4WE_dIb3A="" alt=""Google map showing the dropped pin on Dollar General,4762 Davidson Rd,Valdosta GA 31605-5599"">",4762 Davidson Rd,"Valdosta, GA 31605-5599","<div class=""store-details__main-travel"" data-latitude=""30.96142"" data-longitude=""-83.22192"">
        <div class=""store-details__main-distance""></div>
        <a class=""store-details__main-directions"" href=""javascript:void(0);"" target=""_blank""></a>
    </div>",(912) 387-0668
"<img class=""store-details__map-image"" src=""https://maps.googleapis.com/maps/api/staticmap?center=Dollar+General%2C2107+Bemiss+Rd%2CValdosta+GA+31602-1940&amp;zoom=15&amp;size=730x600&amp;markers=icon%3Ahttps%3A%2F%2Fwww.dollargeneral.com%2Fetc.clientlibs%2Fdollargeneral%2Fclientlibs%2Fclientlib-site%2Fresources%2Fimages%2Fstatic-map-pin.png%7C30.8591%2C-83.2812&amp;key=AIzaSyDi0nb6nKeHaDJWFtAvbAIPKBrUuAc_mTY&amp;signature=q_VaTCcx2jooEj-lKfZzI6rCw5g="" alt=""Google map showing the dropped pin on Dollar General,2107 Bemiss Rd,Valdosta GA 31602-1940"">",2107 Bemiss Rd,"Valdosta, GA 31602-1940","<div class=""store-details__main-travel"" data-latitude=""30.8591"" data-longitude=""-83.2812"">
        <div class=""store-details__main-distance""></div>
        <a class=""store-details__main-directions"" href=""javascript:void(0);"" target=""_blank""></a>
    </div>",(470) 601-7123
"<img class=""store-details__map-image"" src=""https://maps.googleapis.com/maps/api/staticmap?center=Dollar+General%2C3603+New+Statenville+Hwy%2CValdosta+GA+31603-2503&amp;zoom=15&amp;size=730x600&amp;markers=icon%3Ahttps%3A%2F%2Fwww.dollargeneral.com%2Fetc.clientlibs%2Fdollargeneral%2Fclientlibs%2Fclientlib-site%2Fresources%2Fimages%2Fstatic-map-pin.png%7C30.7728%2C-83.143&amp;key=AIzaSyDi0nb6nKeHaDJWFtAvbAIPKBrUuAc_mTY&amp;signature=yZBhLul0K6YSmvyEljS1XGAZvIU="" alt=""Google map showing the dropped pin on Dollar General,3603 New Statenville Hwy,Valdosta GA 31603-2503"">",3603 New Statenville Hwy,"Valdosta, GA 31603-2503","<div class=""store-details__main-travel"" data-latitude=""30.7728"" data-longitude=""-83.143"" style=""display: none;"">
        <div class=""store-details__main-distance""></div>
        <a class=""store-details__main-directions"" href=""javascript:void(0);"" target=""_blank""></a>
    </div>",(229) 375-0361
"<img class=""store-details__map-image"" src=""https://maps.googleapis.com/maps/api/staticmap?center=Dollar+General%2C2485+Us+Highway+84+W%2CValdosta+GA+31601&amp;zoom=15&amp;size=730x600&amp;markers=icon%3Ahttps%3A%2F%2Fwww.dollargeneral.com%2Fetc.clientlibs%2Fdollargeneral%2Fclientlibs%2Fclientlib-site%2Fresources%2Fimages%2Fstatic-map-pin.png%7C30.8104%2C-83.333&amp;key=AIzaSyDi0nb6nKeHaDJWFtAvbAIPKBrUuAc_mTY&amp;signature=9QQO2j6VcAe8oLbBiTxR1fY0zkQ="" alt=""Google map showing the dropped pin on Dollar General,2485 Us Highway 84 W,Valdosta GA 31601"">",2485 Us Highway 84 W,"Valdosta, GA 31601","<div class=""store-details__main-travel"" data-latitude=""30.8104"" data-longitude=""-83.333"">
        <div class=""store-details__main-distance""></div>
        <a class=""store-details__main-directions"" href=""javascript:void(0);"" target=""_blank""></a>
    </div>",(912) 387-4481
"<img class=""store-details__map-image"" src=""https://maps.googleapis.com/maps/api/staticmap?center=Dollar+General%2C3305+North+Valdosta+Rd%2CValdosta+GA+31602-5912&amp;zoom=15&amp;size=730x600&amp;markers=icon%3Ahttps%3A%2F%2Fwww.dollargeneral.com%2Fetc.clientlibs%2Fdollargeneral%2Fclientlibs%2Fclientlib-site%2Fresources%2Fimages%2Fstatic-map-pin.png%7C30.877928%2C-83.295913&amp;key=AIzaSyDi0nb6nKeHaDJWFtAvbAIPKBrUuAc_mTY&amp;signature=t2tw9xylYI6qRLDAIXkyoLK1gxA="" alt=""Google map showing the dropped pin on Dollar General,3305 North Valdosta Rd,Valdosta GA 31602-5912"">",3305 North Valdosta Rd,"Valdosta, GA 31602-5912","<div class=""store-details__main-travel"" data-latitude=""30.877928"" data-longitude=""-83.295913"">
        <div class=""store-details__main-distance""></div>
        <a class=""store-details__main-directions"" href=""javascript:void(0);"" target=""_blank""></a>
    </div>",(912) 387-4345
"<img class=""store-details__map-image"" src=""https://maps.googleapis.com/maps/api/staticmap?center=Dollar+General%2C1610+Northside+Dr%2CValdosta+GA+31602-2054&amp;zoom=15&amp;size=730x600&amp;markers=icon%3Ahttps%3A%2F%2Fwww.dollargeneral.com%2Fetc.clientlibs%2Fdollargeneral%2Fclientlibs%2Fclientlib-site%2Fresources%2Fimages%2Fstatic-map-pin.png%7C30.872283%2C-83.265368&amp;key=AIzaSyDi0nb6nKeHaDJWFtAvbAIPKBrUuAc_mTY&amp;signature=pHTZCDicdKbaSyu5hIzjIBi7pHw="" alt=""Google map showing the dropped pin on Dollar General,1610 Northside Dr,Valdosta GA 31602-2054"">",1610 Northside Dr,"Valdosta, GA 31602-2054","<div class=""store-details__main-travel"" data-latitude=""30.872283"" data-longitude=""-83.265368"">
        <div class=""store-details__main-distance""></div>
        <a class=""store-details__main-directions"" href=""javascript:void(0);"" target=""_blank""></a>
    </div>",(912) 387-4382
"<img class=""store-details__map-image"" src=""https://maps.googleapis.com/maps/api/staticmap?center=Dollar+General%2C2710+Highway+41+S%2CValdosta+GA+31601-1418&amp;zoom=15&amp;size=730x600&amp;markers=icon%3Ahttps%3A%2F%2Fwww.dollargeneral.com%2Fetc.clientlibs%2Fdollargeneral%2Fclientlibs%2Fclientlib-site%2Fresources%2Fimages%2Fstatic-map-pin.png%7C30.787802%2C-83.235251&amp;key=AIzaSyDi0nb6nKeHaDJWFtAvbAIPKBrUuAc_mTY&amp;signature=PkhD73AYC5vBjczKqyYhNjlHWFs="" alt=""Google map showing the dropped pin on Dollar General,2710 Highway 41 S,Valdosta GA 31601-1418"">",2710 Highway 41 S,"Valdosta, GA 31601-1418","<div class=""store-details__main-travel"" data-latitude=""30.787802"" data-longitude=""-83.235251"" style=""display: none;"">
        <div class=""store-details__main-distance""></div>
        <a class=""store-details__main-directions"" href=""javascript:void(0);"" target=""_blank""></a>
    </div>",(912) 387-4340
"<img class=""store-details__map-image"" src=""https://maps.googleapis.com/maps/api/staticmap?center=Dollar+General%2C3967+Old+Us+Hwy+41n%2CValdosta+GA+31602-6810&amp;zoom=15&amp;size=730x600&amp;markers=icon%3Ahttps%3A%2F%2Fwww.dollargeneral.com%2Fetc.clientlibs%2Fdollargeneral%2Fclientlibs%2Fclientlib-site%2Fresources%2Fimages%2Fstatic-map-pin.png%7C30.903731%2C-83.339857&amp;key=AIzaSyDi0nb6nKeHaDJWFtAvbAIPKBrUuAc_mTY&amp;signature=0uA-Xv2Bd0q06Y6QCx4I-JxYeSU="" alt=""Google map showing the dropped pin on Dollar General,3967 Old Us Hwy 41n,Valdosta GA 31602-6810"">",3967 Old Us Hwy 41n,"Valdosta, GA 31602-6810","<div class=""store-details__main-travel"" data-latitude=""30.903731"" data-longitude=""-83.339857"">
        <div class=""store-details__main-distance""></div>
        <a class=""store-details__main-directions"" href=""javascript:void(0);"" target=""_blank""></a>
    </div>",(470) 691-0372
"<img class=""store-details__map-image"" src=""https://maps.googleapis.com/maps/api/staticmap?center=Dollar+General%2C3261+Highway+280%2CVidalia+GA+30474&amp;zoom=15&amp;size=730x600&amp;markers=icon%3Ahttps%3A%2F%2Fwww.dollargeneral.com%2Fetc.clientlibs%2Fdollargeneral%2Fclientlibs%2Fclientlib-site%2Fresources%2Fimages%2Fstatic-map-pin.png%7C32.2122%2C-82.463&amp;key=AIzaSyDi0nb6nKeHaDJWFtAvbAIPKBrUuAc_mTY&amp;signature=3pjcXs_cMIgNm1VFEY_jY-t6FO0="" alt=""Google map showing the dropped pin on Dollar General,3261 Highway 280,Vidalia GA 30474"">",3261 Highway 280,"Vidalia, GA 30474","<div class=""store-details__main-travel"" data-latitude=""32.2122"" data-longitude=""-82.463"">
        <div class=""store-details__main-distance""></div>
        <a class=""store-details__main-directions"" href=""javascript:void(0);"" target=""_blank""></a>
    </div>",(912) 380-6720
"<img class=""store-details__map-image"" src=""https://maps.googleapis.com/maps/api/staticmap?center=Dollar+General%2C109+Mcintosh+St%2CVidalia+GA+30474-3106&amp;zoom=15&amp;size=730x600&amp;markers=icon%3Ahttps%3A%2F%2Fwww.dollargeneral.com%2Fetc.clientlibs%2Fdollargeneral%2Fclientlibs%2Fclientlib-site%2Fresources%2Fimages%2Fstatic-map-pin.png%7C32.219399%2C-82.411449&amp;key=AIzaSyDi0nb6nKeHaDJWFtAvbAIPKBrUuAc_mTY&amp;signature=3Y5IEC9NRMvTJ-Uvj8ElZnUPcxU="" alt=""Google map showing the dropped pin on Dollar General,109 Mcintosh St,Vidalia GA 30474-3106"">",109 Mcintosh St,"Vidalia, GA 30474-3106","<div class=""store-details__main-travel"" data-latitude=""32.219399"" data-longitude=""-82.411449"">
        <div class=""store-details__main-distance""></div>
        <a class=""store-details__main-directions"" href=""javascript:void(0);"" target=""_blank""></a>
    </div>",(912) 380-6585
"<img class=""store-details__map-image"" src=""https://maps.googleapis.com/maps/api/staticmap?center=Dollar+General%2C601+C+East+First+St%2CVidalia+GA+30474&amp;zoom=15&amp;size=730x600&amp;markers=icon%3Ahttps%3A%2F%2Fwww.dollargeneral.com%2Fetc.clientlibs%2Fdollargeneral%2Fclientlibs%2Fclientlib-site%2Fresources%2Fimages%2Fstatic-map-pin.png%7C32.213729%2C-82.407791&amp;key=AIzaSyDi0nb6nKeHaDJWFtAvbAIPKBrUuAc_mTY&amp;signature=ZLRtnrB5FSsLe4KW0uNNPNRk1dc="" alt=""Google map showing the dropped pin on Dollar General,601 C East First St,Vidalia GA 30474"">",601 C East First St,"Vidalia, GA 30474","<div class=""store-details__main-travel"" data-latitude=""32.213729"" data-longitude=""-82.407791"">
        <div class=""store-details__main-distance""></div>
        <a class=""store-details__main-directions"" href=""javascript:void(0);"" target=""_blank""></a>
    </div>",(912) 380-6852
"<img class=""store-details__map-image"" src=""https://maps.googleapis.com/maps/api/staticmap?center=Dollar+General%2C1211+East+Union+St%2CVienna+GA+31092-7546&amp;zoom=15&amp;size=730x600&amp;markers=icon%3Ahttps%3A%2F%2Fwww.dollargeneral.com%2Fetc.clientlibs%2Fdollargeneral%2Fclientlibs%2Fclientlib-site%2Fresources%2Fimages%2Fstatic-map-pin.png%7C32.088034%2C-83.772936&amp;key=AIzaSyDi0nb6nKeHaDJWFtAvbAIPKBrUuAc_mTY&amp;signature=Jz2ogq4ONb1vykxKi5AZtz33rEQ="" alt=""Google map showing the dropped pin on Dollar General,1211 East Union St,Vienna GA 31092-7546"">",1211 East Union St,"Vienna, GA 31092-7546","<div class=""store-details__main-travel"" data-latitude=""32.088034"" data-longitude=""-83.772936"" style=""display: none;"">
        <div class=""store-details__main-distance""></div>
        <a class=""store-details__main-directions"" href=""javascript:void(0);"" target=""_blank""></a>
    </div>",(470) 571-0880
"<img class=""store-details__map-image"" src=""https://maps.googleapis.com/maps/api/staticmap?center=Dollar+General%2C25+Herrell+Rd%2CVilla+Rica+GA+30180&amp;zoom=15&amp;size=730x600&amp;markers=icon%3Ahttps%3A%2F%2Fwww.dollargeneral.com%2Fetc.clientlibs%2Fdollargeneral%2Fclientlibs%2Fclientlib-site%2Fresources%2Fimages%2Fstatic-map-pin.png%7C33.74843%2C-84.91179&amp;key=AIzaSyDi0nb6nKeHaDJWFtAvbAIPKBrUuAc_mTY&amp;signature=Zvo2BD8H9eCVfkbFsO-2oPPw-Q8="" alt=""Google map showing the dropped pin on Dollar General,25 Herrell Rd,Villa Rica GA 30180"">",25 Herrell Rd,"Villa Rica, GA 30180","<div class=""store-details__main-travel"" data-latitude=""33.74843"" data-longitude=""-84.91179"">
        <div class=""store-details__main-distance""></div>
        <a class=""store-details__main-directions"" href=""javascript:void(0);"" target=""_blank""></a>
    </div>",(470) 524-1819
"<img class=""store-details__map-image"" src=""https://maps.googleapis.com/maps/api/staticmap?center=Dollar+General%2C2418+Devonion+Dr%2CVilla+Rica+GA+30180-5898&amp;zoom=15&amp;size=730x600&amp;markers=icon%3Ahttps%3A%2F%2Fwww.dollargeneral.com%2Fetc.clientlibs%2Fdollargeneral%2Fclientlibs%2Fclientlib-site%2Fresources%2Fimages%2Fstatic-map-pin.png%7C33.731988%2C-84.894375&amp;key=AIzaSyDi0nb6nKeHaDJWFtAvbAIPKBrUuAc_mTY&amp;signature=u7DSbXDJqL5OeHOgeKK48VozFZw="" alt=""Google map showing the dropped pin on Dollar General,2418 Devonion Dr,Villa Rica GA 30180-5898"">",2418 Devonion Dr,"Villa Rica, GA 30180-5898","<div class=""store-details__main-travel"" data-latitude=""33.731988"" data-longitude=""-84.894375"">
        <div class=""store-details__main-distance""></div>
        <a class=""store-details__main-directions"" href=""javascript:void(0);"" target=""_blank""></a>
    </div>",(470) 243-0214
"<img class=""store-details__map-image"" src=""https://maps.googleapis.com/maps/api/staticmap?center=Dollar+General%2C8266+Villa+Rica+Hwy%2CVilla+Rica+GA+30180-4207&amp;zoom=15&amp;size=730x600&amp;markers=icon%3Ahttps%3A%2F%2Fwww.dollargeneral.com%2Fetc.clientlibs%2Fdollargeneral%2Fclientlibs%2Fclientlib-site%2Fresources%2Fimages%2Fstatic-map-pin.png%7C33.8077%2C-84.8909&amp;key=AIzaSyDi0nb6nKeHaDJWFtAvbAIPKBrUuAc_mTY&amp;signature=B1skBEQ6e75YJWR-X4FPoGR5i-Y="" alt=""Google map showing the dropped pin on Dollar General,8266 Villa Rica Hwy,Villa Rica GA 30180-4207"">",8266 Villa Rica Hwy,"Villa Rica, GA 30180-4207","<div class=""store-details__main-travel"" data-latitude=""33.8077"" data-longitude=""-84.8909"">
        <div class=""store-details__main-distance""></div>
        <a class=""store-details__main-directions"" href=""javascript:void(0);"" target=""_blank""></a>
    </div>",(470) 344-2738
"<img class=""store-details__map-image"" src=""https://maps.googleapis.com/maps/api/staticmap?center=Dollar+General%2C2586+Rockmart+Road%2CVilla+Rica+GA+30180-4351&amp;zoom=15&amp;size=730x600&amp;markers=icon%3Ahttps%3A%2F%2Fwww.dollargeneral.com%2Fetc.clientlibs%2Fdollargeneral%2Fclientlibs%2Fclientlib-site%2Fresources%2Fimages%2Fstatic-map-pin.png%7C33.780544%2C-84.966853&amp;key=AIzaSyDi0nb6nKeHaDJWFtAvbAIPKBrUuAc_mTY&amp;signature=LG30Bg20Ey0yE3eFkiHXC5WMvus="" alt=""Google map showing the dropped pin on Dollar General,2586 Rockmart Road,Villa Rica GA 30180-4351"">",2586 Rockmart Road,"Villa Rica, GA 30180-4351","<div class=""store-details__main-travel"" data-latitude=""33.780544"" data-longitude=""-84.966853"">
        <div class=""store-details__main-distance""></div>
        <a class=""store-details__main-directions"" href=""javascript:void(0);"" target=""_blank""></a>
    </div>",(470) 243-0238
"<img class=""store-details__map-image"" src=""https://maps.googleapis.com/maps/api/staticmap?center=Dollar+General%2C879+W+Bankhead+Hwy%2CVilla+Rica+GA+30180-1515&amp;zoom=15&amp;size=730x600&amp;markers=icon%3Ahttps%3A%2F%2Fwww.dollargeneral.com%2Fetc.clientlibs%2Fdollargeneral%2Fclientlibs%2Fclientlib-site%2Fresources%2Fimages%2Fstatic-map-pin.png%7C33.732098%2C-84.945092&amp;key=AIzaSyDi0nb6nKeHaDJWFtAvbAIPKBrUuAc_mTY&amp;signature=1MXPbsR1zFSK4-L5Kyps29mehNw="" alt=""Google map showing the dropped pin on Dollar General,879 W Bankhead Hwy,Villa Rica GA 30180-1515"">",879 W Bankhead Hwy,"Villa Rica, GA 30180-1515","<div class=""store-details__main-travel"" data-latitude=""33.732098"" data-longitude=""-84.945092"">
        <div class=""store-details__main-distance""></div>
        <a class=""store-details__main-directions"" href=""javascript:void(0);"" target=""_blank""></a>
    </div>",(470) 243-0221
"<img class=""store-details__map-image"" src=""https://maps.googleapis.com/maps/api/staticmap?center=Dollar+General%2C101+Prospecter+Dr%2CVilla+Rica+GA+30180-5300&amp;zoom=15&amp;size=730x600&amp;markers=icon%3Ahttps%3A%2F%2Fwww.dollargeneral.com%2Fetc.clientlibs%2Fdollargeneral%2Fclientlibs%2Fclientlib-site%2Fresources%2Fimages%2Fstatic-map-pin.png%7C33.74767%2C-84.93423&amp;key=AIzaSyDi0nb6nKeHaDJWFtAvbAIPKBrUuAc_mTY&amp;signature=6QGAGdYAYntXGU5nQ24U_oX3Jnw="" alt=""Google map showing the dropped pin on Dollar General,101 Prospecter Dr,Villa Rica GA 30180-5300"">",101 Prospecter Dr,"Villa Rica, GA 30180-5300","<div class=""store-details__main-travel"" data-latitude=""33.74767"" data-longitude=""-84.93423"">
        <div class=""store-details__main-distance""></div>
        <a class=""store-details__main-directions"" href=""javascript:void(0);"" target=""_blank""></a>
    </div>",(470) 500-8830
"<img class=""store-details__map-image"" src=""https://maps.googleapis.com/maps/api/staticmap?center=Dollar+General%2C10455+Us+Highway+1+S%2CWadley+GA+30477-3811&amp;zoom=15&amp;size=730x600&amp;markers=icon%3Ahttps%3A%2F%2Fwww.dollargeneral.com%2Fetc.clientlibs%2Fdollargeneral%2Fclientlibs%2Fclientlib-site%2Fresources%2Fimages%2Fstatic-map-pin.png%7C32.8696%2C-82.3953&amp;key=AIzaSyDi0nb6nKeHaDJWFtAvbAIPKBrUuAc_mTY&amp;signature=l95eR_TQny93Z_rfjszygyEDPzQ="" alt=""Google map showing the dropped pin on Dollar General,10455 Us Highway 1 S,Wadley GA 30477-3811"">",10455 Us Highway 1 S,"Wadley, GA 30477-3811","<div class=""store-details__main-travel"" data-latitude=""32.8696"" data-longitude=""-82.3953"">
        <div class=""store-details__main-distance""></div>
        <a class=""store-details__main-directions"" href=""javascript:void(0);"" target=""_blank""></a>
    </div>",(478) 202-8490
"<img class=""store-details__map-image"" src=""https://maps.googleapis.com/maps/api/staticmap?center=Dollar+General%2C6882+Reinhardt+College+Pk%2CWaleska+GA+30183-3266&amp;zoom=15&amp;size=730x600&amp;markers=icon%3Ahttps%3A%2F%2Fwww.dollargeneral.com%2Fetc.clientlibs%2Fdollargeneral%2Fclientlibs%2Fclientlib-site%2Fresources%2Fimages%2Fstatic-map-pin.png%7C34.315%2C-84.549552&amp;key=AIzaSyDi0nb6nKeHaDJWFtAvbAIPKBrUuAc_mTY&amp;signature=G6b3sUnfkGawjdksi0w337rjJoM="" alt=""Google map showing the dropped pin on Dollar General,6882 Reinhardt College Pk,Waleska GA 30183-3266"">",6882 Reinhardt College Pk,"Waleska, GA 30183-3266","<div class=""store-details__main-travel"" data-latitude=""34.315"" data-longitude=""-84.549552"">
        <div class=""store-details__main-distance""></div>
        <a class=""store-details__main-directions"" href=""javascript:void(0);"" target=""_blank""></a>
    </div>",(478) 219-2897
"<img class=""store-details__map-image"" src=""https://maps.googleapis.com/maps/api/staticmap?center=Dollar+General%2C3154+Airport+Road%2CWalthourville+GA+31333&amp;zoom=15&amp;size=730x600&amp;markers=icon%3Ahttps%3A%2F%2Fwww.dollargeneral.com%2Fetc.clientlibs%2Fdollargeneral%2Fclientlibs%2Fclientlib-site%2Fresources%2Fimages%2Fstatic-map-pin.png%7C31.7738%2C-81.6338&amp;key=AIzaSyDi0nb6nKeHaDJWFtAvbAIPKBrUuAc_mTY&amp;signature=Flm-aE0kPx5SNaXuZavNQ6QfMOM="" alt=""Google map showing the dropped pin on Dollar General,3154 Airport Road,Walthourville GA 31333"">",3154 Airport Road,"Walthourville, GA 31333","<div class=""store-details__main-travel"" data-latitude=""31.7738"" data-longitude=""-81.6338"" style=""display: none;"">
        <div class=""store-details__main-distance""></div>
        <a class=""store-details__main-directions"" href=""javascript:void(0);"" target=""_blank""></a>
    </div>",(912) 559-8472
"<img class=""store-details__map-image"" src=""https://maps.googleapis.com/maps/api/staticmap?center=Dollar+General%2C3841+Whitehouse+Pkwy%2CWarm+Springs+GA+31830&amp;zoom=15&amp;size=730x600&amp;markers=icon%3Ahttps%3A%2F%2Fwww.dollargeneral.com%2Fetc.clientlibs%2Fdollargeneral%2Fclientlibs%2Fclientlib-site%2Fresources%2Fimages%2Fstatic-map-pin.png%7C32.8903%2C-84.6816&amp;key=AIzaSyDi0nb6nKeHaDJWFtAvbAIPKBrUuAc_mTY&amp;signature=II46GUwQCyHOoOLCHrrUKkjcnKc="" alt=""Google map showing the dropped pin on Dollar General,3841 Whitehouse Pkwy,Warm Springs GA 31830"">",3841 Whitehouse Pkwy,"Warm Springs, GA 31830","<div class=""store-details__main-travel"" data-latitude=""32.8903"" data-longitude=""-84.6816"">
        <div class=""store-details__main-distance""></div>
        <a class=""store-details__main-directions"" href=""javascript:void(0);"" target=""_blank""></a>
    </div>",(470) 735-4244
"<img class=""store-details__map-image"" src=""https://maps.googleapis.com/maps/api/staticmap?center=Dollar+General%2C640+Dunbar+Road%2CWarner+Robins+GA+31093-1206&amp;zoom=15&amp;size=730x600&amp;markers=icon%3Ahttps%3A%2F%2Fwww.dollargeneral.com%2Fetc.clientlibs%2Fdollargeneral%2Fclientlibs%2Fclientlib-site%2Fresources%2Fimages%2Fstatic-map-pin.png%7C32.65073%2C-83.66029&amp;key=AIzaSyDi0nb6nKeHaDJWFtAvbAIPKBrUuAc_mTY&amp;signature=FYLRA6pRGqdLqt2R5s4QyKGrwHw="" alt=""Google map showing the dropped pin on Dollar General,640 Dunbar Road,Warner Robins GA 31093-1206"">",640 Dunbar Road,"Warner Robins, GA 31093-1206","<div class=""store-details__main-travel"" data-latitude=""32.65073"" data-longitude=""-83.66029"">
        <div class=""store-details__main-distance""></div>
        <a class=""store-details__main-directions"" href=""javascript:void(0);"" target=""_blank""></a>
    </div>",(478) 217-2627
"<img class=""store-details__map-image"" src=""https://maps.googleapis.com/maps/api/staticmap?center=Dollar+General%2C604+N+Davis+Dr%2CWarner+Robins+GA+31093-2008&amp;zoom=15&amp;size=730x600&amp;markers=icon%3Ahttps%3A%2F%2Fwww.dollargeneral.com%2Fetc.clientlibs%2Fdollargeneral%2Fclientlibs%2Fclientlib-site%2Fresources%2Fimages%2Fstatic-map-pin.png%7C32.635327%2C-83.612245&amp;key=AIzaSyDi0nb6nKeHaDJWFtAvbAIPKBrUuAc_mTY&amp;signature=3znS9-qn6dCdEm1H7XhZZ_kZEtY="" alt=""Google map showing the dropped pin on Dollar General,604 N Davis Dr,Warner Robins GA 31093-2008"">",604 N Davis Dr,"Warner Robins, GA 31093-2008","<div class=""store-details__main-travel"" data-latitude=""32.635327"" data-longitude=""-83.612245"">
        <div class=""store-details__main-distance""></div>
        <a class=""store-details__main-directions"" href=""javascript:void(0);"" target=""_blank""></a>
    </div>",(478) 273-3026
"<img class=""store-details__map-image"" src=""https://maps.googleapis.com/maps/api/staticmap?center=Dollar+General%2C4901+Russell+Parkway%2CWarner+Robins+GA+31088-8648&amp;zoom=15&amp;size=730x600&amp;markers=icon%3Ahttps%3A%2F%2Fwww.dollargeneral.com%2Fetc.clientlibs%2Fdollargeneral%2Fclientlibs%2Fclientlib-site%2Fresources%2Fimages%2Fstatic-map-pin.png%7C32.578902%2C-83.716363&amp;key=AIzaSyDi0nb6nKeHaDJWFtAvbAIPKBrUuAc_mTY&amp;signature=VOUhMhDiqMjhvBCp1sppFW8Tio8="" alt=""Google map showing the dropped pin on Dollar General,4901 Russell Parkway,Warner Robins GA 31088-8648"">",4901 Russell Parkway,"Warner Robins, GA 31088-8648","<div class=""store-details__main-travel"" data-latitude=""32.578902"" data-longitude=""-83.716363"">
        <div class=""store-details__main-distance""></div>
        <a class=""store-details__main-directions"" href=""javascript:void(0);"" target=""_blank""></a>
    </div>",(478) 217-2763
"<img class=""store-details__map-image"" src=""https://maps.googleapis.com/maps/api/staticmap?center=Dollar+General%2C2451+Watson+Blvd%2CWarner+Robins+GA+31093-2955&amp;zoom=15&amp;size=730x600&amp;markers=icon%3Ahttps%3A%2F%2Fwww.dollargeneral.com%2Fetc.clientlibs%2Fdollargeneral%2Fclientlibs%2Fclientlib-site%2Fresources%2Fimages%2Fstatic-map-pin.png%7C32.617759%2C-83.664348&amp;key=AIzaSyDi0nb6nKeHaDJWFtAvbAIPKBrUuAc_mTY&amp;signature=RZgKFbZY7-Z_9FaDEU2oZml0dJw="" alt=""Google map showing the dropped pin on Dollar General,2451 Watson Blvd,Warner Robins GA 31093-2955"">",2451 Watson Blvd,"Warner Robins, GA 31093-2955","<div class=""store-details__main-travel"" data-latitude=""32.617759"" data-longitude=""-83.664348"" style=""display: none;"">
        <div class=""store-details__main-distance""></div>
        <a class=""store-details__main-directions"" href=""javascript:void(0);"" target=""_blank""></a>
    </div>",(478) 273-0781
"<img class=""store-details__map-image"" src=""https://maps.googleapis.com/maps/api/staticmap?center=Dollar+General%2C1515+Russell+Park+Way%2CWarner+Robins+GA+31093-0000&amp;zoom=15&amp;size=730x600&amp;markers=icon%3Ahttps%3A%2F%2Fwww.dollargeneral.com%2Fetc.clientlibs%2Fdollargeneral%2Fclientlibs%2Fclientlib-site%2Fresources%2Fimages%2Fstatic-map-pin.png%7C32.594%2C-83.6553&amp;key=AIzaSyDi0nb6nKeHaDJWFtAvbAIPKBrUuAc_mTY&amp;signature=fsg3qq6lKpxh72qcIsUKZvxwE0I="" alt=""Google map showing the dropped pin on Dollar General,1515 Russell Park Way,Warner Robins GA 31093-0000"">",1515 Russell Park Way,"Warner Robins, GA 31093-0000","<div class=""store-details__main-travel"" data-latitude=""32.594"" data-longitude=""-83.6553"">
        <div class=""store-details__main-distance""></div>
        <a class=""store-details__main-directions"" href=""javascript:void(0);"" target=""_blank""></a>
    </div>",(478) 273-0211
"<img class=""store-details__map-image"" src=""https://maps.googleapis.com/maps/api/staticmap?center=Dollar+General%2C702+Elberta+Rd%2CWarner+Robins+GA+31093&amp;zoom=15&amp;size=730x600&amp;markers=icon%3Ahttps%3A%2F%2Fwww.dollargeneral.com%2Fetc.clientlibs%2Fdollargeneral%2Fclientlibs%2Fclientlib-site%2Fresources%2Fimages%2Fstatic-map-pin.png%7C32.6405%2C-83.6306&amp;key=AIzaSyDi0nb6nKeHaDJWFtAvbAIPKBrUuAc_mTY&amp;signature=ogv0JyfaxBq_3ojLLpWk5nixgpA="" alt=""Google map showing the dropped pin on Dollar General,702 Elberta Rd,Warner Robins GA 31093"">",702 Elberta Rd,"Warner Robins, GA 31093","<div class=""store-details__main-travel"" data-latitude=""32.6405"" data-longitude=""-83.6306"">
        <div class=""store-details__main-distance""></div>
        <a class=""store-details__main-directions"" href=""javascript:void(0);"" target=""_blank""></a>
    </div>",(478) 322-2539
"<img class=""store-details__map-image"" src=""https://maps.googleapis.com/maps/api/staticmap?center=Dollar+General%2C106+Feagin+Mill+Rd%2CWarner+Robins+GA+31088-7741&amp;zoom=15&amp;size=730x600&amp;markers=icon%3Ahttps%3A%2F%2Fwww.dollargeneral.com%2Fetc.clientlibs%2Fdollargeneral%2Fclientlibs%2Fclientlib-site%2Fresources%2Fimages%2Fstatic-map-pin.png%7C32.5751%2C-83.6245&amp;key=AIzaSyDi0nb6nKeHaDJWFtAvbAIPKBrUuAc_mTY&amp;signature=Puw9-57Q0l5fdWdCltTXn3Ykc9M="" alt=""Google map showing the dropped pin on Dollar General,106 Feagin Mill Rd,Warner Robins GA 31088-7741"">",106 Feagin Mill Rd,"Warner Robins, GA 31088-7741","<div class=""store-details__main-travel"" data-latitude=""32.5751"" data-longitude=""-83.6245"">
        <div class=""store-details__main-distance""></div>
        <a class=""store-details__main-directions"" href=""javascript:void(0);"" target=""_blank""></a>
    </div>",(478) 273-0197
"<img class=""store-details__map-image"" src=""https://maps.googleapis.com/maps/api/staticmap?center=Dollar+General%2C620+Quaker+Rd%2CWarrenton+GA+30828-4215&amp;zoom=15&amp;size=730x600&amp;markers=icon%3Ahttps%3A%2F%2Fwww.dollargeneral.com%2Fetc.clientlibs%2Fdollargeneral%2Fclientlibs%2Fclientlib-site%2Fresources%2Fimages%2Fstatic-map-pin.png%7C33.3991%2C-82.6541&amp;key=AIzaSyDi0nb6nKeHaDJWFtAvbAIPKBrUuAc_mTY&amp;signature=jLpbEOkc9IdFMpVObnw2M9Kir_s="" alt=""Google map showing the dropped pin on Dollar General,620 Quaker Rd,Warrenton GA 30828-4215"">",620 Quaker Rd,"Warrenton, GA 30828-4215","<div class=""store-details__main-travel"" data-latitude=""33.3991"" data-longitude=""-82.6541"" style=""display: none;"">
        <div class=""store-details__main-distance""></div>
        <a class=""store-details__main-directions"" href=""javascript:void(0);"" target=""_blank""></a>
    </div>",(706) 445-1187
"<img class=""store-details__map-image"" src=""https://maps.googleapis.com/maps/api/staticmap?center=Dollar+General%2C5837+Georgia+Hwy+300%2CWarwick+GA+31796-0120&amp;zoom=15&amp;size=730x600&amp;markers=icon%3Ahttps%3A%2F%2Fwww.dollargeneral.com%2Fetc.clientlibs%2Fdollargeneral%2Fclientlibs%2Fclientlib-site%2Fresources%2Fimages%2Fstatic-map-pin.png%7C31.838675%2C-83.924155&amp;key=AIzaSyDi0nb6nKeHaDJWFtAvbAIPKBrUuAc_mTY&amp;signature=HLpoLsiLp35wR6vWzcKJilyBUCg="" alt=""Google map showing the dropped pin on Dollar General,5837 Georgia Hwy 300,Warwick GA 31796-0120"">",5837 Georgia Hwy 300,"Warwick, GA 31796-0120","<div class=""store-details__main-travel"" data-latitude=""31.838675"" data-longitude=""-83.924155"" style=""display: none;"">
        <div class=""store-details__main-distance""></div>
        <a class=""store-details__main-directions"" href=""javascript:void(0);"" target=""_blank""></a>
    </div>",(478) 200-3914
"<img class=""store-details__map-image"" src=""https://maps.googleapis.com/maps/api/staticmap?center=Dollar+General%2C903+E+Robert+Toombs+Ave%2CWashington+GA+30673-2054&amp;zoom=15&amp;size=730x600&amp;markers=icon%3Ahttps%3A%2F%2Fwww.dollargeneral.com%2Fetc.clientlibs%2Fdollargeneral%2Fclientlibs%2Fclientlib-site%2Fresources%2Fimages%2Fstatic-map-pin.png%7C33.7295%2C-82.7199&amp;key=AIzaSyDi0nb6nKeHaDJWFtAvbAIPKBrUuAc_mTY&amp;signature=61jXpJHBtwYUgqIRYB3AYodjMU4="" alt=""Google map showing the dropped pin on Dollar General,903 E Robert Toombs Ave,Washington GA 30673-2054"">",903 E Robert Toombs Ave,"Washington, GA 30673-2054","<div class=""store-details__main-travel"" data-latitude=""33.7295"" data-longitude=""-82.7199"">
        <div class=""store-details__main-distance""></div>
        <a class=""store-details__main-directions"" href=""javascript:void(0);"" target=""_blank""></a>
    </div>",(706) 510-6450
"<img class=""store-details__map-image"" src=""https://maps.googleapis.com/maps/api/staticmap?center=Dollar+General%2C110+N+Mercer+St%2CWashington+GA+30673-1677&amp;zoom=15&amp;size=730x600&amp;markers=icon%3Ahttps%3A%2F%2Fwww.dollargeneral.com%2Fetc.clientlibs%2Fdollargeneral%2Fclientlibs%2Fclientlib-site%2Fresources%2Fimages%2Fstatic-map-pin.png%7C33.73714%2C-82.74921&amp;key=AIzaSyDi0nb6nKeHaDJWFtAvbAIPKBrUuAc_mTY&amp;signature=mGkvHMmaJ4GlV2edt25WRThsd90="" alt=""Google map showing the dropped pin on Dollar General,110 N Mercer St,Washington GA 30673-1677"">",110 N Mercer St,"Washington, GA 30673-1677","<div class=""store-details__main-travel"" data-latitude=""33.73714"" data-longitude=""-82.74921"">
        <div class=""store-details__main-distance""></div>
        <a class=""store-details__main-directions"" href=""javascript:void(0);"" target=""_blank""></a>
    </div>",(762) 250-5912
"<img class=""store-details__map-image"" src=""https://maps.googleapis.com/maps/api/staticmap?center=Dollar+General%2C24298+Us+Hwy+17%2CWaverly+GA+31565-1904&amp;zoom=15&amp;size=730x600&amp;markers=icon%3Ahttps%3A%2F%2Fwww.dollargeneral.com%2Fetc.clientlibs%2Fdollargeneral%2Fclientlibs%2Fclientlib-site%2Fresources%2Fimages%2Fstatic-map-pin.png%7C31.0945%2C-81.7253&amp;key=AIzaSyDi0nb6nKeHaDJWFtAvbAIPKBrUuAc_mTY&amp;signature=YQj9bv-EPKECC3eo9IgXHEnAexM="" alt=""Google map showing the dropped pin on Dollar General,24298 Us Hwy 17,Waverly GA 31565-1904"">",24298 Us Hwy 17,"Waverly, GA 31565-1904","<div class=""store-details__main-travel"" data-latitude=""31.0945"" data-longitude=""-81.7253"">
        <div class=""store-details__main-distance""></div>
        <a class=""store-details__main-directions"" href=""javascript:void(0);"" target=""_blank""></a>
    </div>",(912) 217-5266
"<img class=""store-details__map-image"" src=""https://maps.googleapis.com/maps/api/staticmap?center=Dollar+General%2C9+Waverly+Cir%2CWaverly+Hall+GA+31831-3537&amp;zoom=15&amp;size=730x600&amp;markers=icon%3Ahttps%3A%2F%2Fwww.dollargeneral.com%2Fetc.clientlibs%2Fdollargeneral%2Fclientlibs%2Fclientlib-site%2Fresources%2Fimages%2Fstatic-map-pin.png%7C32.686896%2C-84.733688&amp;key=AIzaSyDi0nb6nKeHaDJWFtAvbAIPKBrUuAc_mTY&amp;signature=dgOCbwy8hkHR1poTuEYn-UN385k="" alt=""Google map showing the dropped pin on Dollar General,9 Waverly Cir,Waverly Hall GA 31831-3537"">",9 Waverly Cir,"Waverly Hall, GA 31831-3537","<div class=""store-details__main-travel"" data-latitude=""32.686896"" data-longitude=""-84.733688"" style=""display: none;"">
        <div class=""store-details__main-distance""></div>
        <a class=""store-details__main-directions"" href=""javascript:void(0);"" target=""_blank""></a>
    </div>",(470) 497-3776
"<img class=""store-details__map-image"" src=""https://maps.googleapis.com/maps/api/staticmap?center=Dollar+General%2C3505+Lovett+Rd%2CWaycross+GA+31503-0790&amp;zoom=15&amp;size=730x600&amp;markers=icon%3Ahttps%3A%2F%2Fwww.dollargeneral.com%2Fetc.clientlibs%2Fdollargeneral%2Fclientlibs%2Fclientlib-site%2Fresources%2Fimages%2Fstatic-map-pin.png%7C31.256091%2C-82.472287&amp;key=AIzaSyDi0nb6nKeHaDJWFtAvbAIPKBrUuAc_mTY&amp;signature=BAY6gNJ7t2g_LIIxHvXBYS5bcjU="" alt=""Google map showing the dropped pin on Dollar General,3505 Lovett Rd,Waycross GA 31503-0790"">",3505 Lovett Rd,"Waycross, GA 31503-0790","<div class=""store-details__main-travel"" data-latitude=""31.256091"" data-longitude=""-82.472287"">
        <div class=""store-details__main-distance""></div>
        <a class=""store-details__main-directions"" href=""javascript:void(0);"" target=""_blank""></a>
    </div>",(912) 387-4136
"<img class=""store-details__map-image"" src=""https://maps.googleapis.com/maps/api/staticmap?center=Dollar+General%2C1005+Tebeau+St%2CWaycross+GA+31501-5358&amp;zoom=15&amp;size=730x600&amp;markers=icon%3Ahttps%3A%2F%2Fwww.dollargeneral.com%2Fetc.clientlibs%2Fdollargeneral%2Fclientlibs%2Fclientlib-site%2Fresources%2Fimages%2Fstatic-map-pin.png%7C31.219438%2C-82.358379&amp;key=AIzaSyDi0nb6nKeHaDJWFtAvbAIPKBrUuAc_mTY&amp;signature=YjE3zXM0jlQOjJ0k7Sdvh0Db09E="" alt=""Google map showing the dropped pin on Dollar General,1005 Tebeau St,Waycross GA 31501-5358"">",1005 Tebeau St,"Waycross, GA 31501-5358","<div class=""store-details__main-travel"" data-latitude=""31.219438"" data-longitude=""-82.358379"">
        <div class=""store-details__main-distance""></div>
        <a class=""store-details__main-directions"" href=""javascript:void(0);"" target=""_blank""></a>
    </div>",(912) 387-4115
"<img class=""store-details__map-image"" src=""https://maps.googleapis.com/maps/api/staticmap?center=Dollar+General%2C1803+Knight+Ave+Ste+J%2CWaycross+GA+31501-8018&amp;zoom=15&amp;size=730x600&amp;markers=icon%3Ahttps%3A%2F%2Fwww.dollargeneral.com%2Fetc.clientlibs%2Fdollargeneral%2Fclientlibs%2Fclientlib-site%2Fresources%2Fimages%2Fstatic-map-pin.png%7C31.208209%2C-82.331857&amp;key=AIzaSyDi0nb6nKeHaDJWFtAvbAIPKBrUuAc_mTY&amp;signature=D8CHzFoqhL5H6cnzGJlt5Uew8y0="" alt=""Google map showing the dropped pin on Dollar General,1803 Knight Ave Ste J,Waycross GA 31501-8018"">",1803 Knight Ave Ste J,"Waycross, GA 31501-8018","<div class=""store-details__main-travel"" data-latitude=""31.208209"" data-longitude=""-82.331857"">
        <div class=""store-details__main-distance""></div>
        <a class=""store-details__main-directions"" href=""javascript:void(0);"" target=""_blank""></a>
    </div>",(912) 387-4145
"<img class=""store-details__map-image"" src=""https://maps.googleapis.com/maps/api/staticmap?center=Dollar+General%2C1902+S+Georgia+Pkwy+W%2CWaycross+GA+31503-0149&amp;zoom=15&amp;size=730x600&amp;markers=icon%3Ahttps%3A%2F%2Fwww.dollargeneral.com%2Fetc.clientlibs%2Fdollargeneral%2Fclientlibs%2Fclientlib-site%2Fresources%2Fimages%2Fstatic-map-pin.png%7C31.209632%2C-82.386411&amp;key=AIzaSyDi0nb6nKeHaDJWFtAvbAIPKBrUuAc_mTY&amp;signature=uLB7vjTRP7xhgomkoT6W7nY3JkI="" alt=""Google map showing the dropped pin on Dollar General,1902 S Georgia Pkwy W,Waycross GA 31503-0149"">",1902 S Georgia Pkwy W,"Waycross, GA 31503-0149","<div class=""store-details__main-travel"" data-latitude=""31.209632"" data-longitude=""-82.386411"" style=""display: none;"">
        <div class=""store-details__main-distance""></div>
        <a class=""store-details__main-directions"" href=""javascript:void(0);"" target=""_blank""></a>
    </div>",(912) 387-4186
"<img class=""store-details__map-image"" src=""https://maps.googleapis.com/maps/api/staticmap?center=Dollar+General%2C6512+Alma+Hwy%2CWaycross+GA+31503-4275&amp;zoom=15&amp;size=730x600&amp;markers=icon%3Ahttps%3A%2F%2Fwww.dollargeneral.com%2Fetc.clientlibs%2Fdollargeneral%2Fclientlibs%2Fclientlib-site%2Fresources%2Fimages%2Fstatic-map-pin.png%7C31.3398%2C-82.4637&amp;key=AIzaSyDi0nb6nKeHaDJWFtAvbAIPKBrUuAc_mTY&amp;signature=7JsIjGRzEchbnGNCiMMV6f72UQU="" alt=""Google map showing the dropped pin on Dollar General,6512 Alma Hwy,Waycross GA 31503-4275"">",6512 Alma Hwy,"Waycross, GA 31503-4275","<div class=""store-details__main-travel"" data-latitude=""31.3398"" data-longitude=""-82.4637"">
        <div class=""store-details__main-distance""></div>
        <a class=""store-details__main-directions"" href=""javascript:void(0);"" target=""_blank""></a>
    </div>",(912) 809-3120
"<img class=""store-details__map-image"" src=""https://maps.googleapis.com/maps/api/staticmap?center=Dollar+General%2C406+S+Georgia+Pkwy+E%2CWaycross+GA+31501-3006&amp;zoom=15&amp;size=730x600&amp;markers=icon%3Ahttps%3A%2F%2Fwww.dollargeneral.com%2Fetc.clientlibs%2Fdollargeneral%2Fclientlibs%2Fclientlib-site%2Fresources%2Fimages%2Fstatic-map-pin.png%7C31.20635%2C-82.35578&amp;key=AIzaSyDi0nb6nKeHaDJWFtAvbAIPKBrUuAc_mTY&amp;signature=mRHIgwZ2cttCUEM6A9o-Bz0G7qg="" alt=""Google map showing the dropped pin on Dollar General,406 S Georgia Pkwy E,Waycross GA 31501-3006"">",406 S Georgia Pkwy E,"Waycross, GA 31501-3006","<div class=""store-details__main-travel"" data-latitude=""31.20635"" data-longitude=""-82.35578"">
        <div class=""store-details__main-distance""></div>
        <a class=""store-details__main-directions"" href=""javascript:void(0);"" target=""_blank""></a>
    </div>",(912) 514-0082
"<img class=""store-details__map-image"" src=""https://maps.googleapis.com/maps/api/staticmap?center=Dollar+General%2C2999+State+St%2CWaycross+GA+31503-4579&amp;zoom=15&amp;size=730x600&amp;markers=icon%3Ahttps%3A%2F%2Fwww.dollargeneral.com%2Fetc.clientlibs%2Fdollargeneral%2Fclientlibs%2Fclientlib-site%2Fresources%2Fimages%2Fstatic-map-pin.png%7C31.2481%2C-82.3752&amp;key=AIzaSyDi0nb6nKeHaDJWFtAvbAIPKBrUuAc_mTY&amp;signature=vHngJKIvCn2Jw8pNu8di83vXUHA="" alt=""Google map showing the dropped pin on Dollar General,2999 State St,Waycross GA 31503-4579"">",2999 State St,"Waycross, GA 31503-4579","<div class=""store-details__main-travel"" data-latitude=""31.2481"" data-longitude=""-82.3752"">
        <div class=""store-details__main-distance""></div>
        <a class=""store-details__main-directions"" href=""javascript:void(0);"" target=""_blank""></a>
    </div>",(912) 387-4140
"<img class=""store-details__map-image"" src=""https://maps.googleapis.com/maps/api/staticmap?center=Dollar+General%2C509+W+6th+St%2CWaynesboro+GA+30830-1469&amp;zoom=15&amp;size=730x600&amp;markers=icon%3Ahttps%3A%2F%2Fwww.dollargeneral.com%2Fetc.clientlibs%2Fdollargeneral%2Fclientlibs%2Fclientlib-site%2Fresources%2Fimages%2Fstatic-map-pin.png%7C33.0875%2C-82.0217&amp;key=AIzaSyDi0nb6nKeHaDJWFtAvbAIPKBrUuAc_mTY&amp;signature=NhXdhF2plcVQ_yslLVGHsEbVvpE="" alt=""Google map showing the dropped pin on Dollar General,509 W 6th St,Waynesboro GA 30830-1469"">",509 W 6th St,"Waynesboro, GA 30830-1469","<div class=""store-details__main-travel"" data-latitude=""33.0875"" data-longitude=""-82.0217"">
        <div class=""store-details__main-distance""></div>
        <a class=""store-details__main-directions"" href=""javascript:void(0);"" target=""_blank""></a>
    </div>",(706) 535-3315
"<img class=""store-details__map-image"" src=""https://maps.googleapis.com/maps/api/staticmap?center=Dollar+General%2C5180+Ga+Highway+23+S%2CWaynesboro+GA+30830-3130&amp;zoom=15&amp;size=730x600&amp;markers=icon%3Ahttps%3A%2F%2Fwww.dollargeneral.com%2Fetc.clientlibs%2Fdollargeneral%2Fclientlibs%2Fclientlib-site%2Fresources%2Fimages%2Fstatic-map-pin.png%7C33.1135%2C-81.8543&amp;key=AIzaSyDi0nb6nKeHaDJWFtAvbAIPKBrUuAc_mTY&amp;signature=QNXFx7Mx6JvWSOIv2RmhO-wjs_I="" alt=""Google map showing the dropped pin on Dollar General,5180 Ga Highway 23 S,Waynesboro GA 30830-3130"">",5180 Ga Highway 23 S,"Waynesboro, GA 30830-3130","<div class=""store-details__main-travel"" data-latitude=""33.1135"" data-longitude=""-81.8543"" style=""display: none;"">
        <div class=""store-details__main-distance""></div>
        <a class=""store-details__main-directions"" href=""javascript:void(0);"" target=""_blank""></a>
    </div>",(762) 225-0011
"<img class=""store-details__map-image"" src=""https://maps.googleapis.com/maps/api/staticmap?center=Dollar+General%2C15140+Post+Rd+N%2CWaynesville+GA+31566-4530&amp;zoom=15&amp;size=730x600&amp;markers=icon%3Ahttps%3A%2F%2Fwww.dollargeneral.com%2Fetc.clientlibs%2Fdollargeneral%2Fclientlibs%2Fclientlib-site%2Fresources%2Fimages%2Fstatic-map-pin.png%7C31.232951%2C-81.760897&amp;key=AIzaSyDi0nb6nKeHaDJWFtAvbAIPKBrUuAc_mTY&amp;signature=2Av7Vyugo4TRE2cyWeb1nMGDoqI="" alt=""Google map showing the dropped pin on Dollar General,15140 Post Rd N,Waynesville GA 31566-4530"">",15140 Post Rd N,"Waynesville, GA 31566-4530","<div class=""store-details__main-travel"" data-latitude=""31.232951"" data-longitude=""-81.760897"">
        <div class=""store-details__main-distance""></div>
        <a class=""store-details__main-directions"" href=""javascript:void(0);"" target=""_blank""></a>
    </div>",(470) 462-4039
"<img class=""store-details__map-image"" src=""https://maps.googleapis.com/maps/api/staticmap?center=Dollar+General%2C9584+Us+Highway+221+N%2CWest+Green+GA+31567-4262&amp;zoom=15&amp;size=730x600&amp;markers=icon%3Ahttps%3A%2F%2Fwww.dollargeneral.com%2Fetc.clientlibs%2Fdollargeneral%2Fclientlibs%2Fclientlib-site%2Fresources%2Fimages%2Fstatic-map-pin.png%7C31.610592%2C-82.734503&amp;key=AIzaSyDi0nb6nKeHaDJWFtAvbAIPKBrUuAc_mTY&amp;signature=EHx3w9KjMceSgI_O6z5CCrwb9nk="" alt=""Google map showing the dropped pin on Dollar General,9584 Us Highway 221 N,West Green GA 31567-4262"">",9584 Us Highway 221 N,"West Green, GA 31567-4262","<div class=""store-details__main-travel"" data-latitude=""31.610592"" data-longitude=""-82.734503"">
        <div class=""store-details__main-distance""></div>
        <a class=""store-details__main-directions"" href=""javascript:void(0);"" target=""_blank""></a>
    </div>",(912) 333-9157
"<img class=""store-details__map-image"" src=""https://maps.googleapis.com/maps/api/staticmap?center=Dollar+General%2C15976+Georgia+Hwy+219%2CWest+Point+GA+31833&amp;zoom=15&amp;size=730x600&amp;markers=icon%3Ahttps%3A%2F%2Fwww.dollargeneral.com%2Fetc.clientlibs%2Fdollargeneral%2Fclientlibs%2Fclientlib-site%2Fresources%2Fimages%2Fstatic-map-pin.png%7C32.8147%2C-85.0255&amp;key=AIzaSyDi0nb6nKeHaDJWFtAvbAIPKBrUuAc_mTY&amp;signature=9xVZ1_Excc6YPw3rbaZxitI9cMo="" alt=""Google map showing the dropped pin on Dollar General,15976 Georgia Hwy 219,West Point GA 31833"">",15976 Georgia Hwy 219,"West Point, GA 31833","<div class=""store-details__main-travel"" data-latitude=""32.8147"" data-longitude=""-85.0255"">
        <div class=""store-details__main-distance""></div>
        <a class=""store-details__main-directions"" href=""javascript:void(0);"" target=""_blank""></a>
    </div>",(762) 441-0520
"<img class=""store-details__map-image"" src=""https://maps.googleapis.com/maps/api/staticmap?center=Dollar+General%2C209+E+10th+St%2CWest+Point+GA+31833-1633&amp;zoom=15&amp;size=730x600&amp;markers=icon%3Ahttps%3A%2F%2Fwww.dollargeneral.com%2Fetc.clientlibs%2Fdollargeneral%2Fclientlibs%2Fclientlib-site%2Fresources%2Fimages%2Fstatic-map-pin.png%7C32.87859%2C-85.177573&amp;key=AIzaSyDi0nb6nKeHaDJWFtAvbAIPKBrUuAc_mTY&amp;signature=mMbA759cz0243jttfHPvhCOINeE="" alt=""Google map showing the dropped pin on Dollar General,209 E 10th St,West Point GA 31833-1633"">",209 E 10th St,"West Point, GA 31833-1633","<div class=""store-details__main-travel"" data-latitude=""32.87859"" data-longitude=""-85.177573"" style=""display: none;"">
        <div class=""store-details__main-distance""></div>
        <a class=""store-details__main-directions"" href=""javascript:void(0);"" target=""_blank""></a>
    </div>",(762) 323-1045
"<img class=""store-details__map-image"" src=""https://maps.googleapis.com/maps/api/staticmap?center=Dollar+General%2C135+E+Broad+Ave%2CWhigham+GA+39897-2955&amp;zoom=15&amp;size=730x600&amp;markers=icon%3Ahttps%3A%2F%2Fwww.dollargeneral.com%2Fetc.clientlibs%2Fdollargeneral%2Fclientlibs%2Fclientlib-site%2Fresources%2Fimages%2Fstatic-map-pin.png%7C30.882894%2C-84.322754&amp;key=AIzaSyDi0nb6nKeHaDJWFtAvbAIPKBrUuAc_mTY&amp;signature=JnSqcLAYK-h9WIIiJ3dktNhDyQI="" alt=""Google map showing the dropped pin on Dollar General,135 E Broad Ave,Whigham GA 39897-2955"">",135 E Broad Ave,"Whigham, GA 39897-2955","<div class=""store-details__main-travel"" data-latitude=""30.882894"" data-longitude=""-84.322754"">
        <div class=""store-details__main-distance""></div>
        <a class=""store-details__main-directions"" href=""javascript:void(0);"" target=""_blank""></a>
    </div>",(478) 219-5592
"<img class=""store-details__map-image"" src=""https://maps.googleapis.com/maps/api/staticmap?center=Dollar+General%2C2951+Upper+Sweetwater+Tr+Se%2CWhite+GA+30184-3401&amp;zoom=15&amp;size=730x600&amp;markers=icon%3Ahttps%3A%2F%2Fwww.dollargeneral.com%2Fetc.clientlibs%2Fdollargeneral%2Fclientlibs%2Fclientlib-site%2Fresources%2Fimages%2Fstatic-map-pin.png%7C34.22256%2C-84.61874&amp;key=AIzaSyDi0nb6nKeHaDJWFtAvbAIPKBrUuAc_mTY&amp;signature=sRqX0Hx3vAyeAV3U3gpy70fXmwY="" alt=""Google map showing the dropped pin on Dollar General,2951 Upper Sweetwater Tr Se,White GA 30184-3401"">",2951 Upper Sweetwater Tr Se,"White, GA 30184-3401","<div class=""store-details__main-travel"" data-latitude=""34.22256"" data-longitude=""-84.61874"">
        <div class=""store-details__main-distance""></div>
        <a class=""store-details__main-directions"" href=""javascript:void(0);"" target=""_blank""></a>
    </div>",(470) 227-1792
"<img class=""store-details__map-image"" src=""https://maps.googleapis.com/maps/api/staticmap?center=Dollar+General%2C3201+Hwy+411%2CWhite+GA+30184-2747&amp;zoom=15&amp;size=730x600&amp;markers=icon%3Ahttps%3A%2F%2Fwww.dollargeneral.com%2Fetc.clientlibs%2Fdollargeneral%2Fclientlibs%2Fclientlib-site%2Fresources%2Fimages%2Fstatic-map-pin.png%7C34.2739%2C-84.7483&amp;key=AIzaSyDi0nb6nKeHaDJWFtAvbAIPKBrUuAc_mTY&amp;signature=rHBxk2Lfiurs4LnJgz0p2RBHVjk="" alt=""Google map showing the dropped pin on Dollar General,3201 Hwy 411,White GA 30184-2747"">",3201 Hwy 411,"White, GA 30184-2747","<div class=""store-details__main-travel"" data-latitude=""34.2739"" data-longitude=""-84.7483"">
        <div class=""store-details__main-distance""></div>
        <a class=""store-details__main-directions"" href=""javascript:void(0);"" target=""_blank""></a>
    </div>",(470) 490-9155
"<img class=""store-details__map-image"" src=""https://maps.googleapis.com/maps/api/staticmap?center=Dollar+General%2C45+W+Highway+5%2CWhitesburg+GA+30185&amp;zoom=15&amp;size=730x600&amp;markers=icon%3Ahttps%3A%2F%2Fwww.dollargeneral.com%2Fetc.clientlibs%2Fdollargeneral%2Fclientlibs%2Fclientlib-site%2Fresources%2Fimages%2Fstatic-map-pin.png%7C33.4905%2C-84.9134&amp;key=AIzaSyDi0nb6nKeHaDJWFtAvbAIPKBrUuAc_mTY&amp;signature=gHbytLm5PPvJ-M9ojVO_J09ixbk="" alt=""Google map showing the dropped pin on Dollar General,45 W Highway 5,Whitesburg GA 30185"">",45 W Highway 5,"Whitesburg, GA 30185","<div class=""store-details__main-travel"" data-latitude=""33.4905"" data-longitude=""-84.9134"" style=""display: none;"">
        <div class=""store-details__main-distance""></div>
        <a class=""store-details__main-directions"" href=""javascript:void(0);"" target=""_blank""></a>
    </div>",(470) 868-3590
"<img class=""store-details__map-image"" src=""https://maps.googleapis.com/maps/api/staticmap?center=Dollar+General%2C362+Highway+299%2CWildwood+GA+30757-4033&amp;zoom=15&amp;size=730x600&amp;markers=icon%3Ahttps%3A%2F%2Fwww.dollargeneral.com%2Fetc.clientlibs%2Fdollargeneral%2Fclientlibs%2Fclientlib-site%2Fresources%2Fimages%2Fstatic-map-pin.png%7C34.978194%2C-85.408978&amp;key=AIzaSyDi0nb6nKeHaDJWFtAvbAIPKBrUuAc_mTY&amp;signature=fPyMg82sylsg1HVowqJvEkmdk-I="" alt=""Google map showing the dropped pin on Dollar General,362 Highway 299,Wildwood GA 30757-4033"">",362 Highway 299,"Wildwood, GA 30757-4033","<div class=""store-details__main-travel"" data-latitude=""34.978194"" data-longitude=""-85.408978"">
        <div class=""store-details__main-distance""></div>
        <a class=""store-details__main-directions"" href=""javascript:void(0);"" target=""_blank""></a>
    </div>",(706) 450-0055
"<img class=""store-details__map-image"" src=""https://maps.googleapis.com/maps/api/staticmap?center=Dollar+General%2C11+Main+St%2CWillacoochee+GA+31650-2432&amp;zoom=15&amp;size=730x600&amp;markers=icon%3Ahttps%3A%2F%2Fwww.dollargeneral.com%2Fetc.clientlibs%2Fdollargeneral%2Fclientlibs%2Fclientlib-site%2Fresources%2Fimages%2Fstatic-map-pin.png%7C31.3408%2C-83.0463&amp;key=AIzaSyDi0nb6nKeHaDJWFtAvbAIPKBrUuAc_mTY&amp;signature=oKR81AZNIMJu9Rw7RWB-7KPukDQ="" alt=""Google map showing the dropped pin on Dollar General,11 Main St,Willacoochee GA 31650-2432"">",11 Main St,"Willacoochee, GA 31650-2432","<div class=""store-details__main-travel"" data-latitude=""31.3388"" data-longitude=""-83.042367"">
        <div class=""store-details__main-distance""></div>
        <a class=""store-details__main-directions"" href=""javascript:void(0);"" target=""_blank""></a>
    </div>",(912) 387-4601
"<img class=""store-details__map-image"" src=""https://maps.googleapis.com/maps/api/staticmap?center=Dollar+General%2C823+Hwy+362%2CWilliamson+GA+30292-3301&amp;zoom=15&amp;size=730x600&amp;markers=icon%3Ahttps%3A%2F%2Fwww.dollargeneral.com%2Fetc.clientlibs%2Fdollargeneral%2Fclientlibs%2Fclientlib-site%2Fresources%2Fimages%2Fstatic-map-pin.png%7C33.1815%2C-84.3623&amp;key=AIzaSyDi0nb6nKeHaDJWFtAvbAIPKBrUuAc_mTY&amp;signature=WqcM6zjkhP6rECqSU2DCZ_dCpPQ="" alt=""Google map showing the dropped pin on Dollar General,823 Hwy 362,Williamson GA 30292-3301"">",823 Hwy 362,"Williamson, GA 30292-3301","<div class=""store-details__main-travel"" data-latitude=""33.1815"" data-longitude=""-84.3623"" style=""display: none;"">
        <div class=""store-details__main-distance""></div>
        <a class=""store-details__main-directions"" href=""javascript:void(0);"" target=""_blank""></a>
    </div>",(470) 402-2050
"<img class=""store-details__map-image"" src=""https://maps.googleapis.com/maps/api/staticmap?center=Dollar+General%2C859+Mckinley+Rd%2CWilliamson+GA+30292&amp;zoom=15&amp;size=730x600&amp;markers=icon%3Ahttps%3A%2F%2Fwww.dollargeneral.com%2Fetc.clientlibs%2Fdollargeneral%2Fclientlibs%2Fclientlib-site%2Fresources%2Fimages%2Fstatic-map-pin.png%7C33.1236%2C-84.330212&amp;key=AIzaSyDi0nb6nKeHaDJWFtAvbAIPKBrUuAc_mTY&amp;signature=NYdrdAfXsd0UkUzlDqXLdZR67oY="" alt=""Google map showing the dropped pin on Dollar General,859 Mckinley Rd,Williamson GA 30292"">",859 Mckinley Rd,"Williamson, GA 30292","<div class=""store-details__main-travel"" data-latitude=""33.1236"" data-longitude=""-84.330212"">
        <div class=""store-details__main-distance""></div>
        <a class=""store-details__main-directions"" href=""javascript:void(0);"" target=""_blank""></a>
    </div>",(470) 745-0760
"<img class=""store-details__map-image"" src=""https://maps.googleapis.com/maps/api/staticmap?center=Dollar+General%2C1860+Highway+211+Ne%2CWinder+GA+30680-3338&amp;zoom=15&amp;size=730x600&amp;markers=icon%3Ahttps%3A%2F%2Fwww.dollargeneral.com%2Fetc.clientlibs%2Fdollargeneral%2Fclientlibs%2Fclientlib-site%2Fresources%2Fimages%2Fstatic-map-pin.png%7C34.0037%2C-83.5891&amp;key=AIzaSyDi0nb6nKeHaDJWFtAvbAIPKBrUuAc_mTY&amp;signature=jVPB0kVaiVbHRJNcteEqX_dgFoQ="" alt=""Google map showing the dropped pin on Dollar General,1860 Highway 211 Ne,Winder GA 30680-3338"">",1860 Highway 211 Ne,"Winder, GA 30680-3338","<div class=""store-details__main-travel"" data-latitude=""34.0037"" data-longitude=""-83.5891"">
        <div class=""store-details__main-distance""></div>
        <a class=""store-details__main-directions"" href=""javascript:void(0);"" target=""_blank""></a>
    </div>",(470) 398-1785
"<img class=""store-details__map-image"" src=""https://maps.googleapis.com/maps/api/staticmap?center=Dollar+General%2C658+Jefferson+Hwy%2CWinder+GA+30680-3641&amp;zoom=15&amp;size=730x600&amp;markers=icon%3Ahttps%3A%2F%2Fwww.dollargeneral.com%2Fetc.clientlibs%2Fdollargeneral%2Fclientlibs%2Fclientlib-site%2Fresources%2Fimages%2Fstatic-map-pin.png%7C34.01847%2C-83.68886&amp;key=AIzaSyDi0nb6nKeHaDJWFtAvbAIPKBrUuAc_mTY&amp;signature=lxqZ12iP7bInqgufF_4EkQZ534k="" alt=""Google map showing the dropped pin on Dollar General,658 Jefferson Hwy,Winder GA 30680-3641"">",658 Jefferson Hwy,"Winder, GA 30680-3641","<div class=""store-details__main-travel"" data-latitude=""34.01847"" data-longitude=""-83.68886"">
        <div class=""store-details__main-distance""></div>
        <a class=""store-details__main-directions"" href=""javascript:void(0);"" target=""_blank""></a>
    </div>",(678) 745-5500
"<img class=""store-details__map-image"" src=""https://maps.googleapis.com/maps/api/staticmap?center=Dollar+General%2C155+W+Athens+St%2CWinder+GA+30680-1710&amp;zoom=15&amp;size=730x600&amp;markers=icon%3Ahttps%3A%2F%2Fwww.dollargeneral.com%2Fetc.clientlibs%2Fdollargeneral%2Fclientlibs%2Fclientlib-site%2Fresources%2Fimages%2Fstatic-map-pin.png%7C33.9955%2C-83.7293&amp;key=AIzaSyDi0nb6nKeHaDJWFtAvbAIPKBrUuAc_mTY&amp;signature=3HR0MXAUb3KS0kR5qappwpJBRx4="" alt=""Google map showing the dropped pin on Dollar General,155 W Athens St,Winder GA 30680-1710"">",155 W Athens St,"Winder, GA 30680-1710","<div class=""store-details__main-travel"" data-latitude=""33.9955"" data-longitude=""-83.7293"" style=""display: none;"">
        <div class=""store-details__main-distance""></div>
        <a class=""store-details__main-directions"" href=""javascript:void(0);"" target=""_blank""></a>
    </div>",(470) 499-2770
"<img class=""store-details__map-image"" src=""https://maps.googleapis.com/maps/api/staticmap?center=Dollar+General%2C648+Rockwell+Church+Rd+Nw%2CWinder+GA+30680-2834&amp;zoom=15&amp;size=730x600&amp;markers=icon%3Ahttps%3A%2F%2Fwww.dollargeneral.com%2Fetc.clientlibs%2Fdollargeneral%2Fclientlibs%2Fclientlib-site%2Fresources%2Fimages%2Fstatic-map-pin.png%7C34.0227%2C-83.763&amp;key=AIzaSyDi0nb6nKeHaDJWFtAvbAIPKBrUuAc_mTY&amp;signature=6Chy3-3lsLna6Xm4K0uA-jd7f34="" alt=""Google map showing the dropped pin on Dollar General,648 Rockwell Church Rd Nw,Winder GA 30680-2834"">",648 Rockwell Church Rd Nw,"Winder, GA 30680-2834","<div class=""store-details__main-travel"" data-latitude=""34.0227"" data-longitude=""-83.763"">
        <div class=""store-details__main-distance""></div>
        <a class=""store-details__main-directions"" href=""javascript:void(0);"" target=""_blank""></a>
    </div>",(470) 579-3190
"<img class=""store-details__map-image"" src=""https://maps.googleapis.com/maps/api/staticmap?center=Dollar+General%2C240+2nd+St%2CWinder+GA+30680&amp;zoom=15&amp;size=730x600&amp;markers=icon%3Ahttps%3A%2F%2Fwww.dollargeneral.com%2Fetc.clientlibs%2Fdollargeneral%2Fclientlibs%2Fclientlib-site%2Fresources%2Fimages%2Fstatic-map-pin.png%7C33.977678%2C-83.713209&amp;key=AIzaSyDi0nb6nKeHaDJWFtAvbAIPKBrUuAc_mTY&amp;signature=h5xvLllCl3vrypX79gItVWR5yQw="" alt=""Google map showing the dropped pin on Dollar General,240 2nd St,Winder GA 30680"">",240 2nd St,"Winder, GA 30680","<div class=""store-details__main-travel"" data-latitude=""33.977678"" data-longitude=""-83.713209"">
        <div class=""store-details__main-distance""></div>
        <a class=""store-details__main-directions"" href=""javascript:void(0);"" target=""_blank""></a>
    </div>",(470) 508-7560
"<img class=""store-details__map-image"" src=""https://maps.googleapis.com/maps/api/staticmap?center=Dollar+General%2C13780+Veterans+Memorial+Hwy%2CWinston+GA+30187&amp;zoom=15&amp;size=730x600&amp;markers=icon%3Ahttps%3A%2F%2Fwww.dollargeneral.com%2Fetc.clientlibs%2Fdollargeneral%2Fclientlibs%2Fclientlib-site%2Fresources%2Fimages%2Fstatic-map-pin.png%7C33.72794%2C-84.82343&amp;key=AIzaSyDi0nb6nKeHaDJWFtAvbAIPKBrUuAc_mTY&amp;signature=yg7gPffdAmLtUU0OX7Mt2jZPU8Y="" alt=""Google map showing the dropped pin on Dollar General,13780 Veterans Memorial Hwy,Winston GA 30187"">",13780 Veterans Memorial Hwy,"Winston, GA 30187","<div class=""store-details__main-travel"" data-latitude=""33.72794"" data-longitude=""-84.82343"">
        <div class=""store-details__main-distance""></div>
        <a class=""store-details__main-directions"" href=""javascript:void(0);"" target=""_blank""></a>
    </div>",(470) 632-3004
"<img class=""store-details__map-image"" src=""https://maps.googleapis.com/maps/api/staticmap?center=Dollar+General%2C335+Athens+Rd%2CWinterville+GA+30683-1542&amp;zoom=15&amp;size=730x600&amp;markers=icon%3Ahttps%3A%2F%2Fwww.dollargeneral.com%2Fetc.clientlibs%2Fdollargeneral%2Fclientlibs%2Fclientlib-site%2Fresources%2Fimages%2Fstatic-map-pin.png%7C33.9738%2C-83.2883&amp;key=AIzaSyDi0nb6nKeHaDJWFtAvbAIPKBrUuAc_mTY&amp;signature=oMLwFxrmvvXGlucfLlsxLYTIbIc="" alt=""Google map showing the dropped pin on Dollar General,335 Athens Rd,Winterville GA 30683-1542"">",335 Athens Rd,"Winterville, GA 30683-1542","<div class=""store-details__main-travel"" data-latitude=""33.9738"" data-longitude=""-83.2883"">
        <div class=""store-details__main-distance""></div>
        <a class=""store-details__main-directions"" href=""javascript:void(0);"" target=""_blank""></a>
    </div>",(762) 499-6740
"<img class=""store-details__map-image"" src=""https://maps.googleapis.com/maps/api/staticmap?center=Dollar+General%2C1000+Georgia+Ave%2CWoodbine+GA+31569-5515&amp;zoom=15&amp;size=730x600&amp;markers=icon%3Ahttps%3A%2F%2Fwww.dollargeneral.com%2Fetc.clientlibs%2Fdollargeneral%2Fclientlibs%2Fclientlib-site%2Fresources%2Fimages%2Fstatic-map-pin.png%7C30.9589%2C-81.7189&amp;key=AIzaSyDi0nb6nKeHaDJWFtAvbAIPKBrUuAc_mTY&amp;signature=blFgg-jypAXChYfWJ6gITM44NtE="" alt=""Google map showing the dropped pin on Dollar General,1000 Georgia Ave,Woodbine GA 31569-5515"">",1000 Georgia Ave,"Woodbine, GA 31569-5515","<div class=""store-details__main-travel"" data-latitude=""30.9589"" data-longitude=""-81.7189"" style=""display: none;"">
        <div class=""store-details__main-distance""></div>
        <a class=""store-details__main-directions"" href=""javascript:void(0);"" target=""_blank""></a>
    </div>",(706) 786-6355
"<img class=""store-details__map-image"" src=""https://maps.googleapis.com/maps/api/staticmap?center=Dollar+General%2C11067+Millarden+Rd%2CWoodbury+GA+30293-0575&amp;zoom=15&amp;size=730x600&amp;markers=icon%3Ahttps%3A%2F%2Fwww.dollargeneral.com%2Fetc.clientlibs%2Fdollargeneral%2Fclientlibs%2Fclientlib-site%2Fresources%2Fimages%2Fstatic-map-pin.png%7C32.986006%2C-84.574379&amp;key=AIzaSyDi0nb6nKeHaDJWFtAvbAIPKBrUuAc_mTY&amp;signature=nQivw7n3UrZvDjsAFl8XQ3clNyQ="" alt=""Google map showing the dropped pin on Dollar General,11067 Millarden Rd,Woodbury GA 30293-0575"">",11067 Millarden Rd,"Woodbury, GA 30293-0575","<div class=""store-details__main-travel"" data-latitude=""32.986006"" data-longitude=""-84.574379"">
        <div class=""store-details__main-distance""></div>
        <a class=""store-details__main-directions"" href=""javascript:void(0);"" target=""_blank""></a>
    </div>",(762) 572-3014
"<img class=""store-details__map-image"" src=""https://maps.googleapis.com/maps/api/staticmap?center=Dollar+General%2C6719+Bells+Ferry+Rd+Ste+100%2CWoodstock+GA+30189-1410&amp;zoom=15&amp;size=730x600&amp;markers=icon%3Ahttps%3A%2F%2Fwww.dollargeneral.com%2Fetc.clientlibs%2Fdollargeneral%2Fclientlibs%2Fclientlib-site%2Fresources%2Fimages%2Fstatic-map-pin.png%7C34.1401%2C-84.5875&amp;key=AIzaSyDi0nb6nKeHaDJWFtAvbAIPKBrUuAc_mTY&amp;signature=bAcN4blXelZ62tV1BuDjYQWPpRw="" alt=""Google map showing the dropped pin on Dollar General,6719 Bells Ferry Rd Ste 100,Woodstock GA 30189-1410"">",6719 Bells Ferry Rd Ste 100,"Woodstock, GA 30189-1410","<div class=""store-details__main-travel"" data-latitude=""34.1401"" data-longitude=""-84.5875"">
        <div class=""store-details__main-distance""></div>
        <a class=""store-details__main-directions"" href=""javascript:void(0);"" target=""_blank""></a>
    </div>",(470) 524-1574
"<img class=""store-details__map-image"" src=""https://maps.googleapis.com/maps/api/staticmap?center=Dollar+General%2C9740+Main+St+Ste+150%2CWoodstock+GA+30188-3940&amp;zoom=15&amp;size=730x600&amp;markers=icon%3Ahttps%3A%2F%2Fwww.dollargeneral.com%2Fetc.clientlibs%2Fdollargeneral%2Fclientlibs%2Fclientlib-site%2Fresources%2Fimages%2Fstatic-map-pin.png%7C34.0841%2C-84.5192&amp;key=AIzaSyDi0nb6nKeHaDJWFtAvbAIPKBrUuAc_mTY&amp;signature=GRQGe_DGPfS8sNeen3DI5xpny8E="" alt=""Google map showing the dropped pin on Dollar General,9740 Main St Ste 150,Woodstock GA 30188-3940"">",9740 Main St Ste 150,"Woodstock, GA 30188-3940","<div class=""store-details__main-travel"" data-latitude=""34.0841"" data-longitude=""-84.5192"">
        <div class=""store-details__main-distance""></div>
        <a class=""store-details__main-directions"" href=""javascript:void(0);"" target=""_blank""></a>
    </div>",(470) 648-1987
"<img class=""store-details__map-image"" src=""https://maps.googleapis.com/maps/api/staticmap?center=Dollar+General%2C305+S+Main+St%2CWrens+GA+30833-1333&amp;zoom=15&amp;size=730x600&amp;markers=icon%3Ahttps%3A%2F%2Fwww.dollargeneral.com%2Fetc.clientlibs%2Fdollargeneral%2Fclientlibs%2Fclientlib-site%2Fresources%2Fimages%2Fstatic-map-pin.png%7C33.20538%2C-82.3897&amp;key=AIzaSyDi0nb6nKeHaDJWFtAvbAIPKBrUuAc_mTY&amp;signature=ZfrocWVlOtZyVvey2HgSKdH4Pww="" alt=""Google map showing the dropped pin on Dollar General,305 S Main St,Wrens GA 30833-1333"">",305 S Main St,"Wrens, GA 30833-1333","<div class=""store-details__main-travel"" data-latitude=""33.20538"" data-longitude=""-82.3897"">
        <div class=""store-details__main-distance""></div>
        <a class=""store-details__main-directions"" href=""javascript:void(0);"" target=""_blank""></a>
    </div>",(762) 245-0955
"<img class=""store-details__map-image"" src=""https://maps.googleapis.com/maps/api/staticmap?center=Dollar+General%2C609+N+Main+St%2CWrens+GA+30833&amp;zoom=15&amp;size=730x600&amp;markers=icon%3Ahttps%3A%2F%2Fwww.dollargeneral.com%2Fetc.clientlibs%2Fdollargeneral%2Fclientlibs%2Fclientlib-site%2Fresources%2Fimages%2Fstatic-map-pin.png%7C33.2172%2C-82.381&amp;key=AIzaSyDi0nb6nKeHaDJWFtAvbAIPKBrUuAc_mTY&amp;signature=Z9ggpWO3lr24W7ZXGDODx9gPUbM="" alt=""Google map showing the dropped pin on Dollar General,609 N Main St,Wrens GA 30833"">",609 N Main St,"Wrens, GA 30833","<div class=""store-details__main-travel"" data-latitude=""33.2172"" data-longitude=""-82.381"">
        <div class=""store-details__main-distance""></div>
        <a class=""store-details__main-directions"" href=""javascript:void(0);"" target=""_blank""></a>
    </div>",(762) 245-2460
"<img class=""store-details__map-image"" src=""https://maps.googleapis.com/maps/api/staticmap?center=Dollar+General%2C363+W+Tribley+St%2CWrightsville+GA+31096-1328&amp;zoom=15&amp;size=730x600&amp;markers=icon%3Ahttps%3A%2F%2Fwww.dollargeneral.com%2Fetc.clientlibs%2Fdollargeneral%2Fclientlibs%2Fclientlib-site%2Fresources%2Fimages%2Fstatic-map-pin.png%7C32.7288%2C-82.7237&amp;key=AIzaSyDi0nb6nKeHaDJWFtAvbAIPKBrUuAc_mTY&amp;signature=OVW497R_Op19QxuE1HOu5YrlHPE="" alt=""Google map showing the dropped pin on Dollar General,363 W Tribley St,Wrightsville GA 31096-1328"">",363 W Tribley St,"Wrightsville, GA 31096-1328","<div class=""store-details__main-travel"" data-latitude=""32.7288"" data-longitude=""-82.7237"">
        <div class=""store-details__main-distance""></div>
        <a class=""store-details__main-directions"" href=""javascript:void(0);"" target=""_blank""></a>
    </div>",(478) 575-5329
"<img class=""store-details__map-image"" src=""https://maps.googleapis.com/maps/api/staticmap?center=Dollar+General%2C6542+Yatesville+Hwy%2CYatesville+GA+31097-3850&amp;zoom=15&amp;size=730x600&amp;markers=icon%3Ahttps%3A%2F%2Fwww.dollargeneral.com%2Fetc.clientlibs%2Fdollargeneral%2Fclientlibs%2Fclientlib-site%2Fresources%2Fimages%2Fstatic-map-pin.png%7C32.915428%2C-84.137626&amp;key=AIzaSyDi0nb6nKeHaDJWFtAvbAIPKBrUuAc_mTY&amp;signature=m-e-cXlgfNmzAW8rQgnq82FgNP0="" alt=""Google map showing the dropped pin on Dollar General,6542 Yatesville Hwy,Yatesville GA 31097-3850"">",6542 Yatesville Hwy,"Yatesville, GA 31097-3850","<div class=""store-details__main-travel"" data-latitude=""32.915428"" data-longitude=""-84.137626"">
        <div class=""store-details__main-distance""></div>
        <a class=""store-details__main-directions"" href=""javascript:void(0);"" target=""_blank""></a>
    </div>",(478) 284-0120
"<img class=""store-details__map-image"" src=""https://maps.googleapis.com/maps/api/staticmap?center=Dollar+General%2C7123+U+S+Highway+76%2CYoung+Harris+GA+30582-4305&amp;zoom=15&amp;size=730x600&amp;markers=icon%3Ahttps%3A%2F%2Fwww.dollargeneral.com%2Fetc.clientlibs%2Fdollargeneral%2Fclientlibs%2Fclientlib-site%2Fresources%2Fimages%2Fstatic-map-pin.png%7C34.926542%2C-83.851731&amp;key=AIzaSyDi0nb6nKeHaDJWFtAvbAIPKBrUuAc_mTY&amp;signature=L4rBmYkMDWGF56OnONWM-RuX1z8="" alt=""Google map showing the dropped pin on Dollar General,7123 U S Highway 76,Young Harris GA 30582-4305"">",7123 U S Highway 76,"Young Harris, GA 30582-4305","<div class=""store-details__main-travel"" data-latitude=""34.926542"" data-longitude=""-83.851731"">
        <div class=""store-details__main-distance""></div>
        <a class=""store-details__main-directions"" href=""javascript:void(0);"" target=""_blank""></a>
    </div>",(706) 981-0631
"<img class=""store-details__map-image"" src=""https://maps.googleapis.com/maps/api/staticmap?center=Dollar+General%2C3800+Us+Hwy+76+West%2CYoung+Harris+GA+30582&amp;zoom=15&amp;size=730x600&amp;markers=icon%3Ahttps%3A%2F%2Fwww.dollargeneral.com%2Fetc.clientlibs%2Fdollargeneral%2Fclientlibs%2Fclientlib-site%2Fresources%2Fimages%2Fstatic-map-pin.png%7C34.971%2C-83.8242&amp;key=AIzaSyDi0nb6nKeHaDJWFtAvbAIPKBrUuAc_mTY&amp;signature=MyzQHGH-3VAOyS6JKoOKAD8KhI4="" alt=""Google map showing the dropped pin on Dollar General,3800 Us Hwy 76 West,Young Harris GA 30582"">",3800 Us Hwy 76 West,"Young Harris, GA 30582","<div class=""store-details__main-travel"" data-latitude=""34.971"" data-longitude=""-83.8242"" style=""display: none;"">
        <div class=""store-details__main-distance""></div>
        <a class=""store-details__main-directions"" href=""javascript:void(0);"" target=""_blank""></a>
    </div>",(470) 632-0108
"<img class=""store-details__map-image"" src=""https://maps.googleapis.com/maps/api/staticmap?center=Dollar+General%2C7802+Highway+19+S%2CZebulon+GA+30295-6533&amp;zoom=15&amp;size=730x600&amp;markers=icon%3Ahttps%3A%2F%2Fwww.dollargeneral.com%2Fetc.clientlibs%2Fdollargeneral%2Fclientlibs%2Fclientlib-site%2Fresources%2Fimages%2Fstatic-map-pin.png%7C33.094055%2C-84.344045&amp;key=AIzaSyDi0nb6nKeHaDJWFtAvbAIPKBrUuAc_mTY&amp;signature=yQb5IEhdjU5C7etclbt7KOZIVAU="" alt=""Google map showing the dropped pin on Dollar General,7802 Highway 19 S,Zebulon GA 30295-6533"">",7802 Highway 19 S,"Zebulon, GA 30295-6533","<div class=""store-details__main-travel"" data-latitude=""33.094055"" data-longitude=""-84.344045"">
        <div class=""store-details__main-distance""></div>
        <a class=""store-details__main-directions"" href=""javascript:void(0);"" target=""_blank""></a>
    </div>",(470) 468-0050
